# Station Name: Freeport
# Station Code: FRE
# Station Latitude: 42.280000
# Station Longitude: 89.670000
# Station Altitude: 265.000000
Year	  MO	  DY	 Sta	 0-10cm 	 10-30  	 30-50  	 50-70  	 70-90  	 90-110 	 110-130	 130-150	 150-170	 170-190	 190-200
1982	   4	  15	  13	 28.21  	 61.21  	 53.20  	 50.84  	 63.20  	 72.48  	 70.75  	 70.72  	 68.81  	 67.74  	 34.74
1982	   4	  28	  13	 19.63  	 53.30  	 49.19  	 48.16  	 64.69  	 71.12  	 73.55  	 72.48  	 67.00  	 66.32  	 34.09
1982	   5	  14	  13	 25.43  	 42.47  	 44.41  	 43.45  	 59.68  	 69.29  	 73.00  	 69.51  	 65.07  	 63.80  	 33.45
1982	   5	  27	  13	 32.53  	 55.58  	 40.27  	 40.57  	 58.67  	 69.95  	 72.44  	 72.34  	 68.25  	 64.89  	 33.58
1982	   6	  14	  13	 31.99  	 55.67  	 52.32  	 44.30  	 59.32  	 68.64  	 71.55  	 70.75  	 65.10  	 65.70  	 33.68
1982	   7	   1	  13	 31.06  	 56.42  	 53.59  	 54.50  	 65.93  	 72.76  	 73.92  	 74.97  	 69.04  	 66.62  	 34.01
1982	   7	  15	  13	 24.57  	 47.47  	 50.01  	 49.51  	 60.06  	 66.47  	 72.23  	 70.96  	 65.79  	 65.19  	 33.44
1982	   7	  28	  13	 18.77  	 47.13  	 48.95  	 49.70  	 61.98  	 72.63  	 73.60  	 71.86  	 67.45  	 66.20  	 33.25
1982	   8	  12	  13	 22.61  	 52.29  	 55.45  	 55.66  	 65.04  	 74.21  	 74.39  	 73.89  	 67.16  	 67.15  	 34.80
1982	   9	   3	  13	 27.62  	 56.01  	 56.17  	 53.80  	 67.30  	 71.82  	 74.23  	 73.49  	 69.90  	 62.62  	 33.52
1982	   9	  16	  13	 25.27  	 54.11  	 52.72  	 53.75  	 65.63  	 72.78  	 72.28  	 70.71  	 64.36  	 65.30  	 32.88
1982	  10	   1	  13	 26.16  	 50.07  	 51.72  	 51.38  	 66.72  	 72.54  	 74.66  	 72.48  	 67.06  	 61.92  	 34.06
1982	  10	  28	  13	 33.65  	 54.20  	 51.67  	 51.22  	 64.07  	 70.53  	 72.38  	 70.54  	 64.57  	 63.47  	 33.76
1982	  12	   3	  13	 48.02  	 54.39  	 53.60  	 54.93  	 75.91  	 73.96  	 74.08  	 70.88  	 68.09  	 67.86  	 34.12
1982	  12	  15	  13	 37.15  	 58.53  	 52.34  	 52.46  	 65.79  	 70.37  	 73.12  	 71.22  	 67.55  	 63.46  	 33.79
1982	  12	  30	  13	 31.18  	 55.33  	 58.21  	 58.26  	 72.43  	 74.30  	 78.22  	 76.46  	 73.95  	 69.20  	 36.04
1983	   1	  28	  13	 25.93  	 61.91  	 41.28  	 43.64  	 59.94  	 69.69  	 70.96  	 70.77  	 65.53  	 64.08  	 32.69
1983	   2	  24	  13	 42.85  	 69.93  	 56.45  	 56.74  	 69.22  	 75.01  	 77.48  	 76.91  	 71.44  	 68.15  	 36.53
1983	   3	  17	  13	 31.51  	 51.58  	 50.92  	 48.77  	 66.20  	 68.03  	 72.85  	 70.10  	 68.44  	 63.91  	 32.75
1983	   3	  31	  13	 37.88  	 61.41  	 57.59  	 54.49  	 65.09  	 73.40  	 75.05  	 74.71  	 69.21  	 65.14  	 34.70
1983	   4	  14	  13	 39.83  	 59.98  	 55.64  	 53.72  	 64.57  	 73.20  	 73.83  	 72.97  	 66.26  	 67.55  	 32.92
1983	   4	  28	  13	 23.47  	 50.97  	 53.92  	 51.83  	 64.00  	 73.08  	 73.27  	 74.14  	 68.76  	 65.58  	 34.19
1983	   5	  18	  13	 38.26  	 61.77  	 53.82  	 53.68  	 67.00  	 76.00  	 76.33  	 78.71  	 69.90  	 67.49  	 35.23
1983	   6	   2	  13	 36.18  	 58.21  	 52.37  	 52.38  	 66.44  	 72.64  	 74.09  	 73.34  	 69.06  	 68.49  	 34.37
1983	   6	  15	  13	 24.13  	 39.48  	 43.64  	 46.65  	 62.20  	 69.69  	 73.30  	 70.60  	 66.40  	 63.69  	 34.21
1983	   6	  29	  13	 35.68  	 59.14  	 46.36  	 43.38  	 62.78  	 68.47  	 74.74  	 72.96  	 68.67  	 66.53  	 35.75
1983	   7	  13	  13	 14.60  	 54.44  	 54.50  	 52.45  	 68.14  	 75.94  	 79.10  	 77.18  	 70.35  	 68.27  	 36.98
1983	   7	  28	  13	 16.15  	 33.78  	 48.17  	 49.86  	 65.85  	 76.15  	 77.64  	 75.79  	 71.34  	 67.62  	 36.13
1983	   8	  17	  13	  4.82  	 22.43  	 29.78  	 37.49  	 59.03  	 70.70  	 74.90  	 73.76  	 69.21  	 65.36  	 35.33
1983	   8	  31	  13	 17.96  	 43.28  	 34.28  	 38.67  	 55.90  	 71.68  	 76.50  	 76.32  	 74.23  	 68.25  	 35.92
1983	   9	  14	  13	 20.23  	 42.85  	 36.81  	 37.30  	 56.06  	 68.63  	 76.80  	 75.26  	 70.34  	 67.57  	 33.78
1983	   9	  30	  13	 26.31  	 55.64  	 52.08  	 46.08  	 55.14  	 67.80  	 74.48  	 74.05  	 69.15  	 63.39  	 34.75
1983	  10	  27	  13	 28.18  	 55.17  	 50.58  	 44.58  	 53.14  	 62.82  	 71.95  	 71.34  	 66.68  	 62.07  	 32.73
1983	  12	   2	  13	 33.95  	 56.93  	 54.78  	 51.51  	 62.53  	 70.78  	 74.68  	 74.18  	 71.47  	 66.37  	 35.30
1984	   1	   1	  13	 18.01  	 51.29  	 47.41  	 43.11  	 55.72  	 68.29  	 69.78  	 70.70  	 65.66  	 60.27  	 33.42
1984	   2	   1	  13	 20.98  	 59.97  	 43.84  	 41.47  	 54.32  	 69.04  	 71.87  	 70.26  	 65.80  	 61.41  	 33.85
1984	   3	   1	  13	 33.01  	 49.69  	 43.22  	 44.52  	 56.76  	 64.65  	 66.48  	 64.96  	 61.79  	 57.42  	 31.22
1984	   3	  15	  13	 42.52  	 55.48  	 49.82  	 35.41  	 45.52  	 55.36  	 57.96  	 57.40  	 50.98  	 50.66  	 26.63
1984	   3	  29	  13	 35.71  	 57.21  	 49.75  	 50.30  	 59.51  	 66.49  	 72.23  	 71.95  	 66.86  	 64.38  	 33.13
1984	   4	  13	  13	 34.35  	 52.48  	 45.39  	 42.12  	 50.42  	 61.93  	 65.17  	 65.16  	 62.45  	 54.81  	 29.19
1984	   4	  27	  13	 33.76  	 59.71  	 54.32  	 53.34  	 61.86  	 73.32  	 74.40  	 73.95  	 69.48  	 63.30  	 34.89
1984	   5	  15	  13	 25.55  	 42.07  	 46.45  	 44.79  	 56.96  	 78.84  	 76.06  	 70.75  	 65.49  	 59.99  	 32.02
1984	   5	  31	  13	 28.57  	 32.95  	 33.61  	 34.69  	 34.93  	 35.18  	 35.58  	 37.19  	 36.55  	 36.18  	 17.93
1984	   6	  13	  13	 33.85 -	999.99 -	999.99 -	999.99 -	999.99 -	999.99 -	999.99 -	999.99 -	999.99 -	999.99 -	999.99
1984	   6	  21	  13	 25.58  	 64.44  	 60.49  	 66.31  	 75.42  	 78.17  	 78.61  	 76.85  	 69.71  	 72.57  	 36.28
1984	   6	  29	  13	 23.41  	 56.85  	 51.20  	 50.47  	 62.09  	 69.55  	 69.66  	 69.50  	 67.95  	 61.62  	 32.01
1984	   7	  16	  13	 18.70  	 50.90  	 56.77  	 52.97  	 60.97  	 71.07  	 70.60  	 73.30  	 69.74  	 59.63  	 29.91
1984	   7	  31	  13	 16.93  	 43.50  	 54.32  	 52.73  	 60.84  	 70.73  	 70.64  	 74.73  	 70.02  	 62.93  	 32.17
1984	   8	  15	  13	 15.63  	 47.27  	 53.19  	 49.91  	 57.69  	 69.36  	 71.81  	 72.27  	 66.76  	 61.06  	 30.87
1984	   8	  31	  13	 13.73  	 47.80  	 51.64  	 50.19  	 57.62  	 66.91  	 71.93  	 71.29  	 68.46  	 61.06  	 30.15
1984	   9	  17	  13	 13.52  	 41.21  	 44.87  	 41.92  	 54.78  	 65.27  	 66.02  	 69.84  	 65.92  	 55.21  	 27.93
1984	   9	  28	  13	 29.47  	 46.95  	 52.79  	 47.49  	 56.44  	 68.12  	 70.65  	 74.78  	 69.39  	 62.51  	 30.28
1984	  10	  24	  13	 32.53  	 69.34  	 67.30  	 65.68  	 76.89  	 82.28  	 84.87  	 85.41  	 80.34  	 74.84  	 40.55
1984	  10	  31	  13	 30.73  	 71.31  	 70.03  	 64.76  	 75.40  	 83.14  	 85.50  	 86.26  	 81.96  	 75.83  	 39.74
1984	  11	  15	  13	 27.93  	 70.06  	 65.86  	 64.25  	 75.55  	 83.41  	 96.00  	 87.50  	 82.44  	 73.61  	 39.98
1984	  11	  30	  13	 34.45  	 72.14  	 66.55  	 63.64  	 75.05  	 82.36  	 86.55  	 86.98  	 82.47  	 74.40  	 39.51
1985	   1	   2	  13	 47.20  	 67.70  	 65.66  	 65.56  	 74.77  	 81.10  	 85.49  	 85.92  	 84.10  	 74.99  	 40.23
1985	   1	  30	  13	 45.75  	 71.68  	 73.91  	 52.35  	 66.79  	 80.28  	 82.41  	 82.83  	 80.07  	 74.65  	 38.71
1985	   2	  28	  13	 45.44  	 82.90  	 83.33  	 57.55  	 68.34  	 81.93  	 86.14  	 86.14  	 81.82  	 76.86  	 39.35
1985	   3	  15	  13	 38.86  	 75.29  	 78.01  	 65.50  	 74.21  	 82.36  	 86.61  	 86.50  	 83.78  	 76.82  	 40.09
1985	   3	  29	  13	 33.75  	 68.91  	 72.27  	 68.04  	 74.88  	 82.91  	 88.22  	 88.33  	 89.74  	 87.25  	 41.67
1985	   4	  15	  13	 24.24  	 60.76  	 68.07  	 63.05  	 72.66  	 82.37  	 87.06  	 87.82  	 83.68  	 78.98  	 39.66
1985	   4	  30	  13	 21.09  	 50.20  	 59.61  	 60.05  	 69.78  	 83.46  	 87.07  	 86.85  	 84.45  	 74.27  	 40.36
1985	   5	  15	  13	 31.51  	 66.58  	 61.24  	 52.41  	 65.82  	 81.74  	 85.45  	 85.12  	 83.16  	 75.20  	 39.13
1985	   5	  31	  13	 23.01  	 57.83  	 67.04  	 64.30  	 74.72  	 83.16  	 87.00  	 88.87  	 84.48  	 77.46  	 40.65
1985	   6	  14	  13	 22.95  	 59.85  	 66.23  	 63.48  	 71.95  	 83.72  	 87.13  	 88.34  	 84.93  	 75.80  	 39.99
1985	   6	  28	  13	 38.25  	 71.23  	 68.13  	 60.56  	 69.52  	 80.30  	 85.10  	 83.61  	 80.09  	 71.44  	 38.23
1985	   7	  15	  13	 22.21  	 59.28  	 65.15  	 62.16  	114.48  	 85.28  	 88.04  	 88.71  	 83.95  	 76.10  	 39.49
1985	   7	  31	  13	 25.23  	 57.39  	 63.99  	 59.15  	 71.15  	 82.15  	 87.21  	 87.54  	 82.81  	 75.22  	 39.86
1985	   8	  16	  13	 24.67  	 63.23  	 68.40  	 66.31  	 72.46  	 79.38  	 85.20  	 86.08  	 82.45  	 75.31  	 39.80
1985	   8	  30	  13	 30.90  	 65.32  	 66.20  	 63.78  	 73.34  	 83.44  	 83.77  	 86.08  	 82.56  	 74.98  	 39.69
1985	   9	  16	  13	 27.08  	 62.38  	 65.24  	 63.48  	 73.82  	 82.40  	 87.35  	 87.90  	 83.28  	 74.81  	 39.82
1985	   9	  30	  13	 35.66  	 68.55  	 70.40  	 47.44  	 56.25  	 64.63  	 67.35  	 65.28  	 82.04  	 58.97  	 30.63
1985	  11	   1	  13	 45.76  	 76.69  	 94.55  	103.54  	 97.87  	 92.20  	 92.41  	 88.77  	 88.56  	 87.06  	 40.75
1985	  12	   2	  13	 47.75  	 73.21  	 72.88  	 73.75  	 96.28  	 93.79  	 94.55  	 93.14  	 89.46  	 88.05  	 41.53
1986	   1	   2	  13	 45.55  	 81.74  	 65.62  	 60.67  	 68.74  	 81.85  	 84.75  	 87.33  	 81.20  	 74.11  	 38.18
1986	   1	  31	  13	 53.59  	 85.06  	 65.56  	 64.16  	 69.74  	 80.56  	 84.96  	 86.46  	 82.92  	 74.67  	 38.35
1986	   2	  28	  13	 57.67  	 74.13  	 69.80  	 62.93  	 69.91  	 79.95  	 83.75  	 84.18  	 81.11  	 75.08  	 37.17
1986	   3	  13	  13	 43.98  	 85.22  	 77.72  	 75.43  	 97.50  	 96.31  	 95.87  	 94.57  	 91.09  	 88.59  	 42.83
1986	   3	  31	  13	 23.36  	 47.66  	 70.75  	 64.67  	 72.18  	 84.33  	 88.42  	 87.20  	 85.22  	 78.15  	 40.62
1986	   4	  15	  13	 38.22  	 57.87  	 67.61  	 63.17  	 71.19  	 83.53  	 86.02  	 86.99  	 82.55  	 74.97  	 38.57
1986	   5	  15	  13	 45.55  	 68.07  	 77.16  	 69.71  	 73.33  	 84.61  	 87.57  	 86.81  	 84.18  	 75.52  	 38.91
1986	   5	  30	  13	 37.03  	 57.56  	 73.59  	 69.05  	 73.92  	 85.74  	 75.57  	 71.15  	 86.30  	 77.90  	 40.00
1986	   6	  16	  13	 29.51  	 61.50  	 76.10  	 65.15  	 72.33  	 84.50  	 88.82  	 89.92  	 86.49  	 76.87  	 39.38
1986	   6	  30	  13	 34.34  	 62.58  	 76.30  	 67.52  	 72.46  	 84.65  	 86.84  	 87.17  	 83.55  	 75.97  	 38.92
1986	   7	  18	  13	 16.84  	 39.72  	 70.23  	 65.93  	 75.40  	 85.76  	 88.95  	 90.05  	 84.88  	 76.29  	 39.46
1986	   8	   4	  13	 19.01  	 12.80  	 44.80  	 48.35  	 63.91  	 82.46  	 86.90  	 87.79  	 86.01  	 75.35  	 39.78
1986	   8	  18	  13	 23.47  	 39.33  	 48.71  	 49.27  	 63.58  	 81.23  	 88.38  	 87.83  	 86.93  	 78.21  	 39.89
1986	   9	   2	  13	 22.06  	 32.00  	 46.67  	 47.55  	 62.88  	 79.75  	 84.38  	 86.37  	 82.84  	 75.45  	 38.61
1986	   9	  15	  13	 27.10  	 33.92  	 46.90  	 48.79  	 61.55  	 79.30  	 84.73  	 87.06  	 82.51  	 75.63  	 39.87
1986	   9	  30	  13	 39.60  	 79.89  	 71.49  	 74.54  	 91.12  	 92.64  	 94.28  	 94.50  	 88.93  	 86.21  	 40.87
1986	  10	  31	  13	 33.24  	 74.01  	 65.70  	 68.00  	 80.56  	 84.39  	 86.35  	 87.99  	 82.42  	 77.18  	 39.19
1986	  12	   1	  13	 37.80  	 73.04  	 65.87  	 66.63  	 78.70  	 85.11  	 87.83  	 86.74  	 80.76  	 74.02  	 39.89
1986	  12	  30	  13	 42.79  	 69.99  	 63.72  	 62.85  	 77.36  	 82.99  	 86.67  	 85.15  	 80.06  	 74.11  	 39.49
1987	   1	  30	  13	 48.54  	 77.43  	 57.70  	 60.51  	 74.20  	 82.28  	 85.84  	 85.62  	 80.34  	 72.58  	 38.34
1987	   2	  27	  13	 32.39  	 87.52  	 66.04  	 64.73  	 76.07  	 84.46  	 86.97  	 86.75  	 81.52  	 72.58  	 40.05
1987	   3	  16	  13	 43.04  	 76.76  	 68.11  	 66.03  	 78.29  	 83.98  	 85.95  	 87.82  	 82.12  	 75.44  	 40.35
1987	   3	  31	  13	 42.25  	 76.24  	 68.36  	 69.02  	 78.43  	 85.87  	 88.49  	 87.95  	 82.04  	 76.57  	 40.36
1987	   4	  15	  13	 36.08  	 75.31  	 68.22  	 66.37  	 77.16  	 83.92  	 86.97  	 86.54  	 80.76  	 73.89  	 39.02
1987	   4	  30	  13	 26.61  	 70.63  	 63.17  	 65.58  	 78.53  	 84.12  	 88.62  	 87.31  	 81.71  	 74.47  	 40.20
1987	   5	  14	  13	 25.51  	 65.08  	 61.47  	 63.88  	 77.55  	 85.65  	 88.17  	 88.60  	 79.09  	 74.93  	 40.20
1987	   5	  29	  13	 36.72  	 76.03  	 68.54  	 67.66  	 80.33  	 85.18  	 89.48  	 87.28  	 81.32  	 74.71  	 39.12
1987	   6	  16	  13	 23.37  	 65.63  	 61.54  	 63.86  	 76.90  	 86.08  	 87.73  	 88.40  	 82.10  	 76.02  	 39.72
1987	   6	  30	  13	 27.46  	 65.97  	 58.80  	 62.33  	 75.67  	 83.72  	 87.80  	 87.69  	 80.85  	 74.35  	 39.43
1987	   7	  15	  13	 32.40  	 70.52  	 56.88  	 59.41  	 73.82  	 86.25  	 87.13  	 87.35  	 81.96  	 75.03  	 40.76
1987	   7	  31	  13	 36.77  	 74.15  	 62.07  	 58.53  	 73.71  	 82.46  	 87.44  	 87.66  	 82.23  	 75.59  	 39.95
1987	   8	  13	  13	 27.52  	 65.91  	 59.87  	 59.54  	 72.27  	 80.39  	 85.55  	 87.42  	 80.83  	 75.68  	 38.77
1987	   8	  30	  13	 26.82  	 71.43  	 67.38  	 66.06  	 78.98  	 84.99  	 87.18  	 85.65  	 81.49  	 77.22  	 40.64
1987	   9	  15	  13	 26.48  	 63.87  	 60.89  	 63.21  	 77.88  	 85.27  	 87.58  	 87.25  	 80.74  	 75.45  	 40.37
1987	   9	  30	  13	 26.50  	 65.24  	 60.00  	 60.76  	 74.62  	 84.66  	 85.64  	 86.51  	 79.53  	 74.07  	 39.38
1987	  10	  30	  13	 25.30  	 60.75  	 56.25  	 57.79  	 72.82  	 83.14  	 86.76  	 86.32  	 79.95  	 74.14  	 39.15
1987	  11	  30	  13	 34.60  	 71.87  	 67.11  	 66.35  	 77.08  	 80.55  	 82.93  	 85.10  	 77.08  	 74.37  	 39.30
1987	  12	  30	  13	 35.18  	 70.47  	 65.25  	 65.91  	 77.64  	 84.05  	 86.00  	 85.35  	 79.59  	 73.40  	 39.09
1988	   2	   1	  13	 39.03  	 83.18  	 77.65  	 92.71  	 95.52  	 91.30  	 93.36  	 93.58  	 88.27  	 86.86  	 40.29
1988	   3	   1	  13	 44.94  	 85.10  	 84.02  	 58.32  	 71.33  	 82.39  	 84.56  	 86.18  	 80.44  	 74.48  	 39.19
1988	   3	  15	  13	 34.36  	 74.58  	 81.11  	 63.03  	 72.18  	 82.86  	 86.12  	 84.16  	 81.11  	 73.81  	 39.68
1988	   4	   1	  13	 31.88  	 69.38  	 72.56  	 68.07  	 76.94  	 84.40  	 87.57  	 86.92  	 83.08  	 76.07  	 40.01
1988	   4	  18	  13	 23.43  	 63.76  	 63.65  	 62.99  	 75.23  	 84.94  	 87.58  	 87.03  	 82.51  	 74.90  	 41.03
1988	   4	  28	  13	 33.24  	 71.49  	 71.82  	 68.06  	 76.36  	 85.89  	 88.11  	 87.00  	 82.79  	 75.48  	 40.29
1988	   5	  17	  13	 21.94  	 57.93  	 59.37  	 59.15  	 76.00  	 84.20  	 88.19  	 88.19  	 82.10  	 74.89  	 40.49
1988	   5	  31	  13	 14.56  	 40.41  	 47.52  	 53.19  	 70.54  	 83.32  	 88.66  	 88.55  	 81.76  	 75.20  	 40.55
1988	   6	  15	  13	 11.67  	 29.61  	 44.24  	 47.82  	 67.26  	 80.79  	 88.05  	 86.48  	 81.68  	 76.43  	 40.67
1988	   6	  30	  13	 11.51  	 21.13  	 37.20  	 44.85  	 63.03  	 77.22  	 87.31  	 85.09  	 81.21  	 72.67  	 39.88
1988	   7	  15	  13	  9.66  	 14.68  	 34.95  	 44.41  	 59.77  	 74.14  	 84.49  	 85.16  	 81.93  	 74.69  	 40.46
1988	   7	  28	  13	 17.15  	 43.30  	 44.19  	 43.63  	 59.66  	 69.02  	 82.93  	 87.27  	 82.49  	 74.03  	 39.85
1988	   8	   3	  13	 13.59  	 31.56  	 40.26  	 39.97  	 56.47  	 61.49  	 78.29  	 82.42  	 79.47  	 73.28  	 38.70
1988	   8	  15	  13	 18.38  	 34.81  	 41.17  	 42.29  	 55.47  	 60.71  	 78.47  	 86.73  	 81.60  	 76.12  	 40.91
1988	   8	  31	  13	 13.56  	 19.28  	 34.85  	 41.96  	 56.30  	 60.31  	 79.43  	 84.32  	 81.99  	 73.65  	 40.49
1988	   9	  15	  13	 12.01  	 14.11  	  8.13  	 38.48  	 54.21  	 60.75  	 79.24  	 83.01  	 79.80  	 73.59  	 40.45
1988	   9	  29	  13	 27.83  	 50.62  	 38.42  	 38.98  	 54.72  	 64.03  	 78.88  	 85.53  	 80.77  	 72.56  	 39.27
1988	  10	  14	  13	 17.78  	 46.94  	 40.98  	 38.89  	 56.21  	 63.94  	 80.05  	 83.48  	 80.83  	 72.33  	 39.75
1988	  10	  31	  13	 22.04  	 51.29  	 40.35  	 40.46  	 55.12  	 63.44  	 77.01  	 83.02  	 80.29  	 72.74  	 35.66
1988	  12	   2	  13	 37.46  	 64.42  	 64.86  	 64.97  	 69.27  	 65.08  	 78.54  	 82.62  	 80.30  	 74.57  	 39.27
1988	  12	  29	  13	 53.48  	 71.04  	 62.07  	 60.23  	 69.53  	 72.23  	 79.58  	 83.36  	 79.90  	 70.39  	 38.55
1989	   1	  31	  13	 44.74  	 94.79  	 65.60  	 58.33  	 67.59  	 76.07  	 80.14  	 84.55  	 82.23  	 71.00  	 40.62
1989	   2	  28	  13	 47.94  	 91.82  	 71.98  	 53.12  	 65.37  	 74.04  	 79.46  	 81.41  	 79.03  	 72.09  	 38.32
1989	   3	  15	  13	 35.26  	 95.75  	 74.66  	 53.69  	 67.34  	 74.01  	 79.14  	 83.62  	 80.02  	 72.37  	 38.86
1989	   3	  31	  13	 45.56  	 68.91  	 69.89  	 64.97  	 72.63  	 78.54  	 83.02  	 84.67  	 81.93  	 74.16  	 38.67
1989	   4	  14	  13	 23.01  	 62.49  	 63.81  	 60.62  	 71.40  	 78.88  	 84.16  	 86.03  	 81.41  	 73.49  	 38.72
1989	   4	  28	  13	 25.68  	 64.94  	 58.49  	 58.06  	 69.42  	 77.29  	 83.19  	 84.61  	 81.44  	 72.26  	 38.42
1989	   5	  15	  13	 14.26  	 44.74  	 54.12  	 55.55  	 68.69  	 78.18  	 84.58  	 84.80  	 80.94  	 73.76  	 39.64
1989	   5	  18	  13	 25.96  	 51.50  	 48.79  	 49.51  	 64.78  	 72.91  	 77.62  	 79.19  	 77.34  	 67.63  	 37.03
1989	   5	  30	  13	 16.05  	 29.17  	 41.16  	 49.85  	 57.65  	 77.12  	 83.94  	 85.81  	 79.10  	 74.26  	 38.17
1989	   6	  15	  13	 25.99  	 50.39  	 39.19  	 46.76  	 64.55  	 76.85  	 83.99  	 85.31  	 79.27  	 72.24  	 38.70
1989	   6	  30	  13	 12.69  	 24.39  	 33.60  	 42.26  	 58.71  	 72.42  	 81.74  	 84.26  	 78.23  	 72.42  	 38.02
1989	   7	  14	  13	 12.14  	 12.13  	 21.09  	 30.26  	 45.11  	 59.19  	 79.39  	 83.76  	 76.55  	 72.08  	 38.71
1989	   7	  31	  13	 26.56  	 24.25  	 19.12  	 26.55  	 44.23  	 57.99  	 74.81  	 81.68  	 76.23  	 71.97  	 39.10
1989	   8	  15	  13	 19.63  	 42.27  	 46.97  	 34.83  	 44.89  	 61.40  	 77.69  	 81.96  	 75.18  	 72.88  	 39.28
1989	   8	  30	  13	 29.56  	 42.21  	 36.94  	 33.76  	 46.49  	 60.31  	 78.09  	 82.92  	 78.20  	 72.05  	 37.95
1989	   9	  15	  13	 28.94  	 70.29  	 64.07  	 64.83  	 74.66  	 79.91  	 82.75  	 85.70  	 80.56  	 72.81  	 38.53
1989	   9	  29	  13	 13.81  	 57.85  	 56.65  	 57.63  	 71.14  	 80.04  	 83.66  	 85.42  	 78.94  	 74.98  	 38.97
1989	  10	  31	  13	 21.95  	 46.95  	 50.10  	 51.73  	 66.85  	 74.89  	 82.72  	 83.26  	 77.39  	 71.85  	 38.31
1989	  11	  30	  13	 18.93  	 49.39  	 47.55  	 48.96  	 63.84  	 74.27  	 81.98  	 83.94  	 75.68  	 70.69  	 38.22
1989	  12	  29	  13	 18.44  	 51.34  	 46.20  	 48.34  	 62.89  	 71.66  	 78.93  	 80.75  	 74.76  	 69.31  	 37.27
1990	   1	  31	  13	 36.64  	 66.07  	 55.90  	 56.77  	 68.98  	 77.74  	 82.28  	 83.58  	 76.77  	 72.44  	 43.57
1990	   2	  28	  13	 35.16  	 62.41  	 54.04  	 53.93  	 67.99  	 75.06  	 79.46  	 82.79  	 77.21  	 70.24  	 37.43
1990	   3	  16	  13	 29.82  	 72.54  	 64.48  	 67.53  	 76.89  	 80.81  	 85.50  	 93.88  	 90.07  	 84.73  	 40.57
1990	   3	  30	  13	 29.95  	 67.93  	 60.94  	 60.50  	 72.40  	 78.52  	 83.98  	 84.74  	 78.74  	 73.60  	 39.91
1990	   4	  16	  13	 31.33  	 72.60  	 64.25  	 64.90  	 73.79  	 80.74  	 84.10  	 84.32  	 79.33  	 71.08  	 38.90
1990	   4	  30	  13	 28.05  	 70.40  	 61.88  	 61.66  	 73.90  	 82.09  	 83.51  	 85.81  	 78.93  	 73.57  	 39.03
1990	   5	  15	  13	 31.16  	 70.76  	 64.89  	 62.17  	 75.87  	 79.57  	 83.59  	 85.87  	 79.35  	 77.17  	 37.88
1990	   5	  31	  13	 20.97  	 58.27  	 56.96  	 57.07  	 73.13  	 79.80  	 83.62  	 86.35  	 79.80  	 74.77  	 39.30
1990	   6	  15	  13	 25.67  	 38.85  	 44.07  	 47.65  	 64.71  	 77.31  	 84.81  	 83.61  	 78.29  	 73.73  	 38.60
1990	   6	  27	  13	 29.83  	 86.70  	 96.03  	102.11  	 91.58  	 87.90  	 90.50  	 93.54  	 87.79  	 86.38  	 40.48
1990	   7	  13	  13	 16.14  	 57.22  	 55.60  	 55.81  	 70.86  	 77.36  	 84.50  	 84.61  	 77.57  	 72.27  	 38.46
1990	   7	  31	  13	 24.66  	 68.98  	 64.24  	 65.56  	 77.03  	 83.20  	 85.84  	 88.38  	 82.32  	 76.92  	 39.39
1990	   8	  15	  13	 21.20  	 45.18  	 51.58  	 55.66  	 72.66  	 79.17  	 86.79  	 85.13  	 78.95  	 76.08  	 39.75
1990	   8	  31	  13	 25.55  	 66.84  	 61.18  	 61.28  	 73.70  	 79.15  	 85.58  	 84.93  	 78.61  	 72.61  	 38.87
1990	   9	  12	  13	 24.03  	 55.79  	 52.87  	 54.77  	 70.27  	 76.27  	 82.41  	 82.27  	 78.47  	 70.57  	 38.65
1990	   9	  28	  13	 27.61  	 55.89  	 51.72  	 55.23  	 70.41  	 78.88  	 85.26  	 84.93  	 78.77  	 74.70  	 39.16
1990	  10	  31	  13	 28.07  	 66.78  	 62.04  	 62.37  	 72.95  	 78.79  	 83.20  	 85.51  	 78.24  	 73.28  	 39.17
1990	  11	  27	  13	 35.02  	 77.12  	 63.02  	 57.08  	 67.91  	 78.01  	 85.28  	 85.72  	 80.38  	 67.47  	 40.26
1990	  12	  28	  13	 33.31  	 71.93  	 59.13  	 59.99  	 72.03  	 80.32  	 83.76  	 84.83  	 78.81  	 73.00  	 39.14
1991	   1	  31	  13	 41.32  	 74.13  	 54.76  	 54.76  	 69.45  	 78.39  	 80.73  	 81.69  	 77.22  	 69.13  	 37.23
1991	   2	  25	  13	 35.66  	 82.50  	 65.49  	 63.53  	 74.98  	 81.30  	 86.21  	 86.43  	 80.98  	 72.69  	 39.72
1991	   3	  15	  13	 51.85  	 85.82  	 66.23  	 64.59  	 75.15  	 81.68  	 85.50  	 87.02  	 79.73  	 72.21  	 38.99
1991	   3	  29	  13	 35.77  	 75.57  	 70.30  	 67.88  	 80.94  	 89.83  	 90.82  	 93.56  	 91.26  	 87.42  	 40.64
1991	   4	  15	  13	 35.36  	 74.87  	 69.46  	 67.36  	 76.74  	 82.37  	 87.56  	 86.46  	 81.27  	 74.65  	 40.19
1991	   4	  30	  13	 28.73  	 64.95  	 61.52  	 61.08  	 74.81  	 83.34  	 85.11  	 87.00  	 81.46  	 75.59  	 39.57
1991	   5	  20	  13	 32.20  	 53.00  	 50.54  	 54.56  	 72.17  	 81.87  	 87.56  	 86.78  	 80.20  	 75.74  	 40.05
1991	   5	  31	  13	 30.44  	 46.45  	 48.77  	 49.32  	 68.21  	 79.91  	 85.99  	 85.22  	 79.14  	 73.51  	 39.57
1991	   6	  17	  13	 24.56  	 56.24  	 43.69  	 44.35  	 63.46  	 76.68  	 84.12  	 86.01  	 79.90  	 75.24  	 39.17
1991	   6	  28	  13	 17.53  	 36.54  	 41.79  	 42.46  	 60.53  	 74.37  	 84.41  	 86.98  	 80.84  	 75.49  	 39.81
1991	   7	  12	  13	 14.99  	 19.25  	 25.58  	 34.35  	 51.91  	 67.46  	 78.46  	 85.12  	 78.57  	 73.35  	 39.95
1991	   7	  31	  13	 12.67  	 10.06  	 15.22  	 22.06  	 41.89  	 57.81  	 75.96  	 85.38  	 79.44  	 74.17  	 40.90
1991	   8	  15	  13	 17.73  	 34.75  	 16.66  	 21.98  	 40.19  	 40.19  	 72.49  	 81.49  	 77.49  	 72.61  	 39.13
1991	   8	  30	  13	 13.64  	 12.87  	 16.12  	 21.61  	 37.07  	 56.91  	 71.26  	 82.91  	 78.43  	 72.49  	 40.05
1991	   9	  16	  13	 29.28  	 61.67  	 20.39  	 20.17  	 36.77  	 54.26  	 72.63  	 80.93  	 76.95  	 73.08  	 38.97
1991	   9	  30	  13	 20.76  	 39.28  	 22.33  	 21.55  	 37.05  	 55.78  	 71.73  	 81.43  	 79.09  	 73.18  	 38.99
1991	  11	   1	  13	 39.75  	 75.77  	 72.16  	 72.05  	 82.45  	 84.09  	 90.44  	 92.41  	 88.03  	 85.95  	 40.13
1991	  12	   2	  13	 30.38  	 68.11  	 65.39  	 67.57  	 79.65  	 83.78  	 91.18  	 91.50  	 89.55  	 84.32  	 39.99
1992	   1	   8	  13	 58.49  	 85.80  	 76.37  	 78.89  	 83.27  	 84.48  	 87.55  	 89.96  	 88.87  	 85.03  	 40.38
1992	   1	  31	  13	 44.40  	 77.90  	 60.50  	 60.61  	 73.34  	 81.71  	 84.11  	 86.50  	 80.84  	 72.25  	 38.79
1992	   2	  28	  13	 31.09  	 80.64  	 69.75  	 68.32  	 76.24  	 81.63  	 84.93  	 87.13  	 81.30  	 75.58  	 39.66
1992	   3	  16	  13	 34.42  	 68.51  	 66.32  	 66.32  	 76.60  	 82.50  	 87.42  	 85.57  	 80.75  	 74.52  	 38.90
1992	   3	  31	  13	 34.16  	 70.77  	 65.51  	 66.17  	 76.69  	 82.40  	 84.81  	 86.78  	 81.96  	 77.24  	 39.28
1992	   4	  15	  13	 36.38  	 73.30  	 64.84  	 63.41  	 75.50  	 80.78  	 86.27  	 87.15  	 80.78  	 74.29  	 39.67
1992	   4	  30	  13	 30.29  	 69.31  	 64.88  	 66.10  	 77.72  	 82.15  	 88.35  	 87.13  	 81.93  	 79.38  	 40.08
1992	   5	  15	  13	 16.63  	 33.64  	 50.85  	 56.95  	 74.83  	 81.60  	 87.04  	 87.04  	 79.93  	 75.94  	 39.30
1992	   5	  29	  13	 14.88  	 23.99  	 37.31  	 48.61  	 69.65  	 81.51  	 88.11  	 87.78  	 79.05  	 75.24  	 40.36
1992	   6	  15	  13	 16.74  	 18.21  	 20.53  	 28.71  	 53.91  	 72.81  	 82.54  	 84.86  	 78.56  	 73.47  	 38.84
1992	   6	  30	  13	 13.94  	 15.38  	 18.73  	 25.54  	 45.64  	 62.72  	 79.25  	 84.61  	 78.69  	 75.23  	 39.23
1992	   7	  15	  13	 32.51  	 67.69  	 30.75  	 22.67  	 43.91  	 60.83  	 74.77  	 82.95  	 78.31  	 75.10  	 39.38
1992	   7	  31	  13	 32.72  	 70.50  	 56.51  	 25.54  	 43.08  	 62.06  	 76.38  	 85.04  	 76.93  	 75.38  	 39.19
1992	   8	  14	  13	 32.86  	 68.57  	 65.81  	 64.48  	 73.22  	 78.75  	 84.17  	 85.83  	 80.41  	 74.88  	 38.99
1992	   8	  28	  13	 31.89  	 67.68  	 58.55  	 59.66  	 72.13  	 78.59  	 84.71  	 85.05  	 78.81  	 74.25  	 40.19
1992	   9	  15	  13	 34.53  	 70.74  	 64.79  	 57.63  	 67.55  	 75.70  	 80.88  	 83.31  	 77.58  	 73.17  	 38.62
1992	   9	  30	  13	 30.55  	 65.00  	 61.03  	 62.35  	 73.62  	 79.58  	 82.79  	 85.99  	 77.48  	 72.29  	 39.68
1992	  10	  30	  13	 22.23  	 54.73  	 53.30  	 53.96  	 68.80  	 77.48  	 83.52  	 84.29  	 77.48  	 72.09  	 39.45
1992	  11	  30	  13	 37.78  	 68.15  	 65.44  	 62.51  	 74.88  	 79.76  	 84.21  	 84.53  	 79.98  	 75.85  	 38.96
1992	  12	  31	  13	 32.55  	 77.10  	 67.34  	 69.64  	 80.61  	 83.36  	 89.17  	 92.79  	 88.84  	 83.91  	 40.75
1993	   1	  22	  13	 54.43  	 84.32  	 61.04  	 61.59  	 73.55  	 81.28  	 84.00  	 86.61  	 77.47  	 73.01  	 38.35
1993	   2	  26	  13	 44.19  	 86.82  	 57.34  	 55.59  	 71.53  	 78.08  	 84.63  	 84.74  	 76.33  	 71.53  	 38.55
1993	   3	  15	  13	 39.43  	 95.48  	 65.90  	 64.03  	 76.57  	 82.07  	 84.71  	 86.03  	 81.19  	 74.92  	 39.27
1993	   3	  31	  13	 41.78  	 89.08  	 75.00  	 74.34  	 80.50  	 81.38  	 86.66  	 86.66  	 82.70  	 78.19  	 40.85
1993	   4	  15	  13	 45.25  	 89.00  	 95.46  	 97.76  	 88.89  	 89.98  	 90.20  	 92.61  	 90.09  	 86.37  	 40.01
1993	   4	  30	  13	 33.10  	 75.81  	 65.51  	 67.17  	 76.81  	 83.34  	 85.56  	 86.44  	 81.02  	 80.35  	 40.84
1993	   5	  14	  13	 24.57  	 66.18  	 60.87  	 63.08  	 76.90  	 80.77  	 87.18  	 86.74  	 80.55  	 77.79  	 40.66
1993	   5	  27	  13	 37.13  	 62.57  	 57.60  	 60.14  	 73.84  	 79.69  	 88.20  	 85.99  	 80.25  	 75.39  	 40.23
1993	   6	  15	  13	 29.29  	 73.77  	 67.80  	 72.11  	 83.17  	 89.59  	 92.13  	 92.69  	 87.60  	 86.94  	 40.92
1993	   7	   1	  13	 33.35  	 74.60  	 70.94  	 77.60  	 92.37  	 92.92  	 91.92  	 94.25  	 89.70  	 87.70  	 41.96
1993	   7	  15	  13	 28.18  	 68.09  	 63.31  	 67.76  	 78.43  	 82.99  	 89.21  	 92.88  	 90.32  	 87.88  	 41.44
1993	   7	  30	  13	 23.86  	 64.19  	 58.95  	 63.52  	 76.78  	 81.79  	 88.48  	 86.14  	 81.23  	 78.78  	 39.84
1993	   8	  16	  13	 35.07  	 72.68  	 65.02  	 64.02  	 74.01  	 80.90  	 87.68  	 87.57  	 79.90  	 77.35  	 39.45
1993	   8	  31	  13	 33.92  	 75.97  	 69.20  	 65.43  	 73.64  	 79.96  	 86.62  	 85.51  	 78.96  	 76.63  	 39.59
1993	   9	  15	  13	 36.28  	 75.09  	 68.40  	 70.70  	 78.17  	 94.20  	 86.40  	 85.42  	 81.13  	 83.00  	 39.80
1993	   9	  30	  13	 32.03  	 70.59  	 65.20  	 65.09  	 77.31  	 83.80  	 85.12  	 85.89  	 78.85  	 77.86  	 40.03
1993	  10	  29	  13	 24.25  	 60.90  	 57.07  	 60.36  	 73.29  	 82.51  	 86.12  	 84.37  	 75.71  	 73.19  	 38.84
1993	  12	   2	  13	 39.37  	 75.42  	 69.38  	 71.91  	 77.29  	 80.15  	 84.87  	 85.42  	 77.40  	 73.67  	 39.47
1993	  12	  28	  13	 37.26  	 67.75  	 64.06  	 64.71  	 66.56  	 82.53  	 83.61  	 83.18  	 77.20  	 75.36  	 38.55
1994	   1	  31	  13	 38.42  	 79.57  	 58.80  	 59.13  	 73.69  	 79.02  	 85.87  	 85.87  	 77.39  	 73.15  	 38.31
1994	   2	  28	  13	 41.66  	 90.74  	 65.48  	 63.85  	 76.86  	 80.22  	 83.91  	 84.88  	 78.60  	 76.75  	 39.84
1994	   3	  15	  13	 41.48  	 77.86  	 67.27  	 65.31  	 76.33  	 82.78  	 84.63  	 86.82  	 79.72  	 76.99  	 39.70
1994	   3	  30	  13	 34.52  	 73.53  	 66.70  	 67.48  	 76.95  	 83.66  	 87.41  	 84.88  	 79.26  	 75.74  	 39.08
1994	   4	  15	  13	 42.13  	 75.74  	 64.50  	 63.51  	 76.18  	 81.35  	 84.00  	 86.86  	 78.16  	 73.09  	 38.86
1994	   4	  29	  13	 32.25  	 50.88  	 56.52  	 60.06  	 74.77  	 81.85  	 84.83  	 85.50  	 77.20  	 74.22  	 39.87
1994	   5	  16	  13	 23.99  	 34.20  	 43.80  	 52.40  	 69.83  	 79.31  	 84.60  	 84.49  	 76.77  	 73.36  	 39.21
1994	   5	  31	  13	 18.78  	 27.57  	 34.17  	 42.68  	 61.48  	 75.92  	 83.86  	 85.99  	 78.60  	 75.47  	 39.19
1994	   6	  15	  13	 25.58  	 20.93  	 25.40  	 34.57  	 52.46  	 67.78  	 80.09  	 83.33  	 76.84  	 73.82  	 39.48
1994	   6	  30	  13	 23.90  	 56.99  	 55.11  	 37.01  	 51.14  	 64.60  	 76.96  	 83.70  	 77.07  	 72.66  	 38.81
1994	   7	  15	  13	 24.29  	 45.18  	 45.74  	 37.09  	 51.95  	 66.69  	 77.88  	 84.31  	 77.33  	 72.90  	 38.72
1994	   7	  29	  13	 19.48  	 34.88  	 38.34  	 35.89  	 51.04  	 63.85  	 80.12  	 84.13  	 77.33  	 75.77  	 39.56
1994	   8	  15	  13	 33.33  	 65.68  	 52.69  	 35.69  	 49.35  	 65.46  	 75.90  	 82.90  	 76.35  	 75.68  	 39.28
1994	   8	  30	  13	 34.45  	 68.36  	 63.95  	 62.63  	 71.22  	 72.65  	 80.03  	 84.22  	 77.72  	 73.64  	 39.19
1994	   9	  15	  13	 25.38  	 59.06  	 59.40  	 60.40  	 72.15  	 74.61  	 82.99  	 85.45  	 76.40  	 76.84  	 39.76
1994	   9	  27	  13	 37.24  	 70.16  	 67.83  	 68.61  	 75.92  	 78.47  	 81.35  	 85.45  	 77.91  	 74.15  	 39.79
1994	  11	   6	  13	 37.65  	 72.09  	 67.59  	 68.36  	 74.39  	 78.01  	 81.63  	 83.05  	 74.94  	 73.95  	 38.68
1994	  11	  23	  13	 37.03  	 69.82  	 65.66  	 65.22  	 74.86  	 80.34  	 84.29  	 86.15  	 77.82  	 74.75  	 38.97
1994	  12	  28	  13	 42.38  	 68.34  	 65.49  	 62.64  	 72.63  	 76.19  	 78.91  	 81.05  	 78.19  	 72.63  	 37.74
1995	   1	  31	  13	 51.81  	 62.80  	 64.11  	 62.90  	 73.39  	 81.79  	 83.98  	 87.03  	 75.13  	 73.50  	 38.71
1995	   3	   1	  13	 40.14  	 72.39  	 60.95  	 55.88  	 67.03  	 75.71  	 81.79  	 82.95  	 79.19  	 70.65  	 37.21
1995	   3	  14	  13	 45.56  	 77.19  	 63.95  	 58.22  	 69.54  	 75.58  	 81.90  	 83.37  	 78.81  	 72.19  	 38.23
1995	   3	  30	  13	 43.37  	 71.74  	 67.79  	 65.45  	 73.78  	 77.88  	 83.58  	 83.00  	 79.93  	 72.47  	 37.62
1995	   4	  13	  13	 43.93  	 72.33  	 66.46  	 64.41  	 71.74  	 79.08  	 84.51  	 83.04  	 85.97  	 82.45  	 40.35
1995	   4	  21	  13	 40.55  	 69.93  	 65.41  	 63.80  	 72.41  	 77.67  	 83.22  	 82.34  	 80.59  	 72.41  	 38.47
1995	   5	  17	  13	 39.74  	 66.03  	 65.60  	 62.54  	 74.45  	 78.49  	 84.06  	 86.25  	 78.82  	 75.87  	 39.90
1995	   6	   1	  13	 32.00  	 64.38  	 66.16  	 64.38  	 73.84  	 79.73  	 87.74  	 88.63  	 82.18  	 75.06  	 40.65
1995	   6	  21	  13	 17.29  	 34.62  	 41.13  	 47.94  	 67.47  	 77.54  	 83.16  	 86.27  	 77.83  	 72.21  	 39.80
1995	   6	  29	  13	 26.75  	 26.23  	 34.46  	 41.96  	 63.27  	 73.27  	 82.82  	 81.94  	 79.59  	 72.24  	 38.40
1995	   7	  14	  13	 20.02  	 29.59  	 28.26  	 36.66  	 56.98  	 67.88  	 81.87  	 81.72  	 78.92  	 73.18  	 39.39
1995	   8	   1	  13	 22.12  	 34.11  	 24.41  	 28.82  	 46.29  	 59.07  	 73.90  	 80.65  	 77.86  	 70.38  	 39.23
1995	   8	  15	  13	 23.06  	 20.56  	 22.33  	 27.64  	 45.05  	 57.45  	 73.68  	 81.35  	 77.81  	 71.46  	 38.39
1995	   8	  29	  13	 23.43  	 38.87  	 27.81  	 30.50  	 48.13  	 58.44  	 73.24  	 82.20  	 79.21  	 72.79  	 39.01
1995	   9	  13	  13	 23.06  	 45.12  	 25.74  	 28.97  	 45.71  	 59.51  	 71.84  	 79.19  	 76.98  	 72.87  	 39.30
1995	   9	  28	  13	 22.62  	 37.47  	 26.14  	 29.82  	 46.59  	 59.25  	 73.08  	 79.70  	 76.31  	 70.72  	 38.97
1995	  11	   1	  13	 36.29  	 74.08  	 74.86  	 71.97  	 63.10  	 60.66  	 74.64  	 84.07  	 78.74  	 72.31  	 39.32
1995	  11	  28	  13	 42.65  	 67.62  	 65.18  	 63.75  	 70.78  	 74.22  	 81.83  	 81.54  	 76.23  	 70.64  	 38.04
1996	   1	   2	  13	 32.78  	 65.88  	 57.58  	 59.68  	 69.53  	 79.05  	 85.03  	 85.92  	 80.71  	 72.63  	 39.80
1996	   1	  31	  13	 46.86  	 71.60  	 56.08  	 57.23  	 70.73  	 75.62  	 80.36  	 82.23  	 76.62  	 69.87  	 38.89
1996	   2	  28	  13	 37.62  	 76.55  	 71.75  	 57.77  	 68.58  	 76.88  	 82.45  	 84.41  	 78.95  	 71.20  	 38.49
1996	   3	  14	  13	 44.24  	 75.26  	 72.06  	 52.44  	 66.10  	 73.95  	 80.20  	 81.36  	 75.98  	 71.19  	 36.68
1996	   3	  28	  13	 41.87  	 75.17  	 71.98  	 61.76  	 68.14  	 76.27  	 83.19  	 85.06  	 79.02  	 71.66  	 39.40
1996	   4	  15	  13	 44.64  	 72.00  	 67.65  	 60.55  	 70.41  	 77.23  	 80.71  	 82.74  	 76.65  	 70.26  	 37.67
1996	   4	  27	  13	 33.76  	 66.11  	 65.44  	 62.75  	 75.50  	 81.43  	 87.13  	 86.12  	 82.88  	 74.61  	 40.60
1996	   5	  14	  13	 33.40  	 65.94  	 68.39  	 64.16  	 74.28  	 82.07  	 84.74  	 86.96  	 81.62  	 78.95  	 41.09
1996	   5	  30	  13	 35.74  	 74.48  	 75.04  	 72.92  	 88.99  	 91.22  	 92.11  	 92.34  	 90.44  	 88.10  	 41.93
1996	   6	  11	  13	 36.93  	 68.71  	 67.54  	 64.62  	 75.44  	 79.67  	 86.83  	 87.13  	 84.93  	 84.35  	 41.88
1996	   6	  26	  13	 27.38  	 62.98  	 66.35  	 63.43  	 73.78  	 82.44  	 88.74  	 88.85  	 83.56  	 77.49  	 41.16
1996	   7	  12	  13	 27.64  	 33.97  	 44.46  	 50.82  	 68.12  	 77.13  	 81.57  	 84.53  	 79.50  	 72.70  	 38.72
1996	   7	  31	  13	 29.66  	 48.92  	 47.12  	 50.38  	 65.00  	 76.81  	 86.26  	 86.49  	 81.99  	 75.58  	 39.98
1996	   8	  12	  13	 26.07  	 54.66  	 53.33  	 48.01  	 62.65  	 73.88  	 79.20  	 83.34  	 78.17  	 73.29  	 38.27
1996	   8	  29	  13	 17.56  	 31.58  	 44.25  	 46.26  	 60.72  	 72.26  	 81.79  	 83.58  	 81.23  	 71.59  	 39.66
1996	   9	  12	  13	 18.68  	 27.56  	 33.29  	 39.31  	 57.83  	 69.15  	 80.76  	 83.26  	 78.26  	 70.18  	 38.62
1996	  10	   2	  13	 24.81  	 35.82  	 28.74  	 35.37  	 53.58  	 65.49  	 80.89  	 86.74  	 81.23  	 74.26  	 39.60
1996	  10	  30	  13	 36.99  	 68.76  	 63.64  	 40.50  	 53.53  	 64.08  	 74.62  	 82.52  	 77.69  	 68.62  	 38.63
1996	  12	   2	  13	 32.77  	 66.11  	 68.43  	 60.03  	 52.41  	 63.02  	 78.59  	 84.00  	 78.59  	 71.08  	 38.80
1997	   1	   7	  13	 31.29  	 63.18  	 63.91  	 61.43  	 74.98  	 77.46  	 79.06  	 81.98  	 76.73  	 72.07  	 37.34
1997	   1	  28	  13	 43.28  	 72.42  	 58.65  	 54.64  	 66.45  	 75.78  	 80.55  	 84.88  	 80.33  	 71.12  	 38.05
1997	   2	  26	  13	 46.68  	 71.49  	 61.85  	 58.48  	 69.44  	 76.90  	 79.24  	 83.18  	 78.36  	 70.32  	 37.35
1997	   3	  13	  13	 44.11  	 82.66  	 66.38  	 61.92  	 70.17  	 78.20  	 84.22  	 85.55  	 80.43  	 72.73  	 38.54
1997	   3	  25	  13	 39.19  	 70.67  	 66.70  	 64.49  	 72.00  	 77.89  	 80.69  	 80.98  	 79.80  	 70.97  	 37.77
1997	   4	  15	  13	 33.34  	 71.83  	 72.64  	 69.51  	 75.88  	 83.99  	 89.66  	 91.98  	 83.52  	 77.04  	 41.07
1997	   4	  29	  13	 22.09  	 62.38  	 62.23  	 61.63  	 72.01  	 80.59  	 85.55  	 87.06  	 81.19  	 72.01  	 38.79
1997	   5	  13	  13	 24.74  	 59.22  	 65.34  	 63.23  	 71.91  	 80.59  	 82.82  	 87.50  	 83.04  	 78.37  	 40.52
1997	   5	  28	  13	 33.70  	 65.94  	 66.05  	 65.83  	 73.39  	 80.96  	 84.52  	 86.52  	 83.85  	 75.84  	 39.87
1997	   6	  12	  13	 40.12  	 71.22  	 71.90  	 65.04  	 73.92  	 81.57  	 85.05  	 87.64  	 84.82  	 77.41  	 39.94
1997	   6	  23	  13	 34.96  	 61.55  	 67.61  	 63.35  	 74.62  	 81.11  	 87.91  	 87.27  	 84.29  	 76.53  	 41.19
1997	   7	  15	  13	 23.10  	 43.65  	 51.37  	 54.05  	 69.35  	 76.18  	 83.46  	 85.10  	 80.94  	 73.95  	 38.98
1997	   7	  28	  13	 27.63  	 46.27  	 49.99  	 51.56  	 65.52  	 79.14  	 85.56  	 86.24  	 83.31  	 73.52  	 39.97
1997	   8	  14	  13	 32.90  	 44.19  	 41.60  	 45.55  	 61.00  	 74.09  	 84.36  	 86.05  	 82.66  	 74.20  	 39.47
1997	   8	  27	  13	 29.38  	 44.70  	 47.96  	 44.59  	 61.58  	 75.09  	 82.97  	 88.15  	 83.31  	 76.33  	 39.63
1997	   9	  12	  13	 31.26  	 30.58  	 41.12  	 44.99  	 61.62  	 74.85  	 84.35  	 84.21  	 79.45  	 73.36  	 39.80
1997	   9	  24	  13	 36.14  	 64.46  	 61.32  	 46.32  	 65.47  	 79.02  	 85.29  	 86.30  	 83.05  	 73.53  	 40.18
1997	  10	  29	  13	 37.29  	 57.21  	 49.67  	 48.80  	 63.45  	 74.62  	 80.85  	 82.59  	 78.53  	 70.70  	 38.18
1997	  11	  25	  13	 34.32  	 57.77  	 62.56  	 58.10  	 65.56  	 73.80  	 82.93  	 84.94  	 81.37  	 73.13  	 39.24
1997	  12	  29	  13	 39.46  	 63.79  	 61.33  	 59.01  	 69.88  	 74.22  	 80.16  	 82.19  	 76.98  	 70.17  	 37.84
1998	   1	  29	  13	 45.68  	 60.74  	 64.60  	 62.06  	 71.56  	 79.17  	 83.59  	 84.69  	 80.27  	 73.87  	 39.31
1998	   2	  26	  13	 37.16  	 66.70  	 62.59  	 61.27  	 73.17  	 79.19  	 83.74  	 85.50  	 80.36  	 73.02  	 38.71
1998	   3	  11	  13	 38.88  	 63.64  	 68.76  	 65.75  	 75.98  	 81.10  	 85.54  	 86.77  	 82.76  	 79.32  	 41.16
1998	   3	  30	  13	 33.68  	 65.99  	 63.04  	 62.59  	 73.69  	 79.02  	 83.60  	 84.64  	 80.05  	 73.54  	 39.06
1998	   4	  13	  13	 40.86  	 63.34  	 64.19  	 62.70  	 70.05  	 75.80  	 78.79  	 80.38  	 77.62  	 73.57  	 37.64
1998	   4	  28	  13	 36.10  	 66.14  	 65.40  	 64.51  	 75.76  	 79.31  	 84.20  	 84.34  	 80.05  	 74.87  	 39.29
1998	   5	  13	  13	 35.67  	 67.10  	 67.10  	 66.09  	 74.98  	 80.61  	 87.14  	 88.49  	 83.20  	 75.88  	 40.30
1998	   5	  27	  13	 30.36  	 66.38  	 64.00  	 64.45  	 73.66  	 80.19  	 87.03  	 83.91  	 78.41  	 74.99  	 38.46
1998	   6	  16	  13	 34.45  	 67.27  	 67.61  	 67.39  	 76.23  	 84.85  	 86.55  	 91.09  	 84.28  	 77.82  	 41.40
1998	   6	  29	  13	 38.67  	 66.79  	 67.68  	 65.17  	 75.34  	 81.09  	 86.40  	 91.12  	 87.87  	 84.48  	 41.36
1998	   7	  14	  13	 24.58  	 53.67  	 62.36  	 61.45  	 75.33  	 82.33  	 88.87  	 89.88  	 83.34  	 76.80  	 39.87
1998	   7	  30	  13	 19.15  	 35.53  	 47.79  	 53.10  	 68.17  	 76.14  	 83.67  	 83.38  	 81.61  	 72.60  	 38.00
1998	   8	  13	  13	 21.31  	 30.60  	 44.08  	 48.91  	 63.51  	 74.63  	 84.40  	 85.75  	 82.60  	 73.51  	 39.45
1998	   9	   1	  13	 26.27  	 57.23  	 51.11  	 47.25  	 61.19  	 72.86  	 85.22  	 87.71  	 80.57  	 74.11  	 40.17
1998	   9	  17	  13	 32.12  	 65.08  	 58.89  	 48.88  	 59.19  	 71.26  	 80.83  	 84.96  	 79.66  	 73.03  	 36.88
1998	   9	  29	  13	 25.60  	 53.09  	 56.11  	 51.41  	 61.37  	 70.77  	 82.74  	 85.43  	 80.28  	 74.57  	 38.80
1998	  10	  29	  13	 36.73  	 66.08  	 67.62  	 62.12  	 74.34  	 78.85  	 83.03  	 84.02  	 78.85  	 73.35  	 39.26
1998	  12	   1	  13	 32.99  	 61.33  	 62.89  	 61.33  	 73.13  	 79.70  	 84.49  	 85.94  	 79.93  	 72.91  	 39.41
1998	  12	  30	  13	 29.60  	 44.95  	 57.31  	 60.48  	 70.97  	 77.30  	 83.34  	 81.47  	 79.31  	 72.27  	 35.70
1999	   1	  28	  13	 43.81  	 67.77  	 66.66  	 65.89  	 72.96  	 80.69  	 83.89  	 85.11  	 81.35  	 76.05  	 38.58
1999	   2	  24	  13	 38.78  	 51.48  	 59.30  	 59.72  	 70.95  	 76.36  	 78.49  	 81.90  	 79.77  	 70.53  	 36.47
1999	   3	  19	  13	 48.10  	 71.28  	 71.17  	 68.61  	 73.50  	 80.51  	 84.85  	 88.08  	 81.85  	 74.39  	 39.03
1999	   3	  30	  13	 25.42  	 58.08  	 61.13  	 60.11  	 68.96  	 76.21  	 81.43  	 83.17  	 78.68  	 71.57  	 37.89
1999	   4	  15	  13	 35.67  	 60.02  	 60.33  	 58.25  	 67.95  	 73.58  	 79.53  	 80.36  	 75.15  	 70.35  	 35.90
1999	   4	  28	  13	 40.30  	 73.03  	 72.01  	 65.90  	 73.03  	 78.56  	 82.92  	 84.23  	 85.10  	 84.08  	 40.30
1999	   5	  12	  13	 40.46  	 62.78  	 60.44  	 59.27  	 70.66  	 77.81  	 83.36  	 82.78  	 78.98  	 71.54  	 37.37
1999	   5	  27	  13	 22.33  	 62.06  	 62.50  	 60.30  	 69.84  	 74.97  	 83.19  	 82.60  	 78.79  	 73.21  	 39.17
1999	   6	  15	  13	 31.51  	 64.69  	 65.42  	 63.96  	 71.68  	 81.28  	 83.18  	 84.92  	 84.92  	 82.89  	 38.82
1999	   6	  28	  13	 29.02  	 63.92  	 66.98  	 66.30  	 75.91  	 82.92  	 86.76  	 88.69  	 84.62  	 79.75  	 39.71
1999	   7	  13	  13	 22.23  	 47.29  	 54.85  	 54.56  	 68.51  	 75.48  	 80.53  	 85.43  	 81.57  	 70.59  	 38.56
1999	   7	  29	  13	 28.21  	 57.70  	 55.62  	 52.79  	 64.54  	 74.36  	 82.24  	 86.85  	 78.97  	 73.02  	 38.96
1999	   8	  13	  13	 35.38  	 37.91  	 45.27  	 43.65  	 60.13  	 71.75  	 78.37  	 83.96  	 78.96  	 71.60  	 39.11
1999	   8	  31	  13	 20.67  	 34.00  	 40.53  	 44.07  	 53.48  	 66.99  	 78.72  	 81.38  	 81.27  	 72.41  	 37.20
1999	   9	  15	  13	 17.35  	 27.11  	 35.82  	 39.07  	 56.20  	 66.54  	 78.06  	 85.00  	 79.54  	 73.93  	 39.18
1999	   9	  29	  13	 36.25  	 66.07  	 64.26  	 38.26  	 50.92  	 65.06  	 75.34  	 85.52  	 82.81  	 75.46  	 39.09
1999	  10	  28	  13	 21.93  	 52.12  	 49.74  	 42.61  	 54.79  	 64.15  	 76.33  	 81.38  	 79.15  	 71.13  	 38.61
1999	  12	   1	  13	 29.36  	 49.35  	 49.46  	 43.74  	 49.69  	 63.48  	 75.93  	 84.45  	 81.43  	 74.02  	 39.03
1999	  12	  28	  13	 31.59  	 58.23  	 54.89  	 47.21  	 50.54  	 60.98  	 75.63  	 83.03  	 75.78  	 68.67  	 37.89
2000	   2	   1	  13	 40.70  	 59.19  	 60.19  	 56.31  	 54.10  	 62.19  	 73.48  	 83.23  	 80.46  	 73.37  	 37.68
2000	   2	  28	  13	 36.48  	 69.84  	 66.31  	 65.13  	 75.87  	 78.37  	 86.90  	 88.08  	 88.82  	 84.40  	 39.26
2000	   3	  14	  13	 25.65  	 59.78  	 67.21  	 61.36  	 70.48  	 79.82  	 83.53  	 88.04  	 84.32  	 76.11  	 38.90
2000	   3	  30	  13	 25.57  	 60.23  	 66.31  	 61.70  	 70.48  	 79.37  	 83.20  	 87.36  	 81.17  	 74.64  	 39.35
2000	   4	  13	  13	 25.42  	 54.83  	 62.22  	 60.32  	 68.72  	 78.12  	 82.49  	 84.51  	 83.50  	 73.31  	 38.22
2000	   4	  27	  13	 26.47  	 61.18  	 63.09  	 60.74  	 72.18  	 78.64  	 81.28  	 85.97  	 81.72  	 73.50  	 38.15
2000	   5	  16	  13	 34.47  	 52.40  	 56.79  	 54.43  	 66.91  	 78.39  	 85.14  	 85.81  	 83.11  	 75.46  	 37.96
2000	   5	  31	  13	 42.06  	 74.86  	 72.50  	 71.46  	 84.45  	 86.96  	 91.68  	 88.87  	 86.51  	 83.12  	 40.53
2000	   6	  14	  13	 43.64  	 75.27  	 71.42  	 84.75  	 87.42  	 90.98  	 89.35  	 90.68  	 87.42  	 83.57  	 39.49
2000	   6	  28	  13	 43.97  	 61.77  	 67.48  	 63.45  	 69.84  	 80.47  	 83.72  	 85.74  	 84.39  	 76.33  	 38.95
2000	   7	  14	  13	 29.95  	 58.16  	 67.40  	 64.47  	 72.92  	 81.82  	 85.31  	 86.89  	 85.87  	 78.66  	 39.78
2000	   7	  28	  13	 19.65  	 26.55  	 43.63  	 52.73  	 65.60  	 79.14  	 87.00  	 88.70  	 84.83  	 76.87  	 39.17
2000	   8	  16	  13	 18.21  	 27.65  	 35.56  	 42.78  	 57.68  	 74.62  	 82.86  	 86.14  	 83.20  	 76.43  	 38.95
2000	   8	  30	  13	 19.13  	 29.10  	 35.54  	 41.54  	 56.35  	 71.95  	 82.35  	 86.31  	 83.26  	 74.44  	 38.80
2000	   9	  14	  13	 35.43  	 61.58  	 33.79  	 36.33  	 57.99  	 70.25  	 81.16  	 82.20  	 81.90  	 73.68  	 38.34
2000	   9	  27	  13	 31.51  	 59.60  	 66.83  	 65.25  	 73.04  	 79.36  	 85.23  	 87.60  	 83.43  	 77.78  	 39.06
2000	  10	  31	  13	 25.94  	 38.75  	 57.23  	 56.55  	 67.99  	 78.53  	 82.72  	 85.78  	 82.95  	 74.45  	 38.53
2000	  11	  28	  13	 31.45  	 59.07  	 60.39  	 57.60  	 67.00  	 73.90  	 78.60  	 82.56  	 77.72  	 71.55  	 37.17
2000	  12	  26	  13	 42.68  	 57.77  	 63.78  	 60.28  	 68.04  	 76.01  	 79.61  	 82.34  	 79.72  	 71.53  	 37.13
2001	   1	  31	  13	 57.00  	 66.34  	 63.48  	 62.62  	 71.63  	 76.64  	 78.50  	 80.22  	 78.79  	 77.93  	 37.89
2001	   2	  28	  13	 56.35  	 67.86  	 64.30  	 64.97  	 72.77  	 80.12  	 84.58  	 86.58  	 84.69  	 82.79  	 40.90
2001	   3	  15	  13	 57.98  	 78.16  	 69.05  	 64.36  	 72.14  	 78.31  	 79.33  	 84.47  	 81.39  	 72.58  	 37.76
2001	   3	  29	  13	 33.66  	 64.91  	 64.16  	 64.02  	 72.16  	 79.27  	 83.12  	 86.83  	 80.61  	 74.09  	 38.38
2001	   4	  12	  13	 36.39  	 68.68  	 71.48  	 69.24  	 76.97  	 82.80  	 84.14  	 86.27  	 88.85  	 87.62  	 41.29
2001	   4	  26	  13	 31.90  	 69.85  	 67.90  	 65.80  	 74.51  	 79.31  	 85.17  	 85.47  	 80.96  	 74.81  	 37.93
2001	   5	  16	  13	 29.93  	 59.28  	 64.36  	 63.77  	 76.78  	 80.67  	 83.51  	 87.55  	 82.31  	 77.53  	 39.89
2001	   5	  30	  13	 32.16  	 60.37  	 66.68  	 64.77  	 71.76  	 81.23  	 87.43  	 88.44  	 84.95  	 78.29  	 38.92
2001	   6	  14	  13	 27.08  	 53.28  	 60.00  	 61.94  	 71.79  	 77.76  	 84.33  	 83.28  	 82.09  	 72.98  	 39.40
2001	   6	  28	  13	 18.63  	 21.84  	 43.12  	 49.03  	 63.48  	 77.92  	 84.97  	 86.34  	 86.45  	 76.10  	 39.02
2001	   7	  13	  13	 14.78  	 19.49  	 28.32  	 34.60  	 58.98  	 73.04  	 83.96  	 85.46  	 79.62  	 71.25  	 38.91
2001	   7	  31	  13	 20.32  	 31.35  	 27.30  	 33.15  	 57.15  	 73.65  	 82.05  	 81.90  	 81.00  	 72.90  	 39.23
2001	   8	  14	  13	 23.39  	 50.82  	 34.23  	 34.83  	 56.05  	 72.04  	 80.26  	 84.89  	 78.17  	 71.14  	 38.64
2001	   8	  30	  13	 25.23  	 41.79  	 46.61  	 35.48  	 51.88  	 70.46  	 81.93  	 84.45  	 84.91  	 75.62  	 39.99
2001	   9	  13	  13	 24.08  	 44.10  	 39.58  	 34.91  	 52.23  	 68.35  	 78.14  	 85.52  	 81.60  	 73.02  	 39.82
2001	   9	  27	  13	 31.46  	 60.11  	 67.84  	 66.47  	 73.75  	 79.77  	 84.09  	 87.73  	 83.52  	 80.79  	 39.89
2001	  10	  30	  13	 32.46  	 62.74  	 65.87  	 62.74  	 71.54  	 78.99  	 82.13  	 83.92  	 81.68  	 73.33  	 38.75
2001	  11	  28	  13	 40.54  	 64.60  	 68.53  	 65.39  	 73.01  	 80.64  	 84.45  	 85.69  	 83.11  	 74.81  	 38.47
2001	  12	  27	  13	 33.17  	 61.66  	 67.43  	 65.32  	 71.64  	 80.29  	 83.18  	 86.06  	 83.18  	 75.86  	 38.76
2002	   1	  30	  13	 40.78  	 63.20  	 66.18  	 61.57  	 70.94  	 76.59  	 84.77  	 82.09  	 79.86  	 72.27  	 38.29
2002	   2	  28	  13	 35.82  	 61.49  	 68.79  	 65.08  	 73.06  	 80.02  	 85.86  	 86.65  	 83.28  	 79.23  	 39.51
2002	   3	  13	  13	 36.67  	 66.60  	 70.56  	 65.35  	 73.95  	 81.08  	 85.38  	 85.83  	 86.17  	 79.27  	 40.99
2002	   3	  26	  13	 30.05  	 58.77  	 67.10  	 63.72  	 70.70  	 80.50  	 84.32  	 86.46  	 85.11  	 77.46  	 39.07
2002	   4	  12	  13	 42.25  	 67.96  	 67.81  	 63.95  	 71.38  	 77.92  	 82.98  	 82.53  	 81.05  	 82.53  	 40.52
2002	   4	  30	  13	 36.33  	 51.89  	 63.20  	 62.07  	 70.22  	 80.97  	 84.59  	 87.65  	 84.48  	 74.97  	 40.43
2002	   5	  15	  13	 36.64  	 41.12  	 54.35  	 54.64  	 67.72  	 76.18  	 84.21  	 83.91  	 78.71  	 70.84  	 38.61
2002	   5	  30	  13	 31.78  	 43.95  	 53.94  	 55.13  	 67.66  	 75.71  	 81.53  	 82.87  	 79.74  	 72.28  	 38.45
2002	   6	  12	  13	 31.87  	 49.43  	 66.62  	 63.21  	 71.52  	 84.61  	 86.66  	 89.84  	 86.20  	 78.57  	 39.17
2002	   6	  26	  13	 22.94  	 32.91  	 51.38  	 53.78  	 70.30  	 79.46  	 82.92  	 84.57  	 79.46  	 72.55  	 38.30
2002	   7	  12	  13	 18.30  	 13.68  	 37.52  	 46.76  	 64.11  	 78.71  	 86.12  	 86.01  	 85.21  	 78.48  	 39.18
2002	   7	  31	  13	 20.37  	  9.00  	 27.71  	 41.40  	 59.20  	 73.12  	 83.84  	 86.81  	 86.81  	 76.54  	 38.50
2002	   8	  15	  13	 21.16  	 14.39  	 29.15  	 39.91  	 55.13  	 73.89  	 83.16  	 86.14  	 83.05  	 75.84  	 38.32
2002	   8	  29	  13	 27.43  	 61.00  	 64.77  	 61.45  	 74.28  	 80.77  	 84.39  	 85.00  	 82.88  	 73.68  	 38.42
2002	   9	  12	  13	 20.15  	 42.90  	 55.65  	 56.25  	 69.00  	 78.60  	 84.90  	 85.20  	 80.25  	 72.75  	 39.08
2002	   9	  27	  13	 17.77  	 26.88  	 47.24  	 52.03  	 67.15  	 76.44  	 83.03  	 83.62  	 79.58  	 72.69  	 38.29
2002	  10	  31	  13	 34.94  	 50.35  	 52.43  	 52.28  	 64.79  	 73.57  	 80.12  	 82.94  	 80.12  	 73.42  	 37.90
2002	  11	  27	  13	 35.42  	 38.27  	 56.44  	 52.38  	 62.20  	 73.15  	 79.70  	 84.10  	 82.52  	 74.62  	 37.54
2002	  12	  30	  13	 41.27  	 58.29  	 60.98  	 52.76  	 65.17  	 72.19  	 80.86  	 83.99  	 79.36  	 70.84  	 37.14
2003	   1	  30	  13	 39.71  	 57.19  	 63.74  	 53.01  	 61.03  	 73.00  	 79.11  	 84.53  	 83.51  	 74.47  	 36.67
2003	   2	  27	  13	 44.36  	 60.17  	 64.31  	 46.98  	 62.68  	 70.98  	 78.98  	 81.94  	 76.76  	 71.57  	 37.93
2003	   3	  14	  13	 49.31  	 59.65  	 68.45  	 54.91  	 63.60  	 74.20  	 80.41  	 85.26  	 83.91  	 74.99  	 37.16
2003	   3	  28	  13	 44.92  	 77.38  	 76.03  	 64.43  	 69.70  	 74.07  	 80.85  	 83.86  	 79.04  	 71.06  	 37.41
2003	   4	  15	  13	 25.47  	 55.61  	 69.54  	 64.75  	 74.80  	 82.33  	 84.61  	 86.56  	 83.36  	 74.45  	 37.80
2003	   4	  30	  13	 41.09  	 56.90  	 60.92  	 60.32  	 71.48  	 77.73  	 80.27  	 82.94  	 77.59  	 70.44  	 36.86
2003	   5	  14	  13	 43.86  	 72.90  	 58.09  	 62.39  	 69.65  	 77.35  	 81.50  	 83.42  	 80.16  	 74.39  	 37.79
2003	   5	  29	  13	 23.90  	 60.98  	 63.97  	 60.38  	 72.34  	 79.21  	 84.44  	 84.44  	 81.75  	 71.59  	 38.11
2003	   6	  12	  13	 25.74  	 38.01  	 57.88  	 56.18  	 67.08  	 77.64  	 84.80  	 87.30  	 84.46  	 76.28  	 38.31
2003	   6	  26	  13	 27.36  	 25.27  	 34.23  	 47.68  	 63.97  	 78.02  	 81.75  	 82.35  	 80.41  	 73.98  	 38.04
2003	   7	  15	  13	 35.24  	 67.19  	 77.03  	 71.66  	 76.59  	 81.40  	 83.30  	 86.55  	 84.53  	 78.38  	 39.52
2003	   7	  31	  13	 15.85  	 32.89  	 58.58  	 59.61  	 69.54  	 81.53  	 85.19  	 88.04  	 86.56  	 78.11  	 38.71
2003	   8	  14	  13	 16.37  	 14.28  	 41.97  	 57.53  	 64.74  	 79.16  	 85.22  	 87.51  	 85.79  	 75.95  	 39.29
2003	   8	  27	  13	 11.76  	 17.90  	 25.38  	 39.01  	 62.06  	 75.09  	 82.28  	 85.87  	 80.48  	 71.65  	 38.67
2003	   9	  16	  13	 31.89  	 59.06  	 67.56  	 49.65  	 61.82  	 80.07  	 84.77  	 87.76  	 86.38  	 79.15  	 39.46
2003	   9	  30	  13	 22.16  	 51.21  	 54.32  	 49.73  	 66.78  	 74.04  	 79.98  	 81.46  	 78.79  	 73.01  	 38.73
2003	  10	  30	  13	 31.67  	 27.80  	 48.75  	 49.66  	 62.41  	 74.13  	 81.53  	 87.91  	 83.81  	 77.66  	 38.21
2003	  11	  26	  13	 30.91  	 61.57  	 66.71  	 64.14  	 70.50  	 79.00  	 82.68  	 85.03  	 84.92  	 75.76  	 38.16
2003	  12	  30	  13	 41.21  	 63.06  	 70.97  	 63.63  	 70.75  	 80.58  	 84.64  	 85.77  	 84.53  	 74.25  	 38.14
2004	   1	  29	  13	 43.97  	 63.62  	 57.16  	 56.87  	 69.49  	 75.66  	 80.80  	 83.74  	 79.04  	 70.67  	 37.10
2004	   2	  26	  13	 55.24  	 74.22  	 73.43  	 64.03  	 71.85  	 79.32  	 84.20  	 87.14  	 84.65  	 79.89  	 41.59
2004	   3	  12	  13	 35.29  	 61.04  	 70.60  	 64.57  	 71.52  	 81.19  	 85.06  	 88.70  	 85.06  	 80.17  	 39.68
2004	   3	  31	  13	 36.85  	 71.82  	 69.15  	 67.08  	 74.04  	 77.90  	 82.64  	 84.13  	 83.68  	 80.86  	 40.88
2004	   4	  15	  13	 19.80  	 58.35  	 61.20  	 61.05  	 72.15  	 80.25  	 85.35  	 84.75  	 82.20  	 73.20  	 38.25
2004	   4	  29	  13	 28.56  	 48.50  	 63.74  	 60.87  	 69.35  	 80.93  	 87.00  	 87.80  	 85.74  	 78.06  	 39.32
2004	   5	  12	  13	 36.45  	 45.81  	 55.49  	 55.49  	 67.56  	 75.91  	 83.21  	 81.72  	 77.69  	 72.03  	 37.43
2004	   5	  27	  13	 34.97  	 58.74  	 70.77  	 68.13  	 74.20  	 83.36  	 86.23  	 87.71  	 87.94  	 81.87  	 41.22
2004	   6	  15	  13	 37.84  	 66.71  	 67.61  	 66.12  	 74.62  	 79.40  	 85.67  	 85.97  	 81.94  	 74.77  	 41.27
2004	   6	  30	  13	 27.16  	 52.77  	 59.70  	 61.21  	 69.20  	 80.36  	 85.63  	 86.54  	 81.86  	 74.03  	 39.80
