# Station Name: Springfield
# Station Code: LLC
# Station Latitude: 39.520000
# Station Longitude: 89.620000
# Station Altitude: 177.000000
Year	  MO	  DY	 Sta	 0-10cm 	 10-30  	 30-50  	 50-70  	 70-90  	 90-110 	 110-130	 130-150	 150-170	 170-190	 190-200
1982	   7	  22	   9	 35.35  	 64.97  	 68.19  	 71.42  	 70.68  	 71.10  	 72.86  	 70.57  	 73.81  	 77.67  	 38.83
1982	   7	  29	   9	 17.42  	 60.01  	 66.99  	 72.03  	 71.14  	 70.38  	 73.33  	 69.81  	 74.68  	 77.34  	 38.67
1982	   8	  11	   9	 31.48  	 64.23  	 69.32  	 72.39  	 72.29  	 70.76  	 80.87  	 70.86  	 74.43  	 77.83  	 38.92
1982	   9	   1	   9	 34.10  	 60.21  	 66.26  	 72.48  	 72.45  	 71.96  	 73.46  	 70.49  	 74.51  	 77.05  	 38.52
1982	   9	  15	   9	 30.34  	 62.26  	 66.47  	 72.44  	 71.66  	 71.08  	 73.11  	 69.52  	 73.04  	 76.38  	 38.19
1982	   9	  29	   9	 18.34  	 55.84  	 67.23  	 71.99  	 71.69  	 69.93  	 71.05  	 70.26  	 72.22  	 75.13  	 37.56
1982	  10	  27	   9	 27.81  	 61.62  	 69.40  	 70.44  	 70.51  	 70.33  	 72.20  	 68.90  	 73.52  	 77.06  	 38.53
1982	  11	  29	   9	 35.17  	 65.24  	 69.55  	 73.74  	 72.64  	 74.14  	 73.04  	 71.31  	 76.08  	 74.99  	 37.49
1982	  12	  13	   9	 33.89  	 65.22  	 75.62  	 76.17  	 83.29  	 78.07  	 75.99  	 76.26  	 77.66  	 77.63  	 38.82
1982	  12	  27	   9	 46.88  	 70.50  	 78.94  	 76.39  	 76.89  	 78.62  	 75.94  	 76.39  	 77.09  	 76.77  	 38.38
1983	   1	  25	   9	 36.64  	 63.30  	 67.84  	 73.47  	 71.57  	 72.82  	 76.03  	 74.78  	 75.50  	 74.76  	 37.38
1983	   2	  22	   9	 32.58  	 64.82  	 70.78  	 72.77  	 71.66  	 72.02  	 74.84  	 75.65  	 77.87  	 76.62  	 38.31
1983	   3	  15	   9	 31.58  	 64.68  	 69.27  	 72.28  	 71.64  	 71.48  	 73.18  	 74.18  	 75.57  	 76.51  	 38.25
1983	   3	  28	   9	 33.70  	 66.51  	 71.12  	 76.41  	 74.63  	 75.85  	 73.66  	 75.88  	 75.36  	 75.52  	 37.76
1983	   4	  12	   9	 35.15  	 69.95  	 80.51  	 78.97  	 77.12  	 78.75  	 77.80  	 77.30  	 78.82  	 78.88  	 39.44
1983	   4	  26	   9	 22.36  	 63.14  	 71.72  	 77.45  	 77.21  	 78.37  	 77.10  	 74.18  	 79.16  	 77.18  	 38.59
1983	   5	  16	   9	 32.98  	 66.23  	 72.51  	 75.94  	 77.64  	 78.89  	 77.21  	 76.50  	 78.27  	 75.90  	 37.95
1983	   5	  31	   9	 23.65  	 57.54  	 66.90  	 74.66  	 72.56  	 73.99  	 75.29  	 76.10  	 76.82  	 75.62  	 37.81
1983	   6	  13	   9	 18.53  	 54.38  	 68.47  	 74.25  	 75.44  	 78.23  	 76.83  	 77.23  	 78.93  	 77.98  	 38.99
1983	   6	  27	   9	 15.94  	 48.81  	 61.51  	 70.18  	 72.51  	 74.11  	 75.10  	 77.07  	 76.45  	 78.23  	 39.12
1983	   7	  11	   9	 15.78  	 52.02  	 63.65  	 68.20  	 69.77  	 70.72  	 72.04  	 72.56  	 75.85  	 75.84  	 37.92
1983	   7	  26	   9	 16.50  	 43.48  	 56.43  	 64.07  	 64.23  	 69.79  	 73.97  	 71.69  	 75.85  	 77.19  	 38.60
1983	   8	  15	   9	  9.14  	 42.07  	 52.70  	 57.77  	 56.30  	 60.44  	 69.87  	 68.24  	 72.52  	 77.15  	 38.57
1983	   8	  29	   9	 17.28  	 43.67  	 53.48  	 58.51  	 56.96  	 58.20  	 67.68  	 68.16  	 71.61  	 75.46  	 37.73
1983	   9	  12	   9	  9.63  	 41.84  	 51.69  	 57.65  	 56.74  	 58.77  	 68.68  	 67.64  	 71.41  	 75.61  	 37.81
1983	   9	  27	   9	 12.70  	 41.97  	 52.79  	 59.23  	 56.63  	 59.41  	 68.14  	 69.03  	 71.18  	 75.70  	 37.85
1983	  10	  25	   9	 32.60  	 65.48  	 69.01  	 72.94  	 70.27  	 69.99  	 70.44  	 67.91  	 71.16  	 76.35  	 38.18
1983	  11	  29	   9	 48.17  	 68.09  	 74.88  	 77.98  	 79.29  	 77.90  	 77.82  	 78.64  	 79.53  	 80.43  	 40.05
1983	  12	  29	   9	999.99  	 64.31  	 71.93  	 75.30  	 76.59  	 76.75  	 76.59  	 81.56  	 84.77  	 82.52  	 38.98
1984	   2	   2	   9	999.99  	 73.19  	 71.88  	 76.28  	 77.18  	 76.85  	 80.60  	 82.39  	 85.97  	 83.12  	 39.61
1984	   3	   5	   9	 43.76  	 76.63  	 81.95  	 84.73  	 83.34  	 84.08  	 84.40  	 83.75  	 87.35  	 83.91  	 40.20
1984	   3	  15	   9	 45.58  	 76.27  	 82.58  	 84.47  	 82.67  	 83.57  	 85.13  	 84.06  	 87.34  	 83.98  	 40.23
1984	   3	  28	   9	 43.26  	 79.32  	 83.19  	 83.68  	 82.36  	 83.60  	 84.67  	 83.68  	 86.72  	 83.60  	 39.17
1984	   4	  18	   9	 38.00  	 73.87  	 77.83  	 82.04  	 84.27  	 85.67  	 85.01  	 84.27  	 87.24  	 83.69  	 40.11
1984	   4	  25	   9	 40.70  	 78.29  	 82.40  	 86.00  	 85.91  	 85.58  	 85.66  	 84.66  	 88.17  	 84.07  	 40.19
1984	   5	  16	   9	 33.52  	 69.66  	 75.20  	 80.99  	 81.40  	 84.30  	 83.55  	 84.63  	 87.03  	 84.55  	 40.12
1984	   5	  31	   9	 36.01  	 77.39  	 79.13  	 85.51  	 86.42  	 86.09  	 84.68  	 83.85  	 86.25  	 84.51  	 40.23
1984	   6	  11	   9	 26.66  	 70.93  	 75.27  	 80.95  	 82.12  	 84.12  	 85.04  	 83.96  	 86.21  	 84.96  	 40.77
1984	   6	  27	   9	 23.90  	 65.10  	 74.87  	 79.16  	 78.91  	 78.91  	 82.20  	 84.30  	 87.00  	 85.31  	 40.72
1984	   7	  17	   9	 34.13  	 72.54  	 74.73  	 78.36  	 77.43  	 77.68  	 80.55  	 85.28  	 86.54  	 83.93  	 40.95
1984	   8	   1	   9	 23.39  	 70.05  	 74.71  	 78.52  	 76.91  	 77.67  	 79.79  	 77.93  	 80.64  	 84.19  	 40.53
1984	   8	  15	   9	 17.83  	 57.33  	 72.33  	 79.10  	 78.50  	 78.41  	 79.69  	 77.72  	 79.87  	 84.24  	 40.96
1984	   8	  29	   9	 20.41  	 54.49  	 70.57  	 75.82  	 76.85  	 77.20  	 79.86  	 78.14  	 80.72  	 82.87  	 40.49
1984	   9	  13	   9	 33.06  	 70.19  	 70.19  	 73.75  	 73.07  	 73.83  	 77.06  	 75.61  	 78.75  	 82.91  	 40.69
1984	   9	  27	   9	 33.98  	 70.17  	 72.93  	 73.19  	 72.52  	 72.77  	 76.37  	 74.86  	 78.29  	 83.32  	 40.15
1984	  10	  31	   9	 33.44  	 71.92  	 75.72  	 79.27  	 77.15  	 77.15  	 78.76  	 75.80  	 79.10  	 82.73  	 40.05
1984	  11	  30	   9	 38.24  	 74.41  	 76.08  	 78.76  	 78.26  	 79.18  	 81.10  	 76.92  	 77.67  	 82.27  	 39.96
1984	  12	  31	   9	 42.85  	 75.25  	 76.75  	 79.09  	 79.51  	 83.60  	 83.94  	 81.93  	 84.69  	 82.52  	 40.21
1985	   1	  31	   9	 24.01  	 70.76  	 73.65  	 78.61  	 77.21  	 78.45  	 80.18  	 82.91  	 84.32  	 83.16  	 40.13
1985	   2	  27	   9	 43.44  	 81.42  	 83.27  	 85.04  	 84.54  	 84.87  	 84.70  	 83.95  	 85.88  	 85.80  	 40.96
1985	   3	  13	   9	 46.28  	 81.49  	 84.15  	 84.64  	 84.40  	 83.98  	 84.23  	 84.23  	 86.80  	 83.73  	 40.25
1985	   3	  28	   9	 33.05  	 72.19  	 77.30  	 81.81  	 82.66  	 85.21  	 86.57  	 84.96  	 86.91  	 86.15  	 41.24
1985	   4	  17	   9	 36.54  	 76.38  	 80.02  	 85.45  	 86.04  	 86.47  	 85.79  	 85.02  	 85.02  	 84.18  	 40.56
1985	   5	   1	   9	 43.24  	 69.09  	 75.57  	 80.45  	 82.22  	 86.00  	 85.83  	 84.40  	 84.40  	 85.83  	 40.86
1985	   5	  15	   9	 29.25  	 64.70  	 74.93  	 79.16  	 78.31  	 80.85  	 84.31  	 84.40  	 86.43  	 85.08  	 40.55
1985	   5	  29	   9	 15.16  	 55.84  	 70.53  	 77.97  	 78.39  	 78.31  	 80.36  	 81.47  	 77.03  	 84.29  	 41.38
1985	   6	  12	   9	 34.51  	 74.60  	 75.70  	 75.61  	 75.11  	 76.04  	 80.62  	 84.86  	 86.55  	 84.01  	 40.35
1985	   6	  26	   9	 20.80  	 63.63  	 74.33  	 78.22  	 77.53  	 76.92  	 80.46  	 80.29  	 86.68  	 86.34  	 41.40
1985	   7	  16	   9	 23.34  	 51.13  	 66.60  	 73.68  	 71.55  	 72.77  	 75.71  	 75.30  	 79.07  	 80.58  	 39.34
1985	   7	  31	   9	 32.94  	 51.75  	 62.50  	 72.90  	 72.64  	 73.16  	 77.16  	 76.05  	 80.06  	 82.79  	 40.50
1985	   8	  14	   9	 31.18  	 67.63  	 73.97  	 73.38  	 72.62  	 71.10  	 75.58  	 77.10  	 79.73  	 85.14  	 40.63
1985	   8	  28	   9	 25.45  	 65.16  	 74.77  	 75.62  	 72.65  	 71.80  	 75.28  	 76.39  	 79.79  	 83.19  	 41.34
1985	   9	  18	   9	 16.28  	 53.07  	 70.40  	 74.66  	 72.10  	 72.87  	 75.17  	 77.14  	 77.91  	 83.80  	 40.49
1985	  10	   3	   9	 14.68  	 52.79  	 65.09  	 72.05  	 70.55  	 69.04  	 73.69  	 73.52  	 74.97  	 78.01  	 38.78
1985	  10	  30	   9	 33.73  	 70.97  	 74.92  	 77.95  	 76.60  	 74.25  	 74.92  	 75.43  	 79.04  	 81.98  	 39.94
1985	  12	   4	   9	 38.90  	 74.28  	 79.32  	 85.53  	 85.87  	 84.94  	 84.61  	 83.18  	 86.12  	 84.61  	 40.88
1985	  12	  31	   9	 48.36  	 68.64  	 75.13  	 79.95  	 79.37  	 82.11  	 83.70  	 83.78  	 86.94  	 83.36  	 40.06
1986	   1	  30	   9	 31.76  	 73.19  	 74.66  	 79.16  	 78.35  	 77.12  	 79.57  	 80.47  	 81.38  	 83.26  	 40.65
1986	   2	  27	   9	 35.60  	 75.93  	 78.01  	 84.76  	 84.84  	 84.84  	 84.26  	 85.59  	 87.59  	 85.84  	 40.84
1986	   3	  20	   9	 28.31  	 73.41  	 77.52  	 80.45  	 81.45  	 83.80  	 85.14  	 85.73  	 87.49  	 86.06  	 40.52
1986	   4	   3	   9	 22.11  	 61.84  	 75.08  	 79.28  	 79.86  	 80.53  	 81.62  	 83.38  	 87.99  	 85.65  	 40.77
1986	   4	  16	   9	 20.75  	 52.50  	 71.59  	 77.62  	 77.46  	 78.21  	 80.22  	 81.64  	 88.51  	 85.41  	 41.03
1986	   4	  30	   9	 15.86  	 49.62  	 67.19  	 76.52  	 79.01  	 81.35  	 82.18  	 82.51  	 85.34  	 86.34  	 41.17
1986	   5	  15	   9	 18.77  	 52.96  	 65.45  	 74.41  	 76.59  	 77.10  	 80.53  	 78.44  	 84.22  	 85.48  	 40.64
1986	   5	  28	   9	 32.32  	 68.44  	 68.86  	 73.21  	 75.14  	 77.31  	 78.82  	 78.99  	 84.42  	 85.43  	 41.63
1986	   6	  11	   9	 35.83  	 72.88  	 77.68  	 80.81  	 77.77  	 80.81  	 84.77  	 83.59  	 86.38  	 85.87  	 41.37
1986	   7	  16	   9	 33.50  	 71.68  	 77.73  	 80.56  	 80.05  	 78.18  	 81.91  	 80.50  	 84.42  	 86.10  	 42.47
1986	   7	  30	   9	 32.69  	 71.64  	 78.38  	 80.63  	 78.89  	 78.06  	 81.33  	 79.34  	 84.67  	 85.31  	 41.98
1986	   8	  12	   9	999.99  	 70.29  	 77.20  	 79.14  	 79.14  	 77.20  	 78.30  	 77.88  	 81.84  	 83.95  	 40.92
1986	   8	  27	   9	 20.91  	 53.41  	 70.00  	 76.94  	 75.07  	 75.50  	 77.53  	 77.27  	 79.98  	 83.79  	 41.01
1986	   9	  17	   9	 27.37  	 48.56  	 61.07  	 68.59  	 68.42  	 71.30  	 75.86  	 76.88  	 79.33  	 82.20  	 40.30
1986	  10	   1	   9	 38.91  	 74.39  	 77.32  	 80.51  	 78.08  	 73.80  	 76.40  	 76.48  	 79.25  	 81.85  	 39.96
1986	  10	  30	   9	 33.56  	 72.56  	 78.51  	 79.96  	 80.64  	 82.17  	 83.87  	 83.44  	 85.31  	 86.50  	 41.25
1986	  12	   2	   9	 37.31  	 75.05  	 81.41  	 84.42  	 82.92  	 84.00  	 84.00  	 83.75  	 85.26  	 84.51  	 40.66
1986	  12	  31	   9	 32.33  	 71.96  	 77.40  	 79.57  	 78.73  	 79.40  	 83.59  	 82.33  	 84.84  	 86.10  	 41.54
1987	   1	  29	   9	 35.92  	 71.27  	 76.28  	 78.25  	 77.52  	 76.86  	 79.24  	 81.05  	 83.68  	 84.58  	 40.28
1987	   2	  26	   9	 26.36  	 70.92  	 77.22  	 79.32  	 79.15  	 78.81  	 81.16  	 83.18  	 84.77  	 85.11  	 41.50
1987	   3	  17	   9	 29.95  	 70.92  	 76.54  	 79.90  	 78.81  	 79.90  	 80.07  	 82.59  	 85.03  	 84.02  	 40.96
1987	   4	   1	   9	 30.70  	 72.34  	 76.90  	 79.35  	 77.83  	 78.59  	 79.10  	 80.79  	 85.09  	 84.42  	 41.41
1987	   4	  16	   9	 34.17  	 74.82  	 77.35  	 80.30  	 81.57  	 84.35  	 84.77  	 81.99  	 84.69  	 86.12  	 40.99
1987	   4	  29	   9	 34.17  	 58.40  	 73.33  	 78.19  	 79.21  	 78.53  	 81.77  	 83.05  	 85.09  	 84.92  	 41.74
1987	   5	  13	   9	 18.55  	 53.38  	 67.77  	 75.68  	 76.70  	 77.55  	 80.11  	 80.11  	 83.51  	 85.64  	 41.58
1987	   5	  28	   9	 13.36  	 48.16  	 58.79  	 68.05  	 71.63  	 74.09  	 78.85  	 78.26  	 80.89  	 83.19  	 42.06
1987	   6	  18	   9	 13.48  	 47.91  	 58.10  	 65.99  	 64.02  	 67.19  	 74.98  	 76.52  	 80.21  	 84.49  	 41.22
1987	   7	   1	   9	 35.54  	 59.38  	 59.72  	 66.24  	 64.80  	 65.39  	 73.61  	 76.49  	 80.64  	 81.82  	 40.40
1987	   7	  15	   9	 19.87  	 64.87  	 72.53  	 67.68  	 64.87  	 66.57  	 75.25  	 76.53  	 79.17  	 83.68  	 40.95
1987	   7	  31	   9	 17.02  	 52.93  	 64.39  	 66.68  	 64.98  	 65.24  	 74.23  	 75.84  	 78.64  	 82.29  	 39.87
1987	   8	  13	   9	 18.74  	 58.74  	 61.36  	 65.67  	 63.30  	 64.82  	 72.42  	 75.21  	 77.66  	 81.29  	 40.48
1987	   9	   3	   9	 14.23  	 50.51  	 58.57  	 64.66  	 63.38  	 64.58  	 72.13  	 74.61  	 77.79  	 80.44  	 39.88
1987	   9	  18	   9	 18.76  	 46.36  	 55.91  	 64.45  	 61.66  	 61.32  	 69.77  	 72.14  	 75.95  	 79.92  	 39.03
1987	   9	  30	   9	 28.32  	 55.65  	 57.43  	 63.36  	 61.41  	 62.77  	 69.88  	 72.00  	 77.16  	 78.86  	 39.51
1987	  10	  29	   9	 30.70  	 67.31  	 57.81  	 64.25  	 62.47  	 61.97  	 70.10  	 73.33  	 76.55  	 80.70  	 39.76
1987	  12	   2	   9	 33.36  	 71.87  	 77.86  	 79.14  	 69.99  	 62.98  	 70.08  	 73.41  	 77.69  	 80.94  	 40.08
1987	  12	  29	   9	 34.34  	 76.86  	 82.99  	 83.58  	 83.75  	 83.75  	 83.58  	 82.23  	 82.57  	 84.92  	 42.08
1988	   1	  28	   9	 36.61  	 72.14  	 76.46  	 80.36  	 82.99  	 85.96  	 83.92  	 84.69  	 84.18  	 84.60  	 40.73
1988	   3	   3	   9	 27.01  	 77.42  	 80.62  	 84.15  	 85.41  	 84.74  	 85.75  	 84.15  	 84.82  	 85.16  	 41.11
1988	   3	  15	   9	 31.82  	 75.89  	 80.28  	 84.50  	 83.49  	 84.75  	 84.84  	 82.98  	 84.42  	 85.01  	 41.41
1988	   3	  29	   9	 41.57  	 76.23  	 78.44  	 82.42  	 83.18  	 84.03  	 85.63  	 82.84  	 85.21  	 83.77  	 41.42
1988	   4	  14	   9	 25.90  	 70.46  	 78.79  	 83.77  	 84.11  	 85.57  	 85.40  	 84.97  	 86.09  	 86.69  	 41.93
1988	   4	  28	   9	 42.75  	 63.50  	 74.63  	 78.87  	 78.45  	 81.08  	 83.46  	 84.65  	 85.33  	 85.50  	 41.69
1988	   5	  19	   9	 15.89  	 56.31  	 69.29  	 77.65  	 76.71  	 75.77  	 79.27  	 80.72  	 84.73  	 84.48  	 41.77
1988	   6	   1	   9	 18.06  	 54.13  	 68.98  	 77.36  	 77.44  	 77.79  	 81.50  	 81.93  	 84.18  	 86.16  	 41.40
1988	   6	  15	   9	 16.23  	 52.54  	 64.52  	 75.48  	 76.24  	 77.09  	 78.87  	 79.30  	 82.10  	 84.99  	 41.05
1988	   6	  29	   9	 11.95  	 51.19  	 61.60  	 73.89  	 75.94  	 75.94  	 79.19  	 78.25  	 81.49  	 84.65  	 40.15
1988	   7	  14	   9	 10.83  	 50.14  	 61.10  	 72.14  	 74.23  	 76.49  	 79.44  	 78.22  	 81.27  	 84.31  	 40.94
1988	   7	  27	   9	 26.52  	 70.34  	 69.30  	 72.32  	 73.35  	 75.25  	 78.27  	 76.54  	 80.59  	 83.70 -	999.99
1988	   8	   2	   9	 17.22  	 66.54  	 68.92  	 71.38  	 72.39  	 74.26  	 77.73  	 76.97  	 79.68  	 79.68 -	999.99
1988	   8	  17	   9	 16.86  	 59.31  	 65.71  	 72.03  	 71.86  	 73.50  	 77.05  	 76.87  	 80.94  	 82.50 -	999.99
1988	   9	   1	   9	 14.27  	 46.86  	 61.54  	 69.43  	 70.38  	 69.09  	 74.84  	 75.96  	 78.88  	 82.40  	 40.81
1988	   9	  15	   9	 16.67  	 46.23  	 59.22  	 67.82  	 66.19  	 67.48  	 73.33  	 75.05  	 78.92  	 81.41  	 40.32
1988	   9	  30	   9	 16.55  	 53.19  	 59.51  	 66.86  	 66.69  	 66.69  	 72.93  	 75.32  	 77.97  	 80.70  	 40.39
1988	  11	   2	   9	 20.39  	 51.80  	 58.96  	 65.77  	 65.86  	 66.97  	 72.93  	 74.38  	 78.55  	 81.53  	 40.30
1988	  12	   1	   9	 29.58  	 70.04  	 74.29  	 80.40  	 78.87  	 79.89  	 81.34  	 79.64  	 79.04  	 80.74  	 40.41
1988	  12	  28	   9	 31.28  	 71.48  	 76.51  	 79.61  	 79.11  	 79.11  	 79.44  	 79.19  	 79.86  	 82.46  	 40.77
1989	   1	  27	   9	 33.37  	 71.60  	 76.02  	 79.85  	 79.08  	 77.13  	 79.17  	 80.53  	 78.57  	 81.55  	 41.75
1989	   2	  28	   9	 47.88  	 70.55  	 74.59  	 80.13  	 78.62  	 78.28  	 81.73  	 77.78  	 79.80  	 82.65  	 41.62
1989	   3	  15	   9	 28.15  	 69.61  	 76.28  	 77.97  	 78.99  	 78.74  	 83.64  	 81.27  	 83.13  	 84.23  	 41.19
1989	   3	  28	   9	 29.09  	 69.65  	 78.71  	 78.37  	 78.63  	 80.77  	 82.90  	 81.71  	 83.76  	 84.02  	 41.54
1989	   4	  12	   9	 24.83  	 74.88  	 77.94  	 85.16  	 84.40  	 84.65  	 82.78  	 81.76  	 81.68  	 83.89  	 40.80
1989	   4	  25	   9	 24.62  	 65.15  	 76.00  	 80.62  	 81.56  	 84.20  	 84.80  	 82.24  	 84.63  	 85.83 -	999.99
1989	   5	  17	   9	 20.17  	 61.82  	 72.22  	 77.54  	 76.96  	 78.20  	 82.20  	 81.20  	 82.53  	 83.61 -	999.99
1989	   5	  31	   9	 28.30  	 73.61  	 76.24  	 78.79  	 77.94  	 80.74  	 83.38  	 82.61  	 83.63  	 84.99 -	999.99
1989	   6	  13	   9	 30.91  	 65.12  	 72.18  	 77.80  	 77.22  	 77.80  	 81.58  	 81.67  	 83.93  	 84.44 -	999.99
1989	   6	  28	   9	 16.46  	 61.66  	 71.59  	 76.72  	 77.15  	 78.43  	 80.92  	 82.11  	 84.68  	 85.28  	 41.23
1989	   7	  13	   9	 18.38  	 62.64  	 70.61  	 76.95  	 77.04  	 77.90  	 79.01  	 80.04  	 82.86  	 84.75  	 41.48
1989	   8	   3	   9	 22.45  	 69.52  	 74.21  	 78.12  	 76.93  	 76.17  	 79.57  	 78.04  	 80.34  	 82.47  	 40.51
1989	   8	  15	   9	 17.76  	 61.08  	 73.30  	 77.29  	 77.12  	 75.59  	 77.29  	 76.95  	 79.49  	 82.38  	 40.30
1989	   8	  30	   9	 26.33  	 59.81  	 72.02  	 76.37  	 77.65  	 76.54  	 77.48  	 76.63  	 77.74  	 82.09  	 40.45
1989	   9	  20	   9	 23.43  	 67.14  	 75.23  	 79.74  	 78.38  	 80.08  	 80.68  	 76.68  	 78.04  	 80.77  	 40.17
1989	  10	   3	   9	 18.55  	 60.06  	 73.55  	 77.46  	 77.96  	 77.29  	 80.17  	 75.59  	 77.20  	 80.34  	 40.21
1989	  10	  31	   9	 23.82  	 55.44  	 70.44  	 75.87  	 76.97  	 76.21  	 78.41  	 75.87  	 78.07  	 80.62  	 40.01
1989	  11	  30	   9	 22.50  	 58.53  	 68.53  	 76.06  	 76.06  	 76.32  	 76.15  	 75.89  	 78.60  	 82.08  	 40.57
1990	   1	   4	   9	 36.22  	 67.79  	 70.66  	 75.71  	 74.78  	 74.28  	 75.37  	 75.96  	 78.15  	 81.18  	 40.00
1990	   1	  30	   9	 29.45  	 68.62  	 75.89  	 78.51  	 76.73  	 73.78  	 75.89  	 75.38  	 77.15  	 80.79  	 39.80
1990	   2	  27	   9	 33.29  	 70.47  	 75.76  	 78.10  	 79.28  	 78.86  	 82.21  	 81.29  	 82.71  	 84.56  	 40.22
1990	   3	  16	   9	 27.29  	 69.15  	 75.37  	 78.98  	 77.97  	 77.89  	 81.16  	 81.50  	 83.01  	 83.18  	 41.13
1990	   3	  27	   9	 28.33  	 71.12  	 75.11  	 80.11  	 78.41  	 77.23  	 80.45  	 82.06  	 82.74  	 84.35  	 41.33
1990	   4	  19	   9	 25.07  	 71.65  	 76.67  	 79.64  	 78.20  	 79.64  	 80.83  	 81.68  	 84.31  	 84.65  	 41.01
1990	   5	   2	   9	 25.08  	 63.75  	 73.92  	 78.24  	 77.99  	 77.14  	 82.06  	 80.87  	 84.09  	 83.84  	 40.73
1990	   5	  17	   9	 39.37  	 76.90  	 81.49  	 83.70  	 83.10  	 83.44  	 83.02  	 82.34  	 84.97  	 84.46  	 40.91
1990	   5	  30	   9	 29.56  	 72.62  	 79.00  	 83.00  	 84.02  	 83.94  	 82.23  	 82.57  	 84.53  	 84.53  	 41.03
1990	   6	  14	   9	 31.50  	 70.47  	 75.90  	 79.81  	 81.68  	 83.80  	 83.12  	 83.80  	 84.99  	 84.31  	 40.71
1990	   6	  27	   9	 25.82  	 71.18  	 78.13  	 81.04  	 82.67  	 84.56  	 82.85  	 83.53  	 85.85  	 85.16  	 41.08
1990	   7	  19	   9	 23.99  	 66.95  	 74.43  	 79.79  	 78.26  	 78.09  	 81.15  	 81.32  	 83.36  	 85.40  	 40.74
1990	   8	   2	   9	 22.00  	 66.81  	 75.77  	 78.50  	 77.22  	 79.10  	 80.64  	 80.72  	 84.82  	 84.99  	 40.87
1990	   8	  14	   9	 31.78  	 70.09  	 75.80  	 82.45  	 77.84  	 79.21  	 80.40  	 77.25  	 80.57  	 84.75  	 40.46
1990	   8	  28	   9	 21.80  	 65.26  	 76.16  	 81.99  	 76.16  	 78.81  	 79.76  	 80.44  	 80.62  	 83.70  	 40.31
1990	   9	  13	   9	 18.91  	 65.13  	 75.40  	 78.59  	 77.90  	 81.09  	 79.19  	 79.97  	 82.38  	 84.89  	 40.72
1990	   9	  27	   9	 24.28  	 66.32  	 72.69  	 77.52  	 78.72  	 77.77  	 79.84  	 78.20  	 80.53  	 83.46  	 40.26
1990	  10	  31	   9	 22.70  	 67.31  	 75.44  	 78.43  	 78.01  	 81.77  	 82.37  	 81.26  	 84.42  	 85.71  	 41.36
1990	  11	  28	   9	 34.59  	 71.39  	 77.11  	 80.72  	 81.56  	 83.41  	 82.57  	 81.14  	 82.40  	 85.01  	 40.61
1990	  12	  28	   9	 33.21  	 72.77  	 78.78  	 83.46  	 83.21  	 82.87  	 82.87  	 81.62  	 84.71  	 84.37  	 40.60
1991	   1	  29	   9	 28.04  	 72.26  	 77.47  	 79.65  	 83.01  	 84.02  	 82.09  	 83.09  	 83.35  	 85.19  	 43.48
1991	   2	  26	   9	 43.26  	 73.72  	 79.75  	 83.90  	 84.92  	 84.07  	 83.06  	 83.31  	 86.03  	 84.41  	 41.32
1991	   3	  12	   9	 38.22  	 69.78  	 76.39  	 81.24  	 82.42  	 83.75  	 83.00  	 82.16  	 82.92  	 84.17  	 41.21
1991	   3	  26	   9	 32.75  	 74.91  	 81.44  	 86.70  	 85.09  	 83.23  	 83.65  	 83.82  	 85.01  	 86.37  	 40.93
1991	   4	  16	   9	 37.12  	 74.98  	 79.20  	 83.00  	 84.86  	 83.76  	 83.93  	 82.66  	 83.68  	 85.19  	 40.78
1991	   4	  30	   9	 23.54  	 68.53  	 77.59  	 80.30  	 82.33  	 85.13  	 84.19  	 82.33  	 84.79  	 84.28  	 41.29
1991	   5	  17	   9	 22.82  	 68.68  	 77.80  	 82.44  	 82.96  	 87.52  	 84.08  	 83.39  	 85.28  	 84.42  	 42.12
1991	   5	  29	   9	 22.09  	 67.61  	 76.57  	 78.95  	 80.57  	 84.07  	 83.39  	 81.94  	 84.15  	 85.86  	 41.40
1991	   6	  11	   9	 18.68  	 65.85  	 76.38  	 77.75  	 80.49  	 78.26  	 84.00  	 84.34  	 83.91  	 85.20  	 41.83
1991	   6	  26	   9	 25.93  	 68.66  	 76.17  	 79.33  	 79.42  	 80.10  	 79.25  	 78.31  	 82.92  	 84.20  	 41.72
1991	   7	  16	   9	 24.45  	 66.93  	 74.21  	 78.15  	 78.67  	 79.69  	 80.47  	 80.12  	 80.29  	 82.78  	 41.13
1991	   7	  30	   9	 18.09  	 64.09  	 73.30  	 79.38  	 78.60  	 81.55  	 80.16  	 78.16  	 79.38  	 81.38  	 40.90
1991	   8	  15	   9	 22.36  	 67.81  	 74.79  	 78.67  	 78.24  	 79.02  	 80.05  	 77.81  	 78.24  	 81.78  	 40.54
1991	   8	  29	   9	 31.82  	 64.09  	 74.35  	 78.97  	 76.83  	 77.77  	 78.88  	 76.58  	 78.20  	 81.71  	 39.78
1991	   9	  17	   9	 18.22  	 62.08  	 71.73  	 76.77  	 77.03  	 76.26  	 77.03  	 74.38  	 79.16  	 81.47  	 40.14
1991	  10	   1	   9	 15.45  	 59.47  	 69.76  	 76.78  	 75.92  	 76.44  	 75.84  	 76.44  	 79.87  	 81.07  	 39.29
1991	  10	  29	   9	 36.83  	 72.30  	 69.74  	 75.12  	 74.52  	 75.12  	 76.40  	 74.60  	 77.42  	 80.32  	 39.73
1991	  12	   5	   9	 27.85  	 70.74  	 76.72  	 79.92  	 78.91  	 79.08  	 80.09  	 79.42  	 79.92  	 81.44  	 39.41
1992	   1	   3	   9	 36.00  	 70.69  	 75.28  	 79.19  	 78.51  	 79.70  	 79.87  	 81.49  	 83.27  	 83.27  	 40.62
1992	   1	  30	   9	 33.16  	 70.96  	 74.13  	 80.21  	 77.12  	 81.07  	 81.32  	 82.35  	 84.58  	 83.72  	 41.65
1992	   2	  27	   9	 32.89  	 70.67  	 75.81  	 78.04  	 80.53  	 78.64  	 83.10  	 81.56  	 83.79  	 84.48  	 40.78
1992	   3	  18	   9	 39.58  	 72.16  	 76.36  	 81.77  	 79.50  	 81.60  	 80.55  	 84.31  	 86.58  	 85.01  	 42.33
1992	   4	   2	   9	 31.83  	 72.78  	 76.73  	 80.94  	 79.82  	 82.14  	 84.71  	 80.94  	 86.09  	 83.43  	 42.06
1992	   4	  17	   9	 26.54  	 70.20  	 76.17  	 78.38  	 79.06  	 80.51  	 82.89  	 82.81  	 85.19  	 83.41  	 40.68
1992	   4	  27	   9	 32.76  	 71.47  	 76.27  	 79.18  	 81.32  	 82.78  	 82.01  	 81.92  	 84.32  	 83.12  	 42.42
1992	   5	  14	   9	 22.01  	 61.93  	 74.76  	 79.50  	 79.15  	 80.10  	 83.11  	 82.85  	 84.75  	 84.40  	 40.70
1992	   5	  27	   9	 18.81  	 61.61  	 72.78  	 79.27  	 78.49  	 80.57  	 81.09  	 82.74  	 87.76  	 84.38  	 41.20
1992	   6	  12	   9	 20.37  	 61.97  	 71.79  	 78.57  	 78.75  	 79.70  	 81.79  	 81.18  	 84.74  	 86.22  	 41.24
1992	   7	   1	   9	 13.18  	 53.64  	 72.17  	 77.54  	 76.85  	 79.45  	 79.10  	 80.31  	 82.82  	 82.82  	 41.07
1992	   7	  14	   9	 22.78  	 59.61  	 71.11  	 77.68  	 77.33  	 78.80  	 79.23  	 78.02  	 81.13  	 81.91  	 41.22
1992	   7	  28	   9	 26.68  	 58.96  	 70.19  	 75.54  	 76.15  	 76.67  	 78.39  	 77.36  	 80.12  	 81.41  	 40.92
1992	   8	  14	   9	 16.47  	 52.46  	 68.91  	 74.68  	 72.35  	 73.30  	 77.77  	 75.02  	 77.69  	 81.56  	 41.04
1992	   8	  26	   9	 12.99  	 48.32  	 66.66  	 72.40  	 71.53  	 70.75  	 73.70  	 77.09  	 78.92  	 81.27  	 40.72
1992	   9	  16	   9	 16.61  	 50.07  	 60.86  	 71.05  	 68.98  	 68.03  	 72.18  	 75.63  	 77.10  	 79.34  	 40.45
1992	  10	   1	   9	 19.26  	 50.90  	 61.74  	 69.45  	 68.85  	 68.50  	 75.52  	 75.26  	 78.64  	 81.85  	 39.63
1992	  10	  30	   9	 26.66  	 52.15  	 61.12  	 68.27  	 68.62  	 67.75  	 73.70  	 74.73  	 76.11  	 78.70  	 39.18
1992	  12	   3	   9	 28.69  	 69.81  	 75.94  	 79.00  	 77.81  	 78.32  	 78.40  	 80.36  	 82.91  	 84.62  	 38.95
1992	  12	  30	   9	 40.37  	 73.89  	 76.46  	 80.47  	 82.09  	 82.00  	 84.22  	 82.17  	 83.71  	 85.93  	 40.40
1993	   1	  27	   9	 47.17  	 77.56  	 80.70  	 84.60  	 83.67  	 82.74  	 83.07  	 82.14  	 85.28  	 84.86  	 39.38
1993	   3	   2	   9	 50.71  	 70.63  	 76.23  	 81.91  	 82.98  	 80.10  	 80.51  	 79.86  	 82.08  	 82.33  	 38.08
1993	   3	  17	   9	 38.69  	 74.45  	 81.18  	 86.52  	 84.97  	 84.45  	 86.35  	 82.13  	 85.14  	 84.45  	 41.36
1993	   3	  31	   9	 39.98  	 72.62  	 79.83  	 84.16  	 81.44  	 84.16  	 82.97  	 82.38  	 83.48  	 83.48  	 39.24
1993	   4	  15	   9	 44.16  	 77.97  	 80.96  	 84.37  	 84.46  	 84.20  	 82.92  	 85.14  	 82.24  	 84.29  	 40.09
1993	   4	  29	   9	 30.86  	 74.65  	 80.94  	 86.63  	 84.73  	 84.04  	 83.87  	 83.35  	 83.18  	 83.70  	 40.21
1993	   5	  13	   9	 27.51  	 71.30  	 77.81  	 82.95  	 84.49  	 83.89  	 85.01  	 83.46  	 83.98  	 84.49  	 40.66
1993	   5	  27	   9	 18.05  	 67.72  	 77.91  	 81.57  	 79.92  	 82.53  	 86.19  	 85.23  	 86.63  	 86.10  	 41.27
1993	   6	  16	   9	 19.26  	 69.08  	 79.17  	 82.90  	 81.83  	 81.21  	 87.15  	 86.62  	 85.38  	 89.27  	 42.20
1993	   7	   1	   9	 33.42  	 64.09  	 73.01  	 79.39  	 80.18  	 83.15  	 85.25  	 85.60  	 85.69  	 85.25  	 40.79
1993	   7	  14	   9	 28.56  	 59.05  	 68.28  	 75.76  	 78.72  	 81.68  	 84.99  	 85.34  	 87.42  	 85.60  	 40.14
1993	   7	  29	   9	 26.82  	 70.89  	 77.85  	 83.33  	 84.73  	 85.51  	 85.86  	 85.25  	 84.73  	 85.25  	 41.06
1993	   8	  18	   9	 34.59  	 65.17  	 70.24  	 78.37  	 76.71  	 77.23  	 82.38  	 85.35  	 86.58  	 85.62  	 40.80
1993	   9	   2	   9	 35.24  	 59.88  	 69.18  	 73.27  	 74.23  	 74.75  	 77.96  	 83.53  	 87.53  	 84.48  	 41.37
1993	   9	  14	   9	 38.13  	 76.73  	 77.07  	 74.76  	 72.61  	 82.14  	 81.45  	 85.32  	 85.92  	 85.83  	 40.90
1993	   9	  30	   9	 36.14  	 74.31  	 80.36  	 83.47  	 85.37  	 83.29  	 84.76  	 85.71  	 86.06  	 85.97  	 40.44
1993	  10	  29	   9	 34.21  	 71.13  	 77.98  	 83.21  	 84.32  	 84.75  	 84.66  	 84.66  	 86.12  	 84.32  	 40.28
1993	  12	   1	   9	 38.66  	 74.50  	 79.46  	 85.20  	 84.77  	 84.94  	 85.79  	 85.20  	 85.28  	 85.45  	 40.54
1993	  12	  29	   9	 29.84  	 70.57  	 75.91  	 80.66  	 82.30  	 83.42  	 85.32  	 87.73  	 86.61  	 83.16  	 41.54
1994	   1	  27	   9	 45.01  	 75.01  	 74.75  	 78.69  	 81.17  	 79.63  	 81.69  	 83.23  	 87.42  	 85.11  	 40.93
1994	   3	   2	   9	 45.55  	 69.98  	 75.81  	 80.02  	 80.87  	 80.62  	 83.70  	 85.25  	 86.96  	 86.02  	 40.44
1994	   3	  17	   9	 25.33  	 70.64  	 77.58  	 81.00  	 82.63  	 83.74  	 84.34  	 85.20  	 85.97  	 85.54  	 40.54
1994	   4	   1	   9	 27.48  	 73.50  	 75.55  	 78.46  	 79.57  	 81.28  	 84.02  	 84.87  	 85.04  	 84.70  	 39.57
1994	   4	  15	   9	 37.90  	 78.32  	 80.96  	 84.19  	 83.42  	 82.40  	 84.79  	 83.00  	 84.36  	 84.62  	 39.84
1994	   4	  28	   9	 39.67  	 79.20  	 82.25  	 83.69  	 82.92  	 84.28  	 83.60  	 83.69  	 84.79  	 84.45  	 40.06
1994	   5	  18	   9	 25.22  	 75.44  	 78.10  	 81.97  	 83.77  	 84.37  	 85.14  	 84.71  	 84.03  	 85.06  	 40.00
1994	   6	   2	   9	 34.81  	 76.56  	 79.11  	 81.32  	 83.19  	 85.57  	 83.10  	 84.63  	 84.46  	 85.40  	 39.72
1994	   6	  16	   9	 22.81  	 75.50  	 78.77  	 81.00  	 82.46  	 84.61  	 84.78  	 84.53  	 83.75  	 84.78  	 40.03
1994	   6	  29	   9	 25.59  	 72.32  	 79.20  	 81.00  	 79.63  	 84.87  	 85.56  	 84.35  	 84.35  	 83.84  	 40.03
1994	   7	  13	   9	 17.40  	 62.61  	 69.19  	 78.73  	 78.99  	 81.42  	 84.19  	 84.28  	 86.62  	 86.18  	 40.45
1994	   7	  28	   9	 16.75  	 60.87  	 69.89  	 76.74  	 77.60  	 78.21  	 81.94  	 78.82  	 82.54  	 84.02  	 40.84
1994	   8	  18	   9	 17.43  	 58.71  	 67.58  	 75.33  	 78.98  	 78.55  	 80.29  	 75.33  	 76.11  	 80.38  	 39.75
1994	   9	   1	   9	 30.47  	 69.86  	 71.94  	 76.02  	 77.58  	 76.02  	 77.23  	 78.27  	 77.40  	 77.93  	 39.05
1994	   9	  14	   9	 21.54  	 67.20  	 72.78  	 77.74  	 75.48  	 74.43  	 76.61  	 74.08  	 76.26  	 79.83  	 39.31
1994	   9	  29	   9	 29.53  	 70.52  	 71.39  	 77.47  	 76.25  	 73.73  	 76.25  	 74.08  	 76.95  	 80.68  	 39.56
1994	  10	  27	   9	 28.56  	 71.88  	 74.83  	 79.34  	 75.44  	 73.96  	 74.57  	 75.35  	 75.87  	 80.03  	 39.28
1994	  11	  30	   9	 34.89  	 73.52  	 75.80  	 79.67  	 77.40  	 76.81  	 77.40  	 73.77  	 75.96  	 78.24  	 38.99
1994	  12	  23	   9	 28.70  	 75.35  	 77.30  	 80.51  	 79.67  	 77.81  	 80.17  	 76.71  	 77.13  	 80.68  	 39.62
1995	   1	  27	   9	 44.62  	 72.05  	 76.63  	 79.80  	 81.89  	 82.72  	 82.89  	 81.31  	 83.31  	 81.56  	 39.19
1995	   2	  27	   9	 43.14  	 73.65  	 79.24  	 83.04  	 82.01  	 82.91  	 86.06  	 85.03  	 85.35  	 83.49  	 40.07
1995	   3	  13	   9	 44.53  	 77.09  	 78.45  	 84.48  	 83.21  	 82.95  	 83.55  	 83.21  	 84.99  	 83.29  	 40.75
1995	   3	  31	   9	 30.37  	 74.04  	 78.04  	 81.19  	 82.13  	 84.09  	 84.26  	 83.24  	 85.71  	 84.60  	 40.04
1995	   4	  11	   9	 33.92  	 73.24  	 77.09  	 81.62  	 80.42  	 82.48  	 85.13  	 84.10  	 86.07  	 83.84  	 39.78
1995	   4	  24	   9	 38.65  	 75.94  	 76.71  	 81.58  	 81.66  	 84.39  	 85.50  	 84.56  	 84.99  	 84.39  	 40.32
1995	   5	  15	   9	 38.97  	 75.67  	 82.23  	 86.59  	 86.85  	 86.39  	 87.63  	 86.46  	 87.24  	 85.16  	 41.18
1995	   5	  30	   9	 37.91  	 79.13  	 84.99  	 87.92  	 86.55  	 88.57  	 87.79  	 86.62  	 88.57  	 86.94  	 41.16
1995	   6	  19	   9	 22.58  	 73.59  	 78.27  	 82.18  	 82.52  	 83.22  	 87.47  	 84.87  	 87.21  	 85.91  	 40.96
1995	   6	  27	   9	 45.57  	 74.77  	 79.95  	 83.57  	 85.21  	 86.68  	 86.68  	 85.13  	 87.03  	 85.56  	 40.62
1995	   7	  12	   9	 20.70  	 69.89  	 76.48  	 81.85  	 82.37  	 82.89  	 86.96  	 85.66  	 86.79  	 85.66  	 40.36
1995	   8	   3	   9	 38.99  	 70.23  	 68.59  	 75.61  	 77.26  	 78.90  	 81.16  	 81.33  	 84.19  	 85.92  	 40.62
1995	   8	  14	   9	 29.27  	 63.51  	 69.40  	 74.34  	 75.55  	 76.16  	 80.23  	 78.84  	 81.26  	 84.82  	 40.68
1995	   8	  28	   9	 20.22  	 53.67  	 64.00  	 70.69  	 73.65  	 75.56  	 79.12  	 77.90  	 80.25  	 83.11  	 40.47
1995	   9	  15	   9	 17.90  	 50.31  	 59.39  	 66.41  	 69.16  	 69.84  	 75.33  	 74.90  	 78.58  	 81.75  	 39.76
1995	   9	  27	   9	 16.05  	 51.14  	 58.40  	 67.13  	 68.00  	 69.12  	 75.26  	 74.39  	 77.42  	 81.91  	 39.83
1995	  10	  30	   9	 26.10 -	999.99 -	999.99 -	999.99 -	999.99 -	999.99 -	999.99 -	999.99 -	999.99 -	999.99 -	999.99
1995	  11	  27	   9	 31.90 -	999.99 -	999.99 -	999.99 -	999.99 -	999.99 -	999.99 -	999.99 -	999.99 -	999.99 -	999.99
1996	   1	  29	   9	 37.39  	 74.31  	 77.19  	 79.56  	 78.63  	 77.53  	 79.56  	 74.74  	 78.80  	 77.44  	 38.04
1996	   2	  26	   9	 33.06  	 69.45  	 78.63  	 81.88  	 79.54  	 78.76  	 80.71  	 77.45  	 79.67  	 81.23  	 40.00
1996	   3	  12	   9	 31.35  	 74.28  	 77.07  	 78.59  	 78.67  	 78.00  	 80.28  	 76.73  	 78.59  	 79.01  	 37.90
1996	   3	  27	   9	 36.46  	 71.03  	 78.77  	 82.45  	 80.17  	 79.21  	 80.55  	 78.33  	 78.90  	 80.42  	 39.48
1996	   4	   9	   9	 27.82  	 71.00  	 76.79  	 79.68  	 78.91  	 78.40  	 79.94  	 77.38  	 77.81  	 81.30  	 39.63
1996	   4	  29	   9	 41.09  	 75.59  	 81.92  	 83.72  	 81.47  	 84.63  	 84.82  	 83.53  	 85.47  	 84.56  	 40.60
1996	   5	  13	   9	 42.56  	 75.56  	 84.10  	 86.52  	 85.56  	 84.61  	 85.95  	 83.40  	 84.67  	 84.10  	 40.20
1996	   5	  29	   9	 35.71  	 77.93  	 86.14  	 87.69  	 87.11  	 85.49  	 87.43  	 84.78  	 86.46  	 84.98  	 40.29
1996	   6	  13	   9	 34.42  	 76.42  	 81.33  	 84.08  	 86.31  	 84.42  	 85.71  	 84.34  	 85.45  	 83.13  	 40.32
1996	   6	  27	   9	 20.18  	 66.27  	 78.24  	 82.10  	 83.08  	 84.58  	 88.38  	 87.46  	 86.94  	 84.19  	 40.75
1996	   7	  15	   9	 31.91  	 69.03  	 74.37  	 78.35  	 77.59  	 76.74  	 79.62  	 79.11  	 83.69  	 81.91  	 38.84
1996	   7	  29	   9	 26.81  	 71.16  	 78.06  	 80.84  	 79.55  	 79.29  	 80.84  	 80.58  	 82.00  	 83.09  	 40.58
1996	   8	  13	   9	 19.31  	 71.10  	 77.36  	 79.50  	 78.39  	 79.16  	 79.76  	 78.04  	 78.81  	 80.27  	 38.68
1996	   8	  27	   9	 24.27  	 69.05  	 79.07  	 80.87  	 80.55  	 79.90  	 81.00  	 79.07  	 80.29  	 80.55  	 38.48
1996	   9	  11	   9	 21.20  	 65.14  	 74.16  	 79.05  	 78.36  	 78.36  	 79.91  	 76.39  	 80.17  	 79.48  	 39.18
1996	  10	   1	   9	 27.33  	 60.92  	 70.91  	 77.40  	 76.75  	 77.59  	 79.60  	 78.37  	 80.71  	 80.12  	 38.80
1996	  10	  28	   9	 28.39  	 67.91  	 70.45  	 75.10  	 74.00  	 74.34  	 76.11  	 74.34  	 77.97  	 77.89  	 37.93
1996	  12	   4	   9	 43.22  	 74.53  	 78.27  	 80.42  	 80.80  	 78.40  	 77.38  	 75.10  	 79.60  	 79.54  	 38.88
1997	   1	   2	   9	 45.21  	 75.72  	 76.90  	 78.34  	 77.74  	 77.41  	 77.83  	 75.97  	 79.01  	 77.49  	 38.07
1997	   1	  30	   9	 45.53  	 71.99  	 77.87  	 80.36  	 80.29  	 80.42  	 81.38  	 77.87  	 79.78  	 81.76  	 40.40
1997	   2	  24	   9	 37.45  	 73.24  	 78.94  	 80.47  	 78.60  	 80.98  	 84.21  	 83.19  	 83.61  	 83.10  	 39.60
1997	   3	  12	   9	 36.12  	 75.40  	 80.63  	 86.56  	 86.31  	 85.66  	 87.21  	 84.56  	 85.85  	 83.85  	 40.60
1997	   3	  26	   9	 37.87  	 74.92  	 80.32  	 82.46  	 84.60  	 84.08  	 84.00  	 82.88  	 82.97  	 83.83  	 39.90
1997	   4	  14	   9	 30.50  	 68.54  	 77.97  	 82.07  	 82.14  	 83.70  	 88.06  	 86.56  	 86.17  	 85.65  	 41.26
1997	   4	  28	   9	 32.28  	 66.04  	 75.35  	 79.78  	 78.33  	 79.78  	 82.00  	 83.20  	 84.48  	 83.28  	 39.47
1997	   5	  12	   9	 23.14  	 61.61  	 73.70  	 79.94  	 79.81  	 80.33  	 81.89  	 82.35  	 86.12  	 85.34  	 40.59
1997	   5	  27	   9	 26.55  	 56.90  	 69.00  	 76.50  	 78.64  	 78.96  	 81.55  	 80.58  	 84.85  	 84.07  	 40.68
1997	   6	  11	   9	 34.34  	 69.17  	 70.48  	 76.88  	 77.67  	 77.21  	 81.33  	 81.46  	 84.66  	 85.77  	 40.86
1997	   6	  26	   9	 21.94  	 63.04  	 69.77  	 76.38  	 76.56  	 77.47  	 79.66  	 79.29  	 81.30  	 82.81  	 40.47
1997	   7	  14	   9	 15.71  	 60.47  	 70.00  	 75.33  	 74.64  	 76.02  	 79.11  	 77.91  	 79.80  	 81.26  	 39.34
1997	   7	  29	   9	 23.48  	 63.76  	 69.62  	 76.46  	 76.07  	 76.13  	 78.93  	 78.35  	 80.63  	 83.36  	 39.73
1997	   8	  13	   9	 20.49  	 57.22  	 68.53  	 76.13  	 76.06  	 74.57  	 78.14  	 76.91  	 80.22  	 81.39  	 39.53
1997	   8	  26	   9	 25.05  	 60.75  	 68.65  	 75.51  	 75.51  	 74.87  	 77.07  	 76.03  	 79.46  	 82.05  	 39.44
1997	   9	  11	   9	 32.90  	 65.25  	 69.07  	 73.50  	 72.90  	 73.84  	 76.05  	 75.37  	 78.43  	 79.70  	 39.43
1997	   9	  25	   9	 30.96  	 62.76  	 68.00  	 73.96  	 74.74  	 73.77  	 77.52  	 76.10  	 79.40  	 81.40  	 40.67
1997	  10	  28	   9	 33.25  	 63.43  	 68.25  	 72.14  	 71.97  	 72.82  	 76.45  	 74.59  	 77.38  	 78.82  	 39.62
1997	  11	  24	   9	 32.89  	 71.28  	 75.38  	 73.97  	 73.33  	 72.82  	 76.67  	 75.64  	 78.53  	 81.22  	 40.51
1997	  12	  30	   9	 32.78  	 70.71  	 73.59  	 76.22  	 77.26  	 74.55  	 77.82  	 74.31  	 75.83  	 77.50  	 38.43
1998	   1	  28	   9	 41.07  	 74.14  	 77.89  	 80.88  	 80.63  	 80.44  	 85.65  	 81.20  	 84.70  	 84.13  	 41.11
1998	   2	  24	   9	 33.65  	 74.85  	 78.92  	 82.65  	 83.75  	 82.99  	 83.75  	 83.75  	 83.33  	 83.41  	 40.60
1998	   3	  12	   9	 36.42  	 76.22  	 82.71  	 87.74  	 85.07  	 85.26  	 85.70  	 84.18  	 85.89  	 84.43  	 41.16
1998	   3	  31	   9	 39.77  	 75.20  	 82.67  	 84.69  	 81.25  	 83.01  	 84.19  	 82.34  	 84.10  	 82.17  	 40.12
1998	   4	  14	   9	 37.06  	 78.26  	 84.87  	 88.63  	 86.49  	 86.10  	 86.17  	 85.20  	 86.10  	 85.59  	 41.95
1998	   4	  29	   9	 37.98  	 73.41  	 80.09  	 81.78  	 83.72  	 83.47  	 83.72  	 84.06  	 83.64  	 81.69  	 40.26
1998	   5	  12	   9	 32.41  	 73.74  	 81.54  	 86.73  	 86.86  	 85.95  	 87.70  	 86.01  	 86.99  	 85.04  	 41.25
1998	   5	  26	   9	 36.24  	 70.54  	 77.27  	 81.36  	 82.47  	 83.58  	 85.54  	 83.75  	 84.26  	 82.64  	 40.34
1998	   6	  15	   9	 38.46  	 78.03  	 83.55  	 86.79  	 85.69  	 87.05  	 87.77  	 84.72  	 87.70  	 84.98  	 41.58
1998	   6	  30	   9	 36.83  	 74.15  	 82.29  	 85.11  	 84.00  	 85.79  	 85.79  	 83.91  	 83.23  	 85.62  	 40.50
1998	   7	  13	   9	 21.28  	 61.43  	 77.49  	 81.41  	 83.30  	 84.22  	 87.22  	 85.85  	 85.98  	 85.07  	 42.14
1998	   7	  29	   9	 17.36  	 55.53  	 68.20  	 72.17  	 74.96  	 77.74  	 81.21  	 81.04  	 83.74  	 82.73  	 40.56
1998	   8	  12	   9	 26.29  	 60.46  	 66.48  	 73.66  	 75.86  	 77.08  	 81.10  	 80.64  	 83.62  	 84.14  	 41.23
1998	   8	  31	   9	 21.41  	 60.22  	 70.71  	 75.57  	 76.98  	 77.30  	 79.92  	 78.52  	 80.69  	 81.14  	 40.57
1998	   9	  16	   9	 19.35  	 56.75  	 71.15  	 74.54  	 74.79  	 76.15  	 78.27  	 77.50  	 77.93  	 81.48  	 39.64
1998	   9	  28	   9	 19.19  	 68.50  	 75.33  	 77.02  	 76.43  	 77.99  	 77.47  	 80.72  	 81.89  	 81.44  	 40.69
1998	  10	  28	   9	 35.07  	 63.38  	 67.86  	 74.19  	 74.89  	 74.76  	 77.25  	 75.59  	 78.92  	 80.26  	 40.83
1998	  11	  30	   9	 27.16  	 70.80  	 77.78  	 80.85  	 79.15  	 80.25  	 82.04  	 75.40  	 78.04  	 80.77  	 39.45
1999	   1	   5	   9	 34.16  	 67.87  	 72.85  	 75.07  	 75.01  	 74.47  	 76.33  	 73.75  	 74.95  	 76.75  	 38.01
1999	   1	  27	   9	 37.66  	 73.78  	 80.24  	 85.62  	 85.23  	 84.40  	 85.04  	 81.39  	 84.72  	 83.57  	 41.56
1999	   2	  25	   9	 34.13  	 70.55  	 76.62  	 79.62  	 80.87  	 83.11  	 83.36  	 80.62  	 81.95  	 82.53  	 39.98
1999	   3	  15	   9	 38.68  	 73.50  	 79.28  	 86.01  	 85.18  	 85.44  	 85.56  	 83.91  	 84.10  	 83.15  	 41.29
1999	   3	  29	   9	 24.77  	 70.36  	 76.40  	 79.09  	 78.75  	 81.60  	 83.70  	 80.60  	 83.28  	 81.85  	 39.96
1999	   4	  14	   9	 25.65  	 69.72  	 78.06  	 80.75  	 81.46  	 83.06  	 85.95  	 83.51  	 85.37  	 84.73  	 41.50
1999	   4	  29	   9	 40.78  	 74.27  	 80.39  	 84.66  	 82.98  	 83.15  	 83.57  	 81.56  	 82.48  	 80.97  	 39.73
1999	   5	  11	   9	 24.35  	 67.49  	 76.37  	 80.26  	 80.43  	 82.62  	 84.57  	 81.36  	 83.38  	 82.54  	 39.79
1999	   5	  26	   9	 23.83  	 68.82  	 77.10  	 80.63  	 80.43  	 80.82  	 83.13  	 83.83  	 84.16  	 83.83  	 41.56
1999	   6	  14	   9	 30.45  	 65.91  	 71.12  	 75.73  	 77.41  	 76.90  	 79.67  	 81.60  	 82.44  	 82.11  	 40.05
1999	   6	  29	   9	 20.03  	 57.27  	 69.50  	 74.06  	 76.59  	 76.76  	 78.95  	 79.71  	 80.64  	 80.38  	 40.78
1999	   7	  14	   9	 15.48  	 49.36  	 62.99  	 72.50  	 73.61  	 75.67  	 77.72  	 79.35  	 80.12  	 81.67  	 40.66
1999	   7	  28	   9	 21.06  	 43.00  	 60.23  	 67.87  	 68.38  	 71.60  	 76.18  	 76.01  	 78.81  	 79.15  	 40.00
1999	   8	  12	   9	 17.32  	 41.89  	 60.24  	 66.64  	 66.38  	 68.94  	 74.92  	 75.17  	 78.08  	 80.38  	 40.06
1999	   8	  30	   9	 23.82  	 49.66  	 72.01  	 73.55  	 69.05  	 69.37  	 74.19  	 76.18  	 78.81  	 82.15  	 39.73
1999	   9	  14	   9	 22.14  	 43.25  	 60.92  	 68.35  	 66.47  	 68.09  	 73.72  	 74.15  	 77.99  	 80.04  	 39.68
1999	   9	  28	   9	 17.61  	 37.67  	 55.73  	 66.12  	 65.54  	 67.16  	 72.88  	 76.19  	 78.01  	 81.97  	 39.85
1999	  10	  27	   9	 24.66  	 59.68  	 70.04  	 65.71  	 64.86  	 66.47  	 74.37  	 73.69  	 77.86  	 79.04  	 39.14
1999	  11	  29	   9	 25.09  	 45.02  	 64.84  	 66.37  	 65.54  	 64.97  	 73.29  	 74.94  	 76.72  	 79.64  	 39.00
1999	  12	  27	   9	 35.43  	 61.62  	 71.74  	 67.14  	 64.63  	 67.47  	 73.74  	 73.16  	 76.75  	 77.34  	 38.33
2000	   1	  31	   9	 28.92  	 57.79  	 74.41  	 72.26  	 66.32  	 66.76  	 72.64  	 75.54  	 76.55  	 80.03  	 39.10
2000	   2	  29	   9	 30.00  	 65.98  	 76.70  	 78.49  	 76.70  	 70.40  	 74.57  	 74.91  	 77.47  	 79.00  	 39.75
2000	   3	  13	   9	 37.68  	 58.07  	 76.40  	 78.25  	 77.67  	 73.01  	 73.84  	 76.21  	 77.93  	 80.67  	 39.44
2000	   3	  29	   9	 35.07  	 61.11  	 76.72  	 79.90  	 79.96  	 77.95  	 79.70  	 76.79  	 78.47  	 82.16  	 40.40
2000	   4	  12	   9	 22.01  	 46.54  	 69.98  	 78.23  	 78.42  	 77.65  	 79.52  	 76.36  	 79.19  	 81.19  	 39.98
2000	   4	  26	   9	 31.99  	 50.82  	 67.93  	 74.25  	 76.02  	 76.78  	 77.54  	 74.34  	 77.12  	 77.62  	 39.02
2000	   5	  15	   9	 19.24  	 42.05  	 59.62  	 69.18  	 72.47  	 75.57  	 78.67  	 76.35  	 79.64  	 80.93  	 40.18
2000	   5	  30	   9	 32.98  	 48.12  	 62.80  	 69.29  	 70.57  	 72.87  	 75.77  	 74.92  	 77.39  	 78.25  	 40.11
2000	   6	  13	   9	 36.02  	 47.19  	 60.97  	 66.54  	 66.19  	 68.50  	 74.75  	 75.61  	 77.41  	 79.37  	 39.77
2000	   6	  29	   9	 34.61  	 61.35  	 78.35  	 81.47  	 80.95  	 79.58  	 81.54  	 81.15  	 84.27  	 85.31  	 41.19
2000	   7	  13	   9	 36.57  	 57.35  	 75.72  	 80.94  	 79.63  	 79.37  	 81.26  	 81.07  	 81.59  	 85.89  	 41.22
2000	   7	  27	   9	 24.20  	 41.51  	 67.88  	 76.00  	 76.45  	 76.52  	 79.79  	 78.29  	 80.51  	 83.65  	 41.37
2000	   8	  15	   9	 24.20  	 46.26  	 63.99  	 72.02  	 71.50  	 73.57  	 76.94  	 77.39  	 78.75  	 81.60  	 40.57
2000	   8	  29	   9	 21.58  	 43.19  	 61.85  	 69.42  	 69.09  	 70.85  	 76.14  	 76.79  	 78.88  	 81.69  	 40.91
2000	   9	  13	   9	 32.32  	 43.62  	 60.49  	 65.09  	 63.90  	 63.64  	 71.14  	 72.76  	 75.14  	 78.21  	 39.15
2000	   9	  28	   9	 34.14  	 54.57  	 61.56  	 67.50  	 65.67  	 66.13  	 72.99  	 75.53  	 78.47  	 81.08  	 40.18
2000	  10	  30	   9	 30.42  	 54.38  	 72.71  	 73.61  	 67.59  	 65.19  	 73.10  	 75.36  	 77.70  	 81.58  	 40.40
2000	  11	  29	   9	 36.70  	 66.37  	 76.93  	 78.38  	 76.25  	 74.12  	 74.12  	 73.52  	 77.36  	 78.64  	 39.53
2000	  12	  27	   9	 40.91  	 60.36  	 76.55  	 78.96  	 78.58  	 77.94  	 77.18  	 75.53  	 76.68  	 79.47  	 39.61
2001	   1	  30	   9	 55.96  	 73.46  	 78.33  	 80.43  	 80.26  	 80.93  	 80.01  	 79.67  	 80.60  	 81.85  	 40.00
2001	   2	  27	   9	 39.93  	 68.75  	 81.99  	 85.66  	 84.44  	 85.02  	 84.24  	 82.89  	 85.02  	 85.14  	 41.25
2001	   3	  14	   9	 34.87  	 66.40  	 76.91  	 78.77  	 80.87  	 81.29  	 82.47  	 80.36  	 81.04  	 81.54  	 39.68
2001	   3	  28	   9	 30.66  	 66.85  	 76.60  	 79.80  	 81.81  	 80.97  	 81.39  	 81.31  	 81.23  	 81.14  	 40.02
2001	   4	  11	   9	 44.10  	 63.80  	 79.82  	 82.34  	 84.74  	 85.26  	 85.97  	 84.61  	 85.97  	 85.52  	 41.98
2001	   4	  25	   9	 29.90  	 57.14  	 76.36  	 78.21  	 77.96  	 78.21  	 81.84  	 81.50  	 81.59  	 82.68  	 40.20
2001	   5	  15	   9	 34.12  	 48.22  	 66.11  	 71.99  	 73.10  	 74.55  	 78.29  	 80.34  	 83.75  	 81.87  	 40.38
2001	   5	  31	   9	 35.83  	 47.40  	 63.09  	 72.17  	 74.63  	 76.32  	 78.84  	 81.18  	 85.46  	 85.97  	 41.17
2001	   6	  13	   9	 26.77  	 64.26  	 77.69  	 80.79  	 80.27  	 82.60  	 84.15  	 82.17  	 82.85  	 83.03  	 40.74
2001	   6	  27	   9	 21.92  	 47.57  	 69.48  	 76.82  	 77.86  	 78.71  	 81.76  	 81.76  	 84.04  	 85.86  	 44.85
2001	   7	  12	   9	 18.61  	 46.17  	 64.35  	 68.51  	 68.85  	 71.32  	 77.35  	 77.60  	 79.21  	 79.81  	 39.78
2001	   7	  30	   9	 31.56  	 57.14  	 72.30  	 70.83  	 68.00  	 69.16  	 75.13  	 77.06  	 78.86  	 80.98  	 40.27
2001	   8	  13	   9	 23.59  	 53.86  	 67.84  	 69.21  	 66.98  	 67.67  	 74.53  	 75.30  	 78.64  	 79.84  	 40.09
2001	   8	  29	   9	 34.67  	 61.66  	 77.41  	 81.20  	 75.45  	 72.18  	 75.97  	 76.56  	 78.85  	 82.18  	 40.99
2001	   9	  12	   9	 36.86  	 64.45  	 77.24  	 80.96  	 78.63  	 78.45  	 76.38  	 74.82  	 79.06  	 80.27  	 39.44
2001	   9	  26	   9	 35.80  	 63.08  	 77.81  	 80.59  	 79.37  	 80.14  	 80.72  	 76.78  	 78.91  	 81.11  	 40.88
2001	  10	  31	   9	 34.03  	 66.16  	 76.95  	 81.15  	 78.24  	 79.61  	 83.55  	 81.15  	 82.44  	 83.81  	 39.98
2001	  11	  29	   9	 41.51  	 66.12  	 79.34  	 80.82  	 79.34  	 78.44  	 80.95  	 79.86  	 84.54  	 84.22  	 40.99
2001	  12	  26	   9	 33.44  	 65.03  	 78.87  	 85.05  	 84.54  	 84.80  	 84.73  	 84.15  	 85.05  	 86.08  	 40.92
2002	   1	  29	   9	 36.77  	 67.71  	 76.90  	 78.77  	 78.85  	 77.75  	 81.23  	 80.81  	 82.93  	 82.25  	 40.40
2002	   2	  27	   9	 42.68  	 66.10  	 79.13  	 82.86  	 83.82  	 84.46  	 85.04  	 84.72  	 85.30  	 85.75  	 40.85
2002	   3	  14	   9	 40.91  	 68.44  	 81.70  	 86.18  	 85.01  	 86.05  	 86.18  	 85.47  	 85.60  	 86.70  	 41.40
2002	   3	  27	   9	 46.06  	 68.87  	 80.84  	 84.55  	 86.37  	 85.78  	 84.55  	 85.26  	 87.21  	 86.50  	 41.62
2002	   4	  11	   9	 41.03  	 70.92  	 78.39  	 82.16  	 82.07  	 82.85  	 84.13  	 82.76  	 83.53  	 82.50  	 40.18
2002	   4	  29	   9	 41.91  	 69.61  	 83.68  	 86.06  	 85.54  	 85.74  	 85.80  	 84.00  	 86.25  	 85.29  	 41.52
2002	   5	  14	   9	 43.74  	 75.72  	 82.90  	 85.47  	 84.53  	 84.10  	 85.64  	 82.99  	 85.73  	 82.56  	 40.30
2002	   5	  29	   9	 39.26  	 66.81  	 77.77  	 81.68  	 82.95  	 81.42  	 83.89  	 82.02  	 83.89  	 82.02  	 39.31
2002	   6	  13	   9	 46.28  	 90.51  	 82.50  	 86.15  	 85.82  	 86.41  	 86.86  	 85.82  	 86.34  	 86.34  	 41.67
2002	   6	  27	   9	 26.70  	 65.23  	 76.64  	 80.27  	 80.53  	 84.07  	 84.25  	 83.64  	 85.11  	 82.78  	 40.52
2002	   7	  15	   9	 21.47  	 43.73  	 65.45  	 74.48  	 75.46  	 77.34  	 83.06  	 84.04  	 86.77  	 85.79  	 41.53
2002	   7	  30	   9	 23.68  	 53.45  	 62.32  	 68.10  	 67.32  	 69.91  	 76.37  	 78.78  	 80.42  	 79.47  	 40.56
2002	   8	  14	   9	 29.74  	 47.59  	 59.49  	 67.25  	 66.61  	 67.45  	 73.85  	 76.50  	 80.06  	 81.35  	 41.07
2002	   8	  28	   9	 26.49  	 64.64  	 67.24  	 68.36  	 66.54  	 67.76  	 75.29  	 76.68  	 79.45  	 80.66  	 40.16
2002	   9	  13	   9	 17.16  	 52.24  	 63.70  	 66.81  	 66.46  	 66.63  	 74.04  	 76.11  	 79.47  	 80.08  	 40.34
2002	   9	  26	   9	 26.19  	 54.48  	 62.50  	 66.81  	 65.08  	 66.63  	 74.22  	 75.42  	 78.70  	 80.51  	 40.08
2002	  10	  30	   9	 38.23  	 65.37  	 62.21  	 66.66  	 64.69  	 65.72  	 74.52  	 74.78  	 78.63  	 79.57  	 38.93
2002	  11	  26	   9	 30.65  	 56.74  	 65.66  	 66.37  	 66.05  	 65.99  	 73.74  	 75.36  	 77.88  	 82.86  	 41.53
2002	  12	  31	   9	 38.72  	 68.96  	 67.94  	 65.55  	 64.87  	 65.81  	 72.79  	 74.23  	 76.96  	 79.00  	 39.46
2003	   1	  29	   9	 42.43  	 58.91  	 72.45  	 68.07  	 66.71  	 66.20  	 72.26  	 75.81  	 77.68  	 80.90  	 40.81
2003	   2	  26	   9	 43.14  	 71.08  	 75.85  	 79.77  	 78.06  	 77.81  	 78.40  	 75.77  	 78.57  	 79.25  	 39.54
2003	   3	  13	   9	 43.72  	 65.28  	 78.40  	 82.43  	 80.80  	 80.16  	 79.38  	 77.23  	 79.25  	 81.06  	 41.21
2003	   3	  27	   9	 33.63  	 71.86  	 77.37  	 80.29  	 78.49  	 79.52  	 81.07  	 76.94  	 79.43  	 81.15  	 40.79
2003	   4	  14	   9	 25.80  	 62.86  	 77.59  	 79.42  	 78.96  	 78.12  	 80.01  	 77.92  	 80.07  	 83.01  	 41.41
2003	   4	  29	   9	 38.49  	 71.80  	 76.80  	 78.27  	 76.80  	 77.06  	 78.44  	 76.97  	 79.47  	 80.08  	 40.99
2003	   5	  13	   9	 34.77  	 72.87  	 77.52  	 80.79  	 80.87  	 81.99  	 83.20  	 80.79  	 83.11  	 82.08  	 41.38
2003	   5	  28	   9	 31.46  	 59.11  	 76.69  	 80.68  	 79.56  	 80.02  	 82.18  	 82.70  	 84.07  	 85.84  	 42.23
2003	   6	  11	   9	 35.78  	 63.29  	 72.56  	 77.66  	 78.17  	 76.64  	 79.19  	 79.45  	 82.34  	 82.59  	 40.53
2003	   6	  25	   9	 22.35  	 64.10  	 72.98  	 77.47  	 77.29  	 77.55  	 80.66  	 81.26  	 84.11  	 83.76  	 41.58
2003	   7	  14	   9	 21.56  	 48.98  	 64.93  	 73.94  	 75.64  	 76.04  	 79.30  	 80.02  	 82.18  	 85.51  	 42.20
2003	   7	  30	   9	 29.73  	 43.99  	 59.01  	 69.46  	 71.88  	 73.05  	 76.77  	 78.08  	 80.69  	 82.98  	 41.65
2003	   8	  13	   9	 17.05  	 39.92  	 57.93  	 67.53  	 67.92  	 70.72  	 75.88  	 76.79  	 78.68  	 81.82  	 41.43
2003	   8	  28	   9	 15.68  	 48.20  	 58.19  	 65.83  	 64.44  	 66.35  	 74.25  	 75.12  	 78.86  	 79.73  	 40.47
2003	   9	  15	   9	 28.17  	 57.15  	 75.20  	 78.66  	 76.83  	 74.75  	 75.59  	 75.98  	 78.26  	 83.09  	 41.80
2003	   9	  29	   9	 29.61  	 63.38  	 72.47  	 76.58  	 73.41  	 71.70  	 74.87  	 74.53  	 77.70  	 78.47  	 39.75
2003	  10	  29	   9	 28.56  	 58.82  	 74.14  	 77.07  	 74.73  	 72.64  	 75.12  	 76.16  	 77.99  	 80.85  	 40.69
2003	  11	  23	   9	 35.22  	 64.34  	 78.25  	 81.89  	 80.46  	 79.75  	 80.20  	 77.86  	 79.81  	 82.35  	 40.95
2003	  12	  29	   9	 41.36  	 64.17  	 77.79  	 82.07  	 79.41  	 79.80  	 81.62  	 80.19  	 80.32  	 84.15  	 42.33
2004	   1	  28	   9	 38.01  	 69.62  	 76.11  	 79.06  	 76.95  	 76.70  	 79.06  	 78.47  	 82.77  	 82.26  	 40.88
2004	   2	  25	   9	 36.20  	 65.64  	 77.54  	 80.06  	 79.61  	 78.77  	 79.61  	 81.03  	 83.55  	 84.59  	 42.62
2004	   3	  11	   9	 31.28  	 62.83  	 77.71  	 82.18  	 79.78  	 80.43  	 83.34  	 82.63  	 85.61  	 85.87  	 42.68
2004	   3	  30	   9	 42.28  	 75.61  	 80.43  	 82.71  	 82.03  	 80.93  	 82.12  	 80.93  	 82.37  	 84.23  	 41.61
2004	   4	  14	   9	 24.49  	 68.44  	 75.98  	 80.19  	 79.59  	 81.04  	 83.87  	 81.64  	 83.53  	 83.19  	 40.99
2004	   4	  28	   9	 32.25  	 53.53  	 68.66  	 78.57  	 79.55  	 79.75  	 84.51  	 83.92  	 84.96  	 85.74  	 42.97
2004	   5	  11	   9	 25.82  	 54.15  	 64.88  	 73.21  	 76.04  	 77.50  	 81.20  	 80.85  	 82.91  	 82.48  	 40.90
2004	   5	  26	   9	 37.12  	 43.91  	 59.11  	 67.96  	 72.42  	 77.00  	 81.26  	 84.35  	 85.98  	 87.10  	 42.89
2004	   6	  14	   9	 27.38  	 48.88  	 56.77  	 64.49  	 65.44  	 70.84  	 78.04  	 78.81  	 83.62  	 84.05  	 41.34
2004	   6	  29	   9	 22.01  	 49.73  	 59.10  	 65.52  	 65.08  	 70.55  	 77.93  	 79.31  	 81.05  	 83.31  	 41.61
