# Station Name: Dixon Springs-Grass
# Station Code: DXG
# Station Latitude: 37.450000
# Station Longitude: 88.670000
# Station Altitude: 165.000000
Year	  MO	  DY	 Sta	 0-10cm 	 10-30  	 30-50  	 50-70  	 70-90  	 90-110 	 110-130	 130-150	 150-170	 170-190	 190-200
1981	   4	  29	  82	 35.70  	 51.03  	 63.97  	 68.18  	 64.69  	 63.80  	 58.36  	 58.74  	 56.74  	 57.69  	 30.87
1981	   6	   3	  82	 38.79  	 64.05  	 71.99  	 79.42  	 72.02  	 68.56  	 60.43  	 59.90  	 59.78  	 62.52  	 32.14
1981	   6	  30	  82	 33.96  	 48.70  	 59.66  	 65.62  	 63.30  	 63.26  	 57.25  	 55.39  	 54.43  	 61.07  	 30.53
1981	   7	   8	  82	 40.05  	 60.79  	 68.83  	 74.68  	 66.40  	 65.89  	 59.28  	 57.66  	 57.95  	 60.88  	 32.62
1981	   7	  13	  82	 38.11  	 58.38  	 65.69  	 68.62  	 68.46  	 63.11  	 59.81  	 58.06  	 58.73  	 63.61  	 31.26
1981	   7	  28	  82	 20.66  	 63.08  	 76.81  	 73.48  	 69.46  	 65.46  	 60.59  	 57.95  	 57.42  	 63.51  	 32.05
1981	   8	  12	  82	 40.95  	 56.57  	 66.33  	 68.25  	 67.41  	 62.33  	 58.56  	 58.90  	 57.68  	 63.71  	 31.75
1981	   8	  26	  82	 31.72  	 48.05  	 61.00  	 66.45  	 67.77  	 63.15  	 60.00  	 57.11  	 56.30  	 64.67  	 30.89
1981	   9	  16	  82	 29.37  	 47.78  	 60.68  	 67.63  	 66.65  	 64.40  	 59.92  	 58.60  	 59.03  	 62.93  	 32.48
1981	   9	  28	  82	 18.00  	 84.17  	 57.50  	 59.72  	 63.96  	 61.54  	 58.77  	 56.33  	 56.83  	 61.79  	 30.20
1981	  10	  14	  82	 15.16  	 36.67  	 60.01  	 63.38  	 66.15  	 66.71  	 61.58  	 59.96  	 59.66  	 65.02  	 32.98
1981	  10	  27	  82	 29.08  	 44.64  	 56.34  	 61.39  	 65.20  	 63.00  	 58.15  	 57.67  	 57.53  	 63.17  	 32.74
1981	  11	  12	  82	 22.58  	 45.66  	 57.71  	 60.40  	 66.53  	 64.12  	 60.61  	 58.93  	 58.54  	 64.08  	 32.72
1981	  11	  30	  82	 45.39  	 77.72  	 89.39  	 79.55  	 81.50  	 80.31  	 76.26  	 75.11  	 72.53  	 77.23  	 39.50
1981	  12	  29	  82	 34.08  	 63.15  	 74.14  	 70.26  	 66.35  	 66.82  	 59.31  	 58.22  	 55.84  	 60.18  	 32.39
1982	   1	  26	  82	 41.73  	 60.49  	 69.04  	 68.88  	 65.09  	 62.54  	 57.89  	 56.31  	 55.34  	 59.78  	 30.27
1982	   2	  24	  82	 40.20  	 61.52  	 69.21  	 63.87  	 66.38  	 63.09  	 56.05  	 57.66  	 55.37  	 60.89  	 31.35
1982	   3	  15	  82	 53.64  	 68.22  	 74.58  	 73.06  	 68.95  	 66.12  	 61.39  	 58.02  	 58.16  	 63.76  	 33.46
1982	   3	  30	  82	 40.78  	 57.17  	 65.77  	 71.04  	 66.34  	 62.68  	 58.70  	 56.03  	 54.61  	 60.89  	 31.30
1982	   4	  16	  82	 41.10  	 62.55  	 68.30  	 74.73  	 69.37  	 67.10  	 63.44  	 61.91  	 62.02  	 64.97  	 32.55
1982	   4	  27	  82	 38.07  	 56.02  	 65.69  	 66.97  	 66.72  	 66.73  	 59.51  	 59.97  	 58.21  	 64.00  	 32.35
1982	   5	  13	  82	 35.82  	 58.98  	 66.87  	 68.29  	 66.28  	 65.89  	 63.63  	 60.31  	 60.76  	 63.01  	 32.53
1982	   5	  26	  82	 31.38  	 48.97  	 60.81  	 64.49  	 66.35  	 66.02  	 60.92  	 57.73  	 57.53  	 61.17  	 31.24
1982	   6	  14	  82	 29.59  	 52.25  	 64.05  	 68.62  	 69.11  	 66.43  	 63.18  	 61.49  	 60.40  	 62.15  	 32.66
1982	   6	  29	  82	 25.26  	 45.52  	 63.99  	 66.87  	 70.80  	 65.97  	 60.24  	 60.46  	 58.97  	 62.63  	 32.44
1982	   7	  13	  82	 31.08  	 54.53  	 65.26  	 66.68  	 69.68  	 65.35  	 60.02  	 59.60  	 60.38  	 62.54  	 32.05
1982	   7	  30	  82	 18.82  	 33.26  	 63.22  	 66.76  	 70.50  	 65.98  	 63.12  	 59.79  	 62.17  	 64.75  	 32.38
1982	   8	  10	  82	 17.65  	 30.45  	 56.50  	 63.79  	 67.62  	 68.93  	 62.52  	 61.86  	 58.71  	 64.64  	 32.70
1982	   8	  31	  82	 27.20  	 50.91  	 62.82  	 63.07  	 65.57  	 66.21  	 62.16  	 61.00  	 58.92  	 62.06  	 32.17
1982	   9	  14	  82	 30.83  	 56.66  	 65.27  	 69.94  	 71.38  	 69.84  	 63.85  	 62.91  	 62.84  	 65.52  	 33.40
1982	   9	  28	  82	 23.64  	 46.79  	 62.45  	 65.36  	 66.98  	 69.12  	 62.62  	 61.15  	 59.56  	 64.60  	 32.90
1982	  10	  26	  82	 25.67  	 46.36  	 61.20  	 62.83  	 66.53  	 67.49  	 60.91  	 60.69  	 60.52  	 63.26  	 32.80
1982	  11	  30	  82	 42.41  	 69.68  	 77.70  	 74.51  	 69.51  	 66.23  	 62.99  	 61.86  	 61.19  	 66.12  	 33.43
1982	  12	  14	  82	 40.30  	 64.94  	 75.79  	 72.87  	 67.95  	 68.36  	 61.43  	 60.93  	 60.16  	 63.32  	 33.02
1982	  12	  28	  82	 49.43  	 69.36  	 75.52  	 74.06  	 67.46  	 68.40  	 61.05  	 60.52  	 60.23  	 64.64  	 32.70
1983	   1	  26	  82	 46.87  	 65.65  	 78.59  	 76.39  	 69.72  	 70.43  	 63.25  	 63.51  	 63.26  	 66.15  	 33.91
1983	   2	  23	  82	 33.39  	 61.01  	 70.55  	 75.31  	 69.37  	 68.57  	 61.52  	 61.87  	 59.92  	 64.66  	 33.30
1983	   3	  16	  82	 34.21  	 62.00  	 72.90  	 77.99  	 73.69  	 72.27  	 64.43  	 65.73  	 64.79  	 67.07  	 34.31
1983	   3	  29	  82	 39.97  	 65.33  	 76.28  	 78.06  	 72.12  	 68.52  	 61.88  	 60.45  	 59.53  	 65.92  	 33.89
1983	   4	  13	  82	 51.51  	 72.75  	 80.10  	 77.55  	 72.44  	 71.39  	 64.25  	 63.10  	 61.92  	 68.25  	 33.87
1983	   4	  27	  82	 41.63  	 58.18  	 67.75  	 71.54  	 70.06  	 66.65  	 61.04  	 60.60  	 60.15  	 64.25  	 33.20
1983	   5	  17	  82	 41.40  	 62.73  	 69.52  	 74.14  	 66.82  	 68.34  	 62.54  	 59.96  	 60.56  	 64.39  	 32.54
1983	   6	   1	  82	 39.39  	 55.94  	 65.34  	 70.54  	 69.49  	 68.21  	 61.70  	 59.80  	 62.12  	 63.67  	 32.00
1983	   6	  14	  82	 22.31  	 43.44  	 63.52  	 67.28  	 70.37  	 69.29  	 62.57  	 61.61  	 60.83  	 65.09  	 33.68
1983	   6	  28	  82	 48.38  	 63.48  	 74.98  	 73.69  	 71.20  	 68.75  	 62.25  	 61.99  	 63.03  	 65.24  	 33.73
1983	   7	  12	  82	 28.49  	 51.06  	 65.03  	 67.24  	 70.20  	 68.00  	 62.86  	 60.40  	 60.75  	 62.77  	 33.00
1983	   7	  27	  82	 11.13  	 18.80  	 61.25  	 66.94  	 69.09  	 69.39  	 62.63  	 62.65  	 59.71  	 64.39  	 32.67
1983	   8	  16	  82	  0.86  	  4.10  	 41.76  	 57.02  	 69.68  	 71.77  	 65.14  	 63.06  	 62.94  	 69.18  	 35.70
1983	   8	  30	  82	  4.78  	 13.65  	 33.59  	 41.70  	 59.98  	 67.44  	 60.60  	 62.23  	 60.56  	 65.37  	 32.77
1983	   9	  13	  82	  8.68  	 12.75  	 30.84  	 37.99  	 55.83  	 66.03  	 60.66  	 62.04  	 61.87  	 63.94  	 32.20
1983	   9	  28	  82	  4.42  	 11.66  	 31.50  	 36.81  	 53.21  	 65.70  	 61.14  	 60.81  	 60.87  	 64.05  	 32.74
1983	  10	  26	  82	 33.04  	 56.41  	 64.60  	 58.77  	 53.58  	 63.80  	 59.13  	 61.66  	 58.70  	 61.16  	 31.65
1983	  11	  30	  82	 41.58  	 67.05  	 75.88  	 75.06  	 69.93  	 69.11  	 61.14  	 61.72  	 61.09  	 65.12  	 33.82
1983	  12	  30	  82	 40.37  	 67.42  	 61.53  	 66.77  	 69.29  	 69.55  	 61.37  	 60.62  	 58.09  	 63.21  	 32.96
1984	   1	  31	  82	 47.64  	 64.18  	 62.62  	 67.58  	 68.55  	 66.86  	 60.14  	 57.61  	 57.72  	 60.25  	 33.08
1984	   2	  14	  82	 54.39  	 71.02  	 72.22  	 76.21  	 72.68  	 70.49  	 62.48  	 62.61  	 61.54  	 60.24  	 30.12
1984	   3	   8	  82	 48.89  	 79.51  	 81.94  	 87.63  	 84.26  	 79.04  	 73.94  	 73.13  	 70.57  	 73.47  	 38.88
1984	   3	  20	  82	 61.71  	 82.08  	 82.20  	 87.85  	 80.23  	 78.62  	 72.49  	 70.76  	 69.61  	 73.88  	 37.98
1984	   4	   4	  82	 54.42  	 81.72  	 82.77  	 87.89  	 79.85  	 78.34  	 70.42  	 72.28  	 71.59  	 74.03  	 38.41
1984	   4	  23	  82	 53.18  	 79.94  	 79.94  	 85.15  	 79.36  	 78.09  	 70.80  	 71.27  	 71.50  	 72.65  	 37.72
1984	   5	   2	  82	 48.05  	 73.67  	 74.48  	 80.41  	 78.43  	 79.13  	 70.42  	 69.96  	 71.23  	 73.21  	 37.47
1984	   5	  22	  82	 41.48  	 67.43  	 72.09  	 75.95  	 77.81  	 77.46  	 72.33  	 71.28  	 71.16  	 73.26  	 37.86
1984	   6	   5	  82	 33.50  	 55.33  	 69.30  	 74.53  	 75.23  	 75.58  	 71.97  	 70.11  	 71.97  	 72.90  	 37.56
1984	   6	  15	  82	 12.83  	 44.28  	 70.16  	 73.14  	 77.07  	 78.39  	 73.50  	 72.66  	 73.14  	 75.88  	 38.72
1984	   6	  28	  82	 22.38  	 52.79  	 72.51  	 74.47  	 77.95  	 79.56  	 75.18  	 68.31  	 77.15  	 80.98  	 38.57
1984	   7	  17	  82	999.99  	 33.97  	 66.60  	 72.91  	 75.49  	 79.49  	 75.31  	 74.34  	 75.49  	 77.62  	 40.28
1984	   8	  14	  82	 13.44  	 19.37  	 50.37  	 60.18  	 71.49  	 78.62  	 73.81  	 73.90  	 74.88  	 76.39  	 39.27
1984	   8	  28	  82	 12.88  	 18.32  	 46.04  	 53.02  	 69.38  	 78.24  	 73.41  	 74.57  	 73.94  	 77.52  	 39.52
1984	   9	  11	  82	 28.35 -	999.99 -	999.99 -	999.99 -	999.99 -	999.99 -	999.99 -	999.99 -	999.99 -	999.99 -	999.99
1984	  11	   1	  82	 58.57  	 81.84  	 87.16  	 88.41  	 80.68  	 79.27  	 74.20  	 71.71  	 72.79  	 74.70  	 38.72
1984	  11	  27	  82	 62.01 -	999.99 -	999.99 -	999.99 -	999.99 -	999.99 -	999.99 -	999.99 -	999.99 -	999.99 -	999.99
1985	   1	   3	  82	999.99  	 77.72  	 87.15  	 87.31  	 81.25  	 78.13  	 72.23  	 71.74  	 72.07  	 74.69  	 39.15
1985	   1	  30	  82	999.99  	 67.38  	 73.68  	 75.21  	 77.88  	 78.20  	 71.98  	 70.20  	 69.32  	 73.76  	 37.53
1985	   3	  21	  82	 48.33  	 70.90  	 77.04  	 81.80  	 80.02  	 77.92  	 73.24  	 70.18  	 72.27  	 73.73  	 38.76
1985	   3	  28	  82	 42.72  	 71.10  	 77.97  	 85.83  	 83.35  	 80.04  	 74.91  	 72.92  	 73.83  	 76.64  	 38.11
1985	   4	  17	  82	 43.60  	 75.40  	 85.58  	 88.81  	 82.02  	 79.46  	 74.49  	 72.17  	 73.58  	 75.40  	 38.94
1985	   4	  26	  82	 46.06  	 71.94  	 77.45  	 83.29  	 82.04  	 81.37  	 76.20  	 75.03  	 74.61  	 78.78  	 39.98
1985	   5	  13	  82	 38.94  	 70.41  	 77.37  	 80.51  	 82.59  	 80.76  	 74.72  	 72.48  	 72.73  	 76.46  	 39.10
1985	   5	  30	  82	 32.71  	 66.51  	 76.14  	 77.96  	 82.03  	 80.78  	 75.39  	 73.40  	 74.31  	 76.72  	 39.48
1985	   6	  14	  82	 34.08  	 74.03  	 80.24  	 88.70  	 82.65  	 80.41  	 74.61  	 73.78  	 74.03  	 75.77 -	999.99
1985	   6	  28	  82	 43.31  	 80.64  	 85.66  	 88.70  	 82.20  	 79.89  	 73.64  	 72.41  	 73.06  	 74.88 -	999.99
1985	   7	  16	  82	 27.22  	 55.57  	 71.37  	 74.60  	 76.58  	 80.06  	 73.69  	 72.61  	 75.18  	 75.59  	 38.95
1985	   7	  29	  82	 20.55  	 42.93  	 65.10  	 71.49  	 75.47  	 78.46  	 74.56  	 72.40  	 74.56  	 76.30  	 38.90
1985	   8	  15	  82	 40.14  	 72.62  	 79.25  	 83.89  	 80.41  	 80.66  	 75.69  	 72.29  	 73.36  	 76.02  	 39.58
1985	   8	  30	  82	 31.56  	 69.00  	 77.81  	 79.39  	 81.89  	 80.47  	 74.15  	 73.24  	 73.57  	 76.65  	 39.57
1985	   9	  12	  82	 31.01  	 67.82  	 75.67  	 78.43  	 81.10  	 81.35  	 75.67  	 72.42  	 73.92  	 76.68  	 40.09
1985	   9	  27	  82	 28.56  	 63.39  	 72.13  	 74.88  	 74.38  	 79.79  	 74.96  	 72.71  	 72.63  	 76.71  	 39.27
1985	  10	  17	  82	 34.12  	 70.38  	 77.79  	 79.37  	 79.87  	 80.87  	 74.96  	 72.46  	 73.88  	 77.21 -	999.99
1985	  11	   4	  82	 44.94  	 78.43  	 85.36  	 89.07  	 82.14  	 81.89  	 75.54  	 73.15  	 72.74  	 75.87  	 40.04
1985	  11	  22	  82	 44.26  	 77.37  	 87.47  	 88.14  	 82.01  	 81.84  	 74.14  	 73.56  	 74.80  	 77.12  	 39.84
1985	  12	  30	  82	 39.03  	 67.79  	 74.47  	 79.27  	 79.43  	 79.27  	 74.14  	 72.02  	 72.51  	 74.71  	 39.35
1986	   1	  28	  82	 39.31  	 67.98  	 76.37  	 80.04  	 80.69  	 81.02  	 74.91  	 71.57  	 73.60  	 76.37  	 39.65
1986	   2	  25	  82	 43.23  	 72.26  	 78.66  	 89.58  	 82.44  	 81.21  	 74.48  	 73.00  	 73.08  	 77.35  	 39.46
1986	   3	  14	  82	 47.11  	 76.55  	 85.04  	 86.43  	 83.90  	 79.98  	 74.26  	 72.22  	 74.02  	 77.04  	 39.54
1986	   3	  31	  82	 37.36  	 67.76  	 75.19  	 78.66  	 81.13  	 80.39  	 74.78  	 72.88  	 73.87  	 78.00  	 39.25
1986	   4	  21	  82	 39.16  	 70.37  	 69.64  	 74.63  	 76.03  	 80.86  	 73.57  	 71.11  	 72.26  	 77.99  	 39.53
1986	   5	   2	  82	 30.26  	 57.97  	 72.63  	 75.51  	 77.57  	 80.53  	 73.78  	 72.71  	 73.62  	 78.56  	 39.15
1986	   5	  16	  82	 47.40  	 77.49  	 84.24  	 87.29  	 81.27  	 80.53  	 75.26  	 73.12  	 73.53  	 77.24  	 39.32
1986	   5	  30	  82	 43.25  	 75.30  	 83.00  	 88.14  	 82.50  	 80.93  	 75.79  	 73.14  	 74.96  	 78.94  	 39.43
1986	   6	  18	  82	 35.80  	 61.96  	 73.39  	 77.45  	 80.60  	 80.18  	 75.21  	 73.14  	 73.56  	 79.52  	 39.06
1986	   7	   7	  82	 14.17 -	999.99 -	999.99 -	999.99 -	999.99 -	999.99 -	999.99 -	999.99 -	999.99 -	999.99 -	999.99
1986	   7	  14	  82	 27.15 -	999.99 -	999.99 -	999.99 -	999.99 -	999.99 -	999.99 -	999.99 -	999.99 -	999.99 -	999.99
1986	   7	  31	  82	 11.27 -	999.99 -	999.99 -	999.99 -	999.99 -	999.99 -	999.99 -	999.99 -	999.99 -	999.99 -	999.99
1986	   8	  15	  82	 21.34  	 48.70  	 47.17  	 64.23  	 71.78  	 76.28  	 73.82  	 72.12  	 78.99  	 74.67  	 39.03
1986	   8	  29	  82	 15.43  	 32.35  	 49.66  	 62.98  	 69.13  	 75.13  	 72.05  	 73.80  	 73.88  	 76.87  	 39.35
1986	   9	  17	  82	 11.22  	 16.43  	 43.45  	 56.71  	 67.38  	 76.05  	 71.97  	 71.89  	 72.80  	 74.97  	 39.19
1986	  10	   1	  82	 35.97  	 59.81  	 62.91  	 57.69  	 67.00  	 73.86  	 70.26  	 70.10  	 69.04  	 73.04  	 38.52
1986	  10	  30	  82	 32.65  	 67.42  	 74.63  	 78.65  	 79.30  	 78.24  	 72.91  	 71.77  	 72.09  	 77.58  	 38.67
1986	  11	  26	  82	 54.21  	 76.58  	 85.51  	 86.58  	 79.36  	 78.30  	 73.46  	 72.31  	 73.87  	 78.95  	 38.49
1986	  12	  30	  82	 41.16  	 70.43  	 78.18  	 85.37  	 81.29  	 77.37  	 73.20  	 71.81  	 73.45  	 79.24  	 39.34
1987	   1	  30	  82	 41.02  	 68.90  	 75.28  	 79.53  	 80.26  	 78.22  	 72.58  	 71.68  	 72.91  	 77.89  	 39.03
1987	   2	  27	  82	 49.88  	 79.45  	 85.40  	 87.36  	 79.37  	 78.63  	 73.42  	 72.60  	 73.33  	 78.80  	 39.24
1987	   3	  18	  82	 44.24  	 72.60  	 85.43  	 87.81  	 82.22  	 80.49  	 74.82  	 72.84  	 73.67  	 78.52  	 39.63
1987	   3	  31	  82	 43.88  	 69.07  	 76.98  	 85.96  	 80.57  	 77.55  	 72.74  	 72.66  	 73.64  	 77.80  	 38.82
1987	   4	  16	  82	 41.73  	 78.93  	 85.85  	 88.49  	 81.23  	 80.41  	 73.98  	 72.41  	 74.14  	 79.91  	 39.96
1987	   4	  29	  82	 33.55  	 59.03  	 71.92  	 76.88  	 80.68  	 79.11  	 74.81  	 73.16  	 73.82  	 79.69  	 39.80
1987	   5	  15	  82	 28.24  	 53.69  	 67.55  	 72.00  	 75.79  	 79.42  	 74.64  	 72.41  	 73.65  	 80.49  	 39.79
1987	   5	  29	  82	 18.21  	 39.17  	 66.55  	 72.80  	 74.96  	 77.87  	 74.63  	 73.80  	 75.29  	 81.04  	 40.52
1987	   6	  17	  82	 26.66  	 50.12  	 67.56  	 70.22  	 73.62  	 79.19  	 75.61  	 72.54  	 75.28  	 79.77  	 39.63
1987	   7	   1	  82	 32.43  	 70.46  	 73.17  	 70.46  	 74.65  	 78.68  	 72.68  	 73.09  	 72.35  	 78.27  	 38.89
1987	   7	  16	  82	 30.91  	 62.28  	 72.81  	 77.07  	 77.91  	 80.50  	 75.73  	 74.15  	 75.90  	 80.50  	 40.12
1987	   8	   4	  82	 33.58  	 59.74  	 68.20  	 71.35  	 73.92  	 80.47  	 75.08  	 73.42  	 74.75  	 80.39  	 39.45
1987	   8	  17	  82	 17.28  	 30.72  	 62.83  	 70.61  	 74.37  	 77.55  	 74.45  	 74.54  	 75.29  	 81.06  	 40.11
1987	   8	  28	  82	 23.29  	 27.63  	 45.87  	 62.86  	 73.19  	 77.10  	 72.10  	 73.69  	 74.35  	 81.10  	 39.84
1987	   9	  16	  82	 23.29  	 13.95  	 39.03  	 52.40  	 66.99  	 74.45  	 71.66  	 70.26  	 71.17  	 78.46  	 38.62
1987	   9	  30	  82	 23.04  	 17.16  	 39.46  	 50.82  	 67.48  	 74.86  	 72.78  	 72.20  	 71.71  	 75.85  	 39.63
1987	  10	  29	  82	 20.87  	 23.75  	 40.69  	 51.54  	 66.18  	 73.34  	 71.86  	 71.61  	 69.64  	 74.90  	 38.72
1987	  12	   2	  82	 31.50  	 64.87  	 72.35  	 66.43  	 66.26  	 73.17  	 70.13  	 70.29  	 68.98  	 71.77  	 38.07
1988	   1	   6	  82	 34.38  	 69.09  	 77.26  	 81.76  	 79.14  	 76.61  	 71.87  	 72.20  	 71.22  	 76.85  	 38.71
1988	   1	  27	  82	 37.26  	 67.95  	 74.78  	 78.40  	 77.19  	 75.42  	 70.12  	 69.80  	 69.64  	 75.18  	 37.83
1988	   3	   2	  82	 42.02  	 68.34  	 76.13  	 79.86  	 79.13  	 77.26  	 72.07  	 71.10  	 71.26  	 75.97  	 38.14
1988	   3	  18	  82	 43.31  	 71.46  	 79.71  	 87.07  	 79.55  	 77.18  	 73.83  	 70.73  	 71.95  	 77.26  	 38.96
1988	   3	  31	  82	 52.55  	 78.08  	 86.40  	 88.04  	 80.39  	 77.76  	 73.56  	 71.83  	 72.57  	 77.18  	 38.71
1988	   4	  15	  82	 37.47  	 64.89  	 73.81  	 76.11  	 78.32  	 77.58  	 73.32  	 73.32  	 71.85  	 76.03  	 38.75
1988	   4	  29	  82	 40.90  	 59.31  	 72.15  	 74.30  	 77.20  	 79.02  	 73.64  	 72.81  	 72.98  	 78.19  	 39.22
1988	   5	  13	  82	 29.15  	 58.01  	 70.24  	 72.89  	 74.71  	 77.85  	 72.80  	 72.39  	 73.30  	 78.67  	 40.12
1988	   5	  27	  82	 21.57  	 44.66  	 66.22  	 71.67  	 74.81  	 75.80  	 72.50  	 72.91  	 72.91  	 79.19  	 40.09
1988	   6	  16	  82	  8.33  	 17.12  	 58.17  	 70.52  	 74.45  	 76.20  	 72.61  	 73.69  	 73.44  	 79.70  	 39.81
1988	   7	   8	  82	  8.44  	 11.72  	 44.76  	 64.76  	 70.08  	 74.89  	 72.98  	 71.90  	 72.57  	 78.79  	 40.06
1988	   7	  15	  82	 17.45  	 16.72  	 43.62  	 65.28  	 71.19  	 77.35  	 71.60  	 72.02  	 71.94  	 79.60  	 40.38
1988	   7	  29	  82	 11.08  	 14.72  	 43.12  	 63.19  	 69.69  	 74.94  	 70.19  	 72.10  	 72.44  	 75.60  	 40.26
1988	   8	   1	  82	 14.46  	 25.88  	 46.56  	 63.35  	 72.48  	 75.40  	 72.60  	 72.11  	 72.48  	 75.76  	 39.58
1988	   8	  17	  82	  8.13  	 12.09  	 42.72  	 60.79  	 70.41  	 76.19  	 70.75  	 71.25  	 71.92  	 74.35  	 39.60
1988	   9	   1	  82	 14.58  	 14.24  	 42.82  	 59.89  	 68.42  	 73.89  	 71.15  	 70.66  	 70.32  	 74.22  	 39.14
1988	   9	  15	  82	 19.99  	 36.51  	 46.21  	 59.65  	 68.11  	 73.34  	 69.77  	 71.35  	 69.19  	 72.43  	 38.91
1988	   9	  29	  82	 27.85  	 56.48  	 66.08  	 61.78  	 67.90  	 73.61  	 70.46  	 71.70  	 69.06  	 71.79  	 38.09
1988	  10	  27	  82	 31.60  	 61.66  	 71.66  	 70.02  	 69.69  	 73.87  	 69.61  	 70.35  	 68.46  	 70.35  	 37.39
1988	  11	  28	  82	 43.74  	 76.12  	 84.13  	 86.17  	 80.20  	 78.32  	 75.79  	 71.71  	 70.73  	 77.26  	 39.08
1989	   1	   5	  82	 48.12  	 75.08  	 82.26  	 84.69  	 78.23  	 75.56  	 69.99  	 70.72  	 70.47  	 76.21  	 39.76
1989	   2	   1	  82	 44.40  	 75.75  	 85.82  	 86.73  	 79.46  	 78.72  	 74.34  	 71.29  	 72.44  	 77.89 -	999.99
1989	   3	   1	  82	 44.24  	 70.50  	 76.73  	 86.27  	 78.34  	 76.48  	 72.44  	 71.47  	 72.93  	 75.76 -	999.99
1989	   3	  17	  82	 40.38  	 69.14  	 79.07  	 87.28  	 81.54  	 79.40  	 73.82  	 72.67  	 72.02  	 76.12  	 39.21
1989	   3	  31	  82	 53.11  	 79.04  	 85.42  	 87.79  	 81.98  	 79.53  	 73.89  	 71.68  	 73.15  	 77.40  	 38.74
1989	   4	  14	  82	 38.12  	 66.50  	 76.64  	 80.24  	 81.39  	 78.61  	 73.29  	 72.47  	 71.82  	 76.73  	 39.18
1989	   4	  28	  82	 32.81  	 55.92  	 71.18  	 76.99  	 77.49  	 79.48  	 74.17  	 73.75  	 73.75  	 78.15  	 39.57
1989	   5	  12	  82	 31.15  	 52.63  	 66.18  	 70.67  	 73.61  	 78.10  	 73.20  	 72.47  	 72.96  	 77.12  	 38.72
1989	   5	  17	  82	 24.15  	 53.16  	 66.71  	 70.87  	 73.49  	 76.70  	 73.60  	 73.13  	 72.89  	 73.72  	 39.54
1989	   6	   1	  82	 11.30  	 21.54  	 60.50  	 70.22  	 79.93  	 76.94  	 72.71  	 73.54  	 72.79  	 77.52  	 40.01
1989	   6	  15	  82	 33.91  	 58.64  	 61.53  	 66.97  	 70.60  	 75.54  	 72.16  	 71.42  	 72.99  	 76.78  	 38.80
1989	   6	  30	  82	 34.17  	 61.79  	 70.35  	 67.69  	 71.77  	 76.09  	 72.60  	 73.01  	 74.09  	 78.17  	 39.00
1989	   7	  14	  82	 36.70  	 64.85  	 73.73  	 75.97  	 75.47  	 78.13  	 75.31  	 73.15  	 74.56  	 78.54  	 38.61
1989	   7	  28	  82	 21.96  	 43.31  	 67.71  	 72.81  	 74.81  	 76.74  	 72.81  	 73.64  	 73.89  	 79.58  	 39.83
1989	   8	  16	  82	 40.02  	 36.04  	 61.53  	 69.97  	 73.98  	 78.74  	 72.14  	 73.64  	 74.40  	 77.57  	 39.96
1989	   9	   1	  82	999.99  	 48.50  	 65.99  	 68.47  	 72.70  	 75.93  	 72.62  	 73.20  	 74.28  	 78.26  	 38.96
1989	   9	  15	  82	 30.61  	 46.16  	 61.86  	 66.38  	 71.55  	 75.66  	 70.81  	 72.46  	 72.70  	 77.64  	 38.53
1989	   9	  29	  82	 17.08  	 36.36  	 59.73  	 67.24  	 70.38  	 74.26  	 71.12  	 71.53  	 71.20  	 77.07  	 39.11
1989	  10	  27	  82	 30.91  	 56.79  	 68.19  	 67.20  	 70.32  	 73.44  	 71.06  	 70.65  	 71.06  	 73.93  	 38.77
1989	  12	   1	  82	 33.05  	 60.32  	 70.10  	 69.77  	 71.73  	 73.68  	 71.73  	 70.26  	 70.43  	 73.93  	 38.68
1990	   1	   4	  82	 36.62  	 73.87  	 81.80  	 82.53  	 77.76  	 75.33  	 71.93  	 70.15  	 70.39  	 75.33  	 38.76
1990	   1	  31	  82	 47.03  	 77.25  	 86.05  	 85.40  	 80.92  	 79.45  	 73.66  	 71.05  	 73.09  	 76.68  	 39.28
1990	   2	  28	  82	 44.34  	 73.38  	 80.00  	 85.25  	 79.68  	 78.23  	 72.41  	 72.09  	 71.12  	 76.21  	 39.60
1990	   3	  13	  82	 39.34  	 69.04  	 74.58  	 80.11  	 82.16  	 79.03  	 73.25  	 73.13  	 73.85  	 78.07  	 39.88
1990	   3	  28	  82	 37.75  	 71.14  	 78.18  	 86.45  	 82.84  	 78.83  	 74.49  	 73.18  	 72.20  	 76.87  	 39.95
1990	   4	  18	  82	 45.53  	 77.53  	 83.69  	 85.39  	 80.61  	 77.93  	 72.42  	 72.02  	 73.56  	 75.10  	 39.13
1990	   5	   2	  82	 47.67  	 78.59  	 84.48  	 86.90  	 80.36  	 78.91  	 73.67  	 72.06  	 71.49  	 76.98  	 39.21
1990	   5	  17	  82	 53.17  	 79.36  	 86.88  	 90.59  	 84.23  	 80.68  	 74.65  	 74.07  	 74.98  	 78.28  	 39.76
1990	   5	  31	  82	 44.64  	 72.27  	 78.45  	 85.62  	 82.24  	 79.19  	 74.66  	 73.18  	 73.26  	 77.88 -	999.99
1990	   6	  15	  82	 38.34  	 65.16  	 74.03  	 77.68  	 82.40  	 80.58  	 74.86  	 74.11  	 74.28  	 78.34  	 40.62
1990	   6	  29	  82	 17.43  	 39.72  	 67.83  	 74.40  	 75.15  	 79.97  	 74.82  	 74.98  	 73.57  	 78.23  	 40.44
1990	   7	  18	  82	 11.42  	 13.96  	 50.54  	 66.65  	 73.17  	 77.51  	 73.50  	 72.92  	 74.50  	 80.27  	 40.38
1990	   8	   1	  82	 20.74  	 21.67  	 47.17  	 59.84  	 68.86  	 75.65  	 71.76  	 72.67  	 73.00  	 78.13  	 39.36
1990	   8	  13	  82	 38.34  	 61.41  	 51.48  	 58.93  	 67.29  	 75.40  	 72.34  	 70.68  	 72.50  	 78.63  	 39.77
1990	   8	  31	  82	 19.17  	 27.35  	 52.99  	 58.48  	 68.47  	 75.46  	 72.13  	 73.63  	 71.80  	 77.62  	 40.14
1990	   9	  14	  82	 26.36  	 33.52  	 46.13  	 56.00  	 65.21  	 74.50  	 69.86  	 70.93  	 71.18  	 75.91  	 40.11
1990	   9	  27	  82	 24.86  	 46.22  	 49.28  	 54.99  	 65.91  	 74.35  	 69.47  	 70.46  	 70.63  	 74.60  	 39.86
1990	  10	  31	  82	 32.65  	 64.80  	 73.37  	 77.73  	 75.10  	 76.74  	 70.98  	 72.96  	 72.63  	 77.32  	 39.85
1990	  11	  30	  82	 38.15  	 71.68  	 79.30  	 86.51  	 81.10  	 78.24  	 74.06  	 72.01  	 71.68  	 72.75 -	999.99
1991	   2	   1	  82	 46.28  	 75.39  	 84.19  	 87.56  	 80.98  	 80.33  	 74.41  	 74.32  	 73.83  	 78.68 -	999.99
1991	   2	  28	  82	 42.59  	 69.92  	 77.01  	 81.98  	 81.39  	 77.96  	 72.64  	 72.87  	 71.46  	 76.54  	 38.56
1991	   3	  13	  82	 45.49  	 67.07  	 77.53  	 81.57  	 81.57  	 79.67  	 74.20  	 73.96  	 71.82  	 75.15  	 39.54
1991	   3	  27	  82	 45.39  	 71.32  	 76.36  	 84.52  	 80.20  	 80.32  	 72.88  	 77.08  	 71.68  	 77.20  	 40.04
1991	   4	  18	  82	 43.05  	 71.21  	 79.90  	 85.46  	 82.80  	 78.21  	 73.86  	 74.47  	 73.14  	 77.25  	 39.71
1991	   5	   1	  82	 41.21  	 70.65  	 78.56  	 85.86  	 85.01  	 81.36  	 75.88  	 73.82  	 72.48  	 77.10  	 39.28
1991	   5	  16	  82	 40.80  	 71.13  	 77.89  	 84.89  	 83.98  	 81.89  	 74.89  	 73.89  	 73.80  	 79.14  	 39.90
1991	   5	  30	  82	 37.96  	 66.06  	 75.83  	 78.85  	 84.52  	 82.59  	 74.62  	 73.06  	 74.02  	 76.80  	 39.06
1991	   6	  12	  82	 25.13  	 48.93  	 70.37  	 74.75  	 77.19  	 79.38  	 75.48  	 74.39  	 73.17  	 78.16  	 39.93
1991	   6	  27	  82	 14.83  	 29.61  	 64.95  	 73.51  	 75.22  	 80.11  	 74.37  	 73.26  	 74.49  	 77.67  	 39.93
1991	   7	  16	  82	  9.10  	 12.39  	 46.06  	 66.24  	 72.20  	 76.67  	 73.61  	 72.20  	 72.61  	 77.49  	 39.82
1991	   7	  31	  82	  9.26  	 10.33  	 41.38  	 58.10  	 66.99  	 81.50  	 75.96  	 78.51  	 77.72  	 84.05  	 42.99
1991	   8	  14	  82	 17.43  	 14.88  	 36.54  	 48.74  	 65.01  	 75.06  	 71.65  	 70.33  	 69.66  	 70.24  	 38.94
1991	   8	  29	  82	 10.18  	  8.21  	 31.08  	 40.13  	 63.62  	 79.14  	 77.10  	 77.19  	 75.33  	 80.91  	 43.21
1991	   9	  13	  82	 36.05  	 53.23  	 61.28  	 48.50  	 53.14  	 72.98  	 71.49  	 70.16  	 70.33  	 75.22  	 40.02
1991	   9	  30	  82	 22.54  	 40.29  	 58.53  	 48.50  	 61.35  	 73.45  	 69.97  	 71.71  	 69.72  	 74.69  	 39.25
1991	  10	  31	  82	 37.33  	 67.00  	 71.82  	 45.54  	 61.93  	 71.91  	 69.74  	 71.91  	 70.08  	 71.41  	 37.74
1991	  12	   2	  82	 59.12  	 76.99  	 76.82  	 76.90  	 78.63  	 77.40  	 73.87  	 71.82  	 70.92  	 68.54  	 38.49
1991	  12	  31	  82	 47.95  	 73.51  	 77.98  	 86.45  	 80.22  	 77.82  	 71.85  	 71.76  	 71.35  	 74.83 -	999.99
1992	   1	  29	  82	 44.48  	 74.76  	 78.16  	 77.91  	 79.23  	 77.91  	 72.70  	 72.78  	 72.94  	 78.07 -	999.99
1992	   2	  28	  82	 43.44  	 71.46  	 80.27  	 78.02  	 80.35  	 78.27  	 73.70  	 73.62  	 71.46  	 78.19 -	999.99
1992	   3	  17	  82	 45.84  	 63.89  	 72.24  	 80.12  	 79.73  	 80.20  	 71.93  	 71.93  	 72.01  	 72.09 -	999.99
1992	   3	  30	  82	 58.88  	 80.20  	 87.87  	 87.95  	 79.81  	 80.44  	 72.30  	 72.54  	 71.91  	 72.62 -	999.99
1992	   4	  15	  82	 37.81  	 62.26  	 72.04  	 76.51  	 77.43  	 77.84  	 74.11  	 73.70  	 72.78  	 77.76 -	999.99
1992	   4	  29	  82	 43.28  	 66.22  	 75.79  	 79.87  	 81.37  	 80.20  	 74.04  	 73.13  	 73.30  	 77.96 -	999.99
1992	   5	  15	  82	 25.93  	 47.87  	 69.41  	 74.57  	 75.73  	 78.89  	 74.32  	 71.66  	 73.07  	 77.81 -	999.99
1992	   5	  27	  82	 34.17  	 54.23  	 68.59  	 71.23  	 73.87  	 77.83  	 73.79  	 72.63  	 72.63  	 77.91 -	999.99
1992	   6	  15	  82	 31.30  	 54.06  	 68.46  	 71.47  	 74.32  	 76.25  	 73.57  	 72.65  	 74.15  	 79.26 -	999.99
1992	   7	   2	  82	 24.76  	 40.47  	 64.17  	 69.08  	 72.91  	 76.56  	 72.24  	 72.16  	 73.65  	 78.56  	 39.57
1992	   7	  15	  82	 24.75  	 38.63  	 63.28  	 68.61  	 71.60  	 75.44  	 71.52  	 70.36  	 72.52  	 78.85  	 40.22
1992	   7	  31	  82	 34.56  	 57.11  	 61.39  	 65.77  	 71.73  	 75.35  	 71.99  	 72.83  	 73.16  	 78.88  	 39.94
1992	   8	  14	  82	 15.25  	 24.47  	 55.23  	 64.54  	 69.52  	 75.51  	 69.77  	 71.35  	 70.35  	 77.59  	 39.67
1992	   9	   3	  82	 27.09  	 28.83  	 45.18  	 57.92  	 68.24  	 74.86  	 72.59  	 71.92  	 71.09  	 73.68  	 39.65
1992	   9	  15	  82	 15.88  	 35.32  	 46.56  	 56.96  	 67.95  	 73.49  	 71.39  	 71.98  	 70.22  	 76.34  	 39.51
1992	   9	  30	  82	 41.68  	 69.52  	 77.46  	 80.43  	 78.86  	 76.88  	 72.17  	 72.50  	 71.26  	 77.54  	 39.93
1992	  10	  30	  82	 40.84  	 64.50  	 73.73  	 75.38  	 74.72  	 78.02  	 73.24  	 72.33  	 71.50  	 76.04  	 40.08
1992	  12	   2	  82	 46.74  	 70.13  	 77.66  	 82.21  	 81.38  	 78.82  	 73.44  	 72.86  	 72.94  	 78.16  	 39.33
1993	   1	   6	  82	 47.98  	 76.40  	 85.21  	 86.90  	 81.35  	 79.06  	 74.71  	 72.78  	 71.57  	 76.40  	 38.68
1993	   1	  29	  82	 45.24  	 72.32  	 79.46  	 86.93  	 83.61  	 79.62  	 76.05  	 73.23  	 73.56  	 77.22  	 39.98
1993	   3	   3	  82	 63.88  	 76.19  	 85.00  	 87.14  	 80.39  	 79.98  	 75.78  	 71.91  	 72.65  	 78.41  	 39.33
1993	   3	  17	  82	 53.43  	 74.01  	 84.67  	 86.23  	 82.46  	 79.26  	 75.00  	 71.47  	 73.76  	 77.95  	 38.89
1993	   3	  31	  82	 55.78  	 75.06  	 82.50  	 87.26  	 83.75  	 79.91  	 76.07  	 73.06  	 76.49  	 78.66  	 40.67
1993	   4	  16	  82	 56.08  	 78.79  	 86.10  	 87.84  	 83.86  	 78.88  	 75.39  	 71.82  	 73.40  	 78.63  	 40.39
1993	   5	   3	  82	 57.63  	 79.10  	 84.42  	 87.82  	 83.34  	 80.60  	 74.78  	 72.54  	 74.29  	 78.52  	 40.01
1993	   5	  13	  82	 52.19  	 75.16  	 85.25  	 88.00  	 82.58  	 79.75  	 74.99  	 72.66  	 72.24  	 78.75  	 40.12
1993	   5	  28	  82	 46.74  	 65.79  	 74.12  	 82.71  	 82.88  	 79.26  	 75.64  	 74.37  	 74.46  	 80.60  	 41.40
1993	   6	  15	  82	 45.52  	 67.03  	 75.84  	 81.63  	 83.56  	 81.04  	 74.16  	 73.07  	 73.24  	 79.78  	 40.40
1993	   6	  30	  82	 49.24  	 73.07  	 80.62  	 87.59  	 81.80  	 81.80  	 74.67  	 74.25  	 74.33  	 79.20  	 40.94
1993	   7	  13	  82	 40.80  	 61.23  	 73.21  	 79.16  	 81.08  	 79.66  	 74.46  	 74.13  	 73.46  	 79.99  	 39.87
1993	   7	  30	  82	 23.31  	 36.88  	 66.61  	 73.64  	 77.11  	 81.26  	 76.27  	 74.32  	 74.32  	 81.77  	 40.59
1993	   8	  17	  82	 21.14  	 33.56  	 60.74  	 70.30  	 73.24  	 78.02  	 73.41  	 73.41  	 75.76  	 79.36  	 39.81
1993	   9	   2	  82	 33.94  	 54.90  	 65.45  	 69.88  	 73.48  	 76.25  	 72.48  	 72.98  	 75.33  	 79.85  	 39.84
1993	   9	  15	  82	 37.88  	 64.79  	 74.26  	 78.42  	 79.58  	 76.75  	 72.85  	 71.60  	 73.76  	 78.33  	 40.04
1993	   9	  30	  82	 43.75  	 68.41  	 77.48  	 84.55  	 80.97  	 79.14  	 74.40  	 73.24  	 74.32  	 79.81  	 40.32
1993	  10	  29	  82	 45.83  	 64.78  	 75.53  	 79.91  	 80.16  	 78.84  	 74.87  	 73.38  	 73.96  	 80.00  	 40.83
1993	  12	   1	  82	 49.44  	 71.52  	 80.54  	 87.13  	 83.54  	 81.62  	 75.86  	 73.11  	 75.28  	 80.29  	 39.77
1993	  12	  29	  82	 54.77  	 65.36  	 77.85  	 82.51  	 82.10  	 80.10  	 76.68  	 74.27  	 73.94  	 79.02  	 39.55
1994	   1	  28	  82	 61.91  	 79.21  	 84.67  	 87.65  	 83.02  	 79.71  	 74.99  	 73.08  	 74.08  	 77.89  	 39.36
1994	   3	   2	  82	 48.01  	 71.26  	 80.35  	 89.35  	 81.92  	 80.18  	 74.56  	 71.92  	 73.90  	 78.03  	 39.68
1994	   3	  16	  82	 50.13  	 73.39  	 80.35  	 88.38  	 83.33  	 80.27  	 74.96  	 72.98  	 73.22  	 77.03  	 39.88
1994	   4	   1	  82	 50.74  	 71.92  	 78.61  	 88.82  	 82.55  	 81.21  	 76.35  	 73.51  	 75.43  	 79.37  	 40.81
1994	   4	  15	  82	 58.08  	 79.25  	 86.63  	 88.87  	 82.15  	 81.65  	 75.02  	 72.54  	 74.03  	 77.68  	 40.62
1994	   4	  28	  82	 45.07  	 70.19  	 77.18  	 77.60  	 81.89  	 80.96  	 76.67  	 74.06  	 76.50  	 78.69  	 40.99
1994	   5	  13	  82	 44.02  	 61.58  	 73.54  	 77.52  	 81.84  	 80.43  	 75.37  	 73.04  	 74.62  	 78.11  	 40.84
1994	   5	  26	  82	 24.65  	 45.03  	 69.72  	 75.11  	 81.34  	 80.58  	 76.20  	 74.26  	 75.02  	 79.57  	 41.68
1994	   6	  15	  82	 14.77  	 25.58  	 63.65  	 70.98  	 76.96  	 80.50  	 75.61  	 74.94  	 75.44  	 80.08  	 41.43
1994	   6	  30	  82	 28.56  	 45.57  	 62.39  	 69.83  	 74.22  	 79.04  	 75.83  	 73.63  	 75.66  	 81.49  	 41.93
1994	   7	  15	  82	 13.33  	 20.32  	 61.21  	 69.44  	 71.62  	 76.49  	 73.47  	 73.72  	 73.72  	 80.85  	 40.18
1994	   7	  29	  82	 18.33  	 19.13  	 54.97  	 67.42  	 71.62  	 77.01  	 73.05  	 74.65  	 74.57  	 79.45  	 39.60
1994	   8	  12	  82	 19.00  	 26.96  	 53.23  	 65.57  	 70.44  	 77.41  	 73.13  	 71.87  	 73.55  	 80.35  	 40.26
1994	   8	  31	  82	 23.86  	 19.28  	 46.85  	 63.33  	 69.46  	 77.11  	 73.58  	 72.66  	 72.83  	 77.28  	 39.23
1994	   9	  16	  82	 14.01  	 16.50  	 47.52  	 63.03  	 69.27  	 77.02  	 72.05  	 71.96  	 70.11  	 76.09  	 39.40
1994	   9	  30	  82	 23.52  	 34.99  	 48.23  	 61.98  	 69.15  	 74.55  	 73.46  	 72.87  	 71.52  	 76.49  	 39.34
1994	  10	  28	  82	 35.49  	 61.93  	 72.78  	 75.93  	 74.61  	 76.10  	 71.79  	 71.29  	 70.71  	 75.02  	 39.09
1994	  11	  30	  82	 44.40  	 73.10  	 84.40  	 86.89  	 80.99  	 79.50  	 73.93  	 72.52  	 74.43  	 77.00  	 39.54
1994	  12	  29	  82	 43.86  	 67.35  	 79.42  	 85.21  	 80.82  	 76.77  	 73.05  	 72.89  	 72.64  	 76.52  	 39.46
1995	   2	   1	  82	 48.49  	 74.43  	 85.48  	 89.39  	 80.99  	 79.75  	 74.84  	 72.76  	 73.76  	 76.42  	 40.75
1995	   3	   2	  82	 46.36  	 70.93  	 80.43  	 86.79  	 79.36  	 78.28  	 73.33  	 71.09  	 71.59  	 76.96  	 40.09
1995	   3	  15	  82	 45.67  	 67.30  	 77.97  	 84.14  	 81.81  	 79.97  	 75.14  	 72.55  	 74.64  	 79.22  	 40.95
1995	   3	  31	  82	 41.06  	 63.06  	 73.96  	 77.96  	 80.37  	 79.87  	 75.13  	 73.38  	 73.46  	 78.21  	 39.56
1995	   4	  14	  82	 36.38  	 54.71  	 69.30  	 75.14  	 75.55  	 78.39  	 74.80  	 72.64  	 73.30  	 76.64  	 39.36
1995	   4	  28	  82	 42.10  	 68.07  	 76.62  	 84.33  	 82.40  	 79.13  	 75.19  	 73.43  	 74.36  	 79.97  	 39.99
1995	   5	  16	  82	 53.61  	 77.81  	 84.47  	 86.71  	 81.56  	 79.39  	 73.99  	 72.16  	 73.07  	 79.39  	 39.86
1995	   6	   1	  82	 44.44  	 67.13  	 76.56  	 81.11  	 82.29  	 79.93  	 75.30  	 74.88  	 75.72  	 78.75  	 39.80
1995	   6	  15	  82	 44.15  	 65.50  	 75.47  	 80.08  	 80.92  	 79.07  	 75.72  	 73.21  	 73.46  	 79.32  	 40.04
1995	   6	  30	  82	 45.06  	 67.50  	 76.50  	 81.72  	 81.30  	 80.88  	 74.48  	 72.72  	 74.57  	 79.61  	 39.93
1995	   7	  14	  82	 37.76  	 56.24  	 71.91  	 76.88  	 77.21  	 81.00  	 74.85  	 73.09  	 74.77  	 79.32  	 41.01
1995	   8	   4	  82	 35.92  	 59.03  	 71.26  	 77.08  	 79.87  	 80.03  	 74.47  	 72.87  	 75.14  	 79.19  	 40.23
1995	   8	  17	  82	 38.51  	 60.55  	 73.29  	 77.67  	 81.81  	 80.37  	 75.40  	 73.20  	 73.88  	 78.85  	 40.02
1995	   8	  31	  82	 19.36  	 35.29  	 64.30  	 73.27  	 75.55  	 79.61  	 75.89  	 73.61  	 75.21  	 80.12  	 40.65
1995	   9	  13	  82	 13.11  	 19.51  	 53.12  	 67.53  	 73.42  	 78.06  	 74.26  	 72.83  	 73.84  	 78.90  	 40.25
1995	   9	  29	  82	 20.24  	 32.87  	 52.00  	 66.30  	 71.21  	 77.81  	 73.58  	 72.06  	 74.68  	 78.83  	 40.68
1995	  11	   2	  82	 28.43  	 35.61  	 52.26  	 64.98  	 69.66  	 74.68  	 72.51  	 71.33  	 71.17  	 76.27  	 40.44
1995	  11	  29	  82	 31.98  	 61.93  	 71.69  	 74.45  	 73.53  	 75.45  	 71.94  	 71.27  	 71.27  	 76.20  	 40.02
1995	  12	  28	  82	 36.63  	 67.97  	 77.36  	 84.09  	 79.85  	 76.86  	 72.29  	 71.63  	 71.79  	 76.86  	 41.50
1996	   2	   1	  82	 41.96  	 67.84  	 77.63  	 83.52  	 80.62  	 78.54  	 72.40  	 71.90  	 72.15  	 74.97  	 41.89
1996	   2	  29	  82	 42.31  	 72.03  	 81.36  	 90.05  	 84.62  	 81.27  	 75.02  	 74.66  	 73.12  	 78.91  	 41.00
1996	   3	  15	  82	 54.91  	 78.45  	 86.38  	 88.49  	 82.92  	 81.15  	 74.75  	 72.64  	 73.82  	 78.45  	 39.31
1996	   3	  29	  82	 48.45  	 79.36  	 84.66  	 88.78  	 83.06  	 78.86  	 74.40  	 73.22  	 73.56  	 77.68  	 40.06
1996	   4	  12	  82	 39.78  	 65.57  	 76.59  	 82.64  	 83.32  	 78.77  	 74.90  	 72.63  	 73.89  	 77.68  	 39.39
1996	   5	   1	  82	 48.32  	 74.85  	 83.80  	 89.32  	 82.13  	 77.61  	 72.76  	 73.01  	 73.01  	 76.52  	 39.77
1996	   5	  15	  82	 49.09  	 79.15  	 86.07  	 88.95  	 84.38  	 79.23  	 74.08  	 72.31  	 73.83  	 77.54  	 39.62
1996	   5	  31	  82	 41.20  	 65.01  	 74.65  	 79.13  	 82.76  	 80.48  	 74.98  	 73.46  	 73.38  	 78.03  	 39.99
1996	   6	  14	  82	 46.22  	 76.02  	 80.86  	 88.84  	 84.93  	 81.20  	 74.67  	 74.16  	 73.82  	 79.33  	 40.94
1996	   6	  27	  82	 31.96  	 47.35  	 69.77  	 76.68  	 79.38  	 79.38  	 73.40  	 72.55  	 73.90  	 77.78  	 39.99
1996	   7	  15	  82	 31.39  	 28.10  	 56.29  	 72.33  	 75.54  	 78.16  	 74.36  	 73.51  	 73.51  	 76.72  	 40.51
1996	   7	  31	  82	 32.83  	 35.85  	 56.49  	 68.62  	 73.09  	 76.37  	 73.25  	 72.92  	 72.75  	 77.63  	 41.26
1996	   8	  14	  82	 13.73  	 14.11  	 47.03  	 65.67  	 73.36  	 77.38  	 74.47  	 73.36  	 75.16  	 79.52  	 41.09
1996	   8	  30	  82	 12.64  	 10.54  	 39.01  	 58.13  	 69.43  	 78.36  	 73.26  	 71.98  	 74.11  	 79.71  	 40.07
1996	   9	  13	  82	 15.30  	 12.98  	 37.36  	 54.37  	 67.15  	 74.68  	 72.23  	 74.77  	 71.72  	 77.39  	 40.13
1996	   9	  25	  82	 33.39  	 49.33  	 44.12  	 56.13  	 65.96  	 74.62  	 72.10  	 72.60  	 71.68  	 76.13  	 39.37
1996	  10	  31	  82	 37.58  	 69.02  	 79.61  	 84.16  	 79.87  	 77.76  	 73.73  	 71.96  	 73.73  	 76.92  	 39.34
1996	  11	  27	  82	 44.74  	 74.87  	 83.01  	 86.50  	 81.18  	 77.94  	 72.79  	 72.21  	 72.13  	 76.69  	 39.30
1996	  12	  31	  82	 46.28  	 75.18  	 84.97  	 87.73  	 81.88  	 79.28  	 73.59  	 73.26  	 71.92  	 77.19  	 39.64
1997	   1	  29	  82	 47.99  	 69.83  	 80.68  	 88.14  	 80.93  	 77.45  	 72.31  	 71.15  	 72.89  	 76.12  	 40.55
1997	   2	  27	  82	 52.10  	 77.80  	 85.24  	 88.50  	 83.15  	 78.22  	 74.54  	 73.20  	 74.62  	 77.80  	 39.99
1997	   3	  14	  82	 53.92  	 79.11  	 86.08  	 89.94  	 82.30  	 79.78  	 75.42  	 72.15  	 74.33  	 77.77  	 39.56
1997	   3	  28	  82	 47.65  	 75.07  	 86.18  	 88.53  	 82.47  	 79.78  	 75.24  	 72.88  	 72.72  	 78.86  	 39.51
1997	   4	  14	  82	 46.09  	 72.79  	 79.58  	 88.04  	 82.59  	 80.83  	 74.38  	 73.38  	 72.87  	 78.23  	 39.37
1997	   4	  30	  82	 44.78  	 67.50  	 77.11  	 82.58  	 82.84  	 79.63  	 74.24  	 73.14  	 74.49  	 79.21  	 39.94
1997	   5	  15	  82	 40.04  	 60.66  	 72.36  	 77.88  	 81.14  	 79.14  	 73.79  	 73.03  	 73.12  	 77.30  	 40.07
1997	   5	  30	  82	 45.43  	 71.68  	 78.98  	 85.20  	 77.54  	 77.06  	 48.69  	 71.80  	 72.99  	 76.94  	 38.95
1997	   6	  13	  82	 44.06  	 71.66  	 81.27  	 86.49  	 80.78  	 78.35  	 75.68  	 72.64  	 73.37  	 79.81  	 40.82
1997	   6	  26	  82	 45.02  	 68.39  	 79.75  	 80.96  	 78.66  	 78.66  	 74.31  	 74.43  	 73.95  	 79.39  	 39.69
1997	   7	  15	  82	 32.82  	 45.38  	 68.19  	 75.43  	 76.97  	 82.49  	 75.77  	 74.99  	 76.11  	 81.62  	 41.33
1997	   7	  31	  82	 14.66  	 38.83  	 67.27  	 71.79  	 75.38  	 79.56  	 75.72  	 73.50  	 74.95  	 80.16  	 40.93
1997	   8	  15	  82	 26.50  	 40.02  	 64.13  	 72.17  	 74.47  	 77.89  	 74.82  	 72.94  	 74.05  	 79.69  	 40.87
1997	   8	  29	  82	 19.09  	 40.71  	 64.19  	 68.38  	 72.13  	 78.11  	 74.27  	 73.84  	 74.27  	 79.99  	 41.32
1997	   9	  12	  82	 14.14  	 34.58  	 59.51  	 67.23  	 71.13  	 76.56  	 73.08  	 73.16  	 73.42  	 78.85  	 40.74
1997	   9	  26	  82	 21.82  	 36.46  	 58.02  	 65.89  	 70.17  	 76.07  	 74.28  	 73.42  	 73.94  	 80.01  	 41.76
1997	  10	  30	  82	 26.13  	 42.19  	 54.78  	 63.54  	 68.04  	 76.46  	 73.32  	 72.63  	 70.85  	 75.02  	 41.97
1997	  11	  26	  82	 31.30  	 60.86  	 71.66  	 67.12  	 69.86  	 76.03  	 74.31  	 72.60  	 71.57  	 75.17  	 41.18
1997	  12	  29	  82	 38.10  	 69.05  	 78.42  	 86.88  	 81.44  	 78.26  	 71.98  	 70.89  	 71.47  	 76.00  	 38.96
1998	   1	  29	  82	 41.98  	 72.55  	 80.71  	 87.77  	 80.20  	 78.86  	 73.39  	 72.80  	 73.89  	 77.51  	 40.06
1998	   2	  26	  82	 43.69  	 71.28  	 80.82  	 90.37  	 82.78  	 80.31  	 74.26  	 74.00  	 74.77  	 79.03  	 39.56
1998	   3	  13	  82	 42.93  	 71.54  	 82.58  	 88.99  	 83.26  	 78.88  	 73.23  	 73.06  	 73.23  	 77.78  	 40.15
1998	   4	   1	  82	 42.76  	 69.66  	 79.35  	 88.71  	 82.07  	 79.69  	 74.93  	 74.25  	 74.34  	 77.40  	 40.53
1998	   4	  15	  82	 45.03  	 77.07  	 85.85  	 89.51  	 84.49  	 79.29  	 73.66  	 73.58  	 75.71  	 78.61  	 40.07
1998	   4	  30	  82	 52.59  	 79.74  	 85.85  	 87.63  	 83.81  	 79.48  	 74.98  	 72.52  	 74.22  	 78.63  	 40.08
1998	   5	  15	  82	 37.40  	 60.96  	 74.91  	 80.68  	 85.93  	 81.71  	 74.65  	 72.93  	 75.68  	 78.96  	 40.68
1998	   5	  29	  82	 33.70  	 56.25  	 71.54  	 76.57  	 76.57  	 79.82  	 74.35  	 74.35  	 73.50  	 78.11  	 40.25
1998	   6	  16	  82	 45.82  	 75.34  	 85.71  	 87.42  	 84.42  	 81.34  	 73.54  	 74.57  	 75.34  	 78.77  	 40.67
1998	   7	   1	  82	 43.69  	 68.86  	 79.22  	 88.29  	 84.27  	 81.27  	 75.28  	 73.23  	 74.08  	 78.28  	 40.81
1998	   7	  15	  82	 52.99  	 81.71  	 86.48  	 90.22  	 84.61  	 81.03  	 73.63  	 74.57  	 74.57  	 77.29  	 40.90
1998	   7	  30	  82	 51.80  	 63.40  	 71.51  	 75.94  	 78.41  	 81.23  	 73.72  	 73.04  	 73.98  	 77.90  	 40.78
1998	   8	  14	  82	 40.63  	 67.34  	 78.40  	 80.72  	 83.89  	 81.49  	 73.52  	 73.60  	 75.83  	 79.60  	 40.32
1998	   9	   2	  82	 19.77  	 38.21  	 65.28  	 73.95  	 77.65  	 81.60  	 75.33  	 74.55  	 74.90  	 79.62  	 40.46
1998	   9	  17	  82	 20.12  	 24.81  	 54.28  	 68.20  	 73.35  	 79.02  	 74.30  	 73.87  	 73.44  	 78.94  	 40.59
1998	   9	  30	  82	 13.68  	 23.94  	 51.06  	 64.84  	 72.76  	 79.13  	 74.31  	 74.65  	 75.86  	 79.21  	 40.55
1998	  11	   2	  82	 37.00  	 63.21  	 72.92  	 76.84  	 76.33  	 79.91  	 73.86  	 73.94  	 74.37  	 79.91  	 40.29
1998	  12	   2	  82	 40.35  	 70.40  	 81.48  	 89.67  	 82.42  	 80.03  	 75.26  	 73.30  	 74.83  	 78.41  	 40.78
1998	  12	  30	  82	 41.21  	 67.35  	 79.20  	 88.63  	 81.87  	 80.70  	 74.28  	 72.78  	 73.94  	 78.45  	 40.39
1999	   1	  29	  82	 43.03  	 71.44  	 81.18  	 89.90  	 83.80  	 81.43  	 77.03  	 73.72  	 73.89  	 78.64  	 40.84
1999	   2	  26	  82	 46.84  	 68.21  	 77.86  	 86.48  	 86.65  	 82.30  	 75.64  	 75.04  	 75.81  	 78.88  	 40.29
1999	   3	  17	  82	 46.74  	 75.56  	 85.65  	 89.63  	 85.73  	 81.24  	 75.05  	 73.44  	 74.12  	 77.43  	 39.65
1999	   3	  31	  82	 47.46  	 67.23  	 77.61  	 83.27  	 86.27  	 81.81  	 77.78  	 75.38  	 75.63  	 78.81  	 40.95
1999	   4	  15	  82	 52.56  	 80.93  	 85.44  	 90.72  	 87.06  	 81.18  	 75.73  	 74.37  	 74.11  	 78.46  	 40.38
1999	   4	  30	  82	 38.96  	 64.43  	 75.14  	 79.86  	 82.09  	 80.72  	 75.83  	 75.06  	 75.32  	 79.26  	 40.32
1999	   5	  13	  82	 39.92  	 63.31  	 74.41  	 80.74  	 84.41  	 80.22  	 77.41  	 74.50  	 74.41  	 79.54  	 40.80
1999	   5	  28	  82	 26.61  	 66.08  	 75.78  	 82.56  	 81.79  	 79.82  	 75.87  	 75.70  	 74.32  	 76.81  	 39.14
1999	   6	  15	  82	 34.18  	 54.30  	 71.17  	 76.65  	 78.88  	 81.87  	 75.71  	 75.19  	 75.19  	 78.62  	 42.05
1999	   6	  30	  82	 35.90  	 66.29  	 76.14  	 82.30  	 83.50  	 83.16  	 77.34  	 74.00  	 75.11  	 79.22  	 42.44
1999	   7	  15	  82	 35.51  	 59.64  	 73.38  	 78.96  	 82.14  	 81.62  	 76.73  	 74.58  	 74.92  	 80.33  	 40.29
1999	   7	  29	  82	 23.04  	 35.30  	 63.47  	 76.04  	 78.73  	 82.46  	 76.56  	 74.83  	 77.43  	 80.46  	 41.40
1999	   8	  13	  82	 13.39  	 16.47  	 43.35  	 60.24  	 73.33  	 79.54  	 76.26  	 75.49  	 75.49  	 79.11  	 41.02
1999	   9	   1	  82	  9.66  	  9.26  	 33.51  	 43.60  	 60.34  	 77.08  	 75.01  	 75.35  	 75.18  	 80.53  	 40.74
1999	   9	  15	  82	  8.53  	  7.92  	 31.33  	 39.91  	 56.11  	 76.17  	 73.69  	 75.14  	 73.26  	 77.72  	 39.93
1999	   9	  30	  82	 13.11  	  8.05  	 30.54  	 39.75  	 53.98  	 73.83  	 72.73  	 71.87  	 71.87  	 74.60  	 39.26
1999	  10	  29	  82	 21.94  	 38.69  	 57.24  	 49.42  	 57.58  	 74.24  	 72.95  	 72.61  	 72.18  	 75.09  	 38.84
1999	  12	   1	  82	 22.02  	 32.46  	 53.74  	 48.40  	 59.43  	 72.83  	 70.37  	 70.96  	 69.43  	 72.99  	 37.90
1999	  12	   1	  82	 22.02  	 59.93  	 70.28  	 73.93  	 76.05  	 77.49  	 73.16  	 70.96  	 69.35  	 73.76  	 38.32
1999	  12	  29	  82	 34.96  	 61.85  	 73.78  	 78.00  	 76.31  	 77.24  	 71.49  	 71.75  	 71.91  	 75.38  	 38.75
2000	   1	  28	  82	 40.15  	 62.23  	 74.51  	 80.81  	 77.62  	 77.79  	 73.08  	 72.99  	 72.99  	 75.85  	 39.61
2000	   3	   1	  82	 41.54  	 73.00  	 84.98  	 88.89  	 82.77  	 79.12  	 73.68  	 72.41  	 73.77  	 77.00  	 41.43
2000	   3	  14	  82	 39.32  	 64.88  	 77.21  	 82.49  	 81.23  	 78.72  	 72.09  	 72.18  	 72.26  	 76.62  	 39.02
2000	   3	  30	  82	 40.13  	 67.86  	 78.71  	 85.54  	 84.60  	 79.99  	 76.23  	 73.24  	 75.46  	 77.34  	 39.82
2000	   4	  14	  82	 37.46  	 64.01  	 74.82  	 80.10  	 80.86  	 80.52  	 75.16  	 73.29  	 73.71  	 77.46  	 40.56
2000	   4	  28	  82	 39.73  	 66.71  	 77.62  	 82.95  	 83.81  	 81.92  	 76.16  	 72.29  	 75.04  	 79.26  	 40.14
2000	   5	  16	  82	 37.96  	 62.70  	 75.43  	 81.37  	 83.49  	 80.27  	 75.01  	 72.71  	 73.56  	 77.30  	 40.01
2000	   6	   1	  82	 40.26  	 67.17  	 78.75  	 82.86  	 84.66  	 81.32  	 74.54  	 73.86  	 74.80  	 78.06  	 40.57
2000	   6	  14	  82	 18.88  	 45.11  	 67.58  	 74.84  	 76.29  	 81.42  	 74.84  	 73.47  	 73.73  	 77.15  	 39.73
2000	   6	  30	  82	 39.92  	 65.73  	 77.94  	 83.49  	 82.38  	 81.53  	 74.70  	 73.93  	 72.65  	 79.14  	 40.04
2000	   7	  14	  82	 26.76  	 50.33  	 68.34  	 76.00  	 78.42  	 82.64  	 75.83  	 75.40  	 74.28  	 78.59  	 39.77
2000	   7	  28	  82	 17.90  	 37.73  	 64.04  	 72.90  	 75.30  	 79.34  	 75.73  	 72.90  	 74.87  	 78.31  	 40.19
2000	   8	  16	  82	 15.30  	 34.00  	 62.01  	 66.74  	 72.84  	 77.99  	 73.27  	 73.35  	 73.87  	 76.79  	 40.11
2000	   8	  31	  82	 17.54  	 28.62  	 55.15  	 63.73  	 71.01  	 77.26  	 73.44  	 74.57  	 74.40  	 79.68  	 40.75
2000	   9	  14	  82	 21.51  	 37.04  	 52.27  	 59.08  	 66.74  	 74.40  	 71.25  	 71.59  	 71.67  	 75.84  	 39.20
2000	   9	  29	  82	 26.26  	 49.64  	 64.97  	 65.32  	 67.46  	 76.97  	 72.86  	 73.71  	 71.74  	 75.77  	 39.17
2000	  11	   1	  82	 16.70  	 31.20  	 57.91  	 61.15  	 66.19  	 73.19  	 71.14  	 70.54  	 71.22  	 74.04  	 38.77
2000	  11	  30	  82	 33.96  	 64.77  	 75.71  	 79.61  	 77.24  	 78.17  	 70.87  	 71.47  	 71.30  	 74.95  	 38.91
2000	  12	  29	  82	 41.46  	 67.68  	 77.40  	 85.02  	 77.98  	 76.48  	 70.78  	 72.96  	 70.44  	 74.88  	 39.33
2001	   1	  31	  82	 44.97  	 73.83  	 85.34  	 88.06  	 83.55  	 79.37  	 74.69  	 73.66  	 73.07  	 76.73  	 40.28
2001	   2	  28	  82	 43.72  	 73.18  	 84.16  	 89.02  	 81.86  	 79.65  	 74.20  	 74.03  	 73.09  	 77.01  	 40.04
2001	   3	  14	  82	 44.90  	 74.00  	 83.89  	 86.53  	 82.78  	 80.82  	 73.49  	 73.49  	 72.81  	 77.67  	 40.62
2001	   3	  30	  82	 43.48  	 70.86  	 73.79  	 80.08  	 81.25  	 78.99  	 72.87  	 71.70  	 71.87  	 75.97  	 38.74
2001	   4	  12	  82	 39.43  	 64.08  	 76.47  	 83.13  	 83.64  	 79.29  	 72.45  	 73.47  	 73.47  	 75.87  	 39.86
2001	   4	  27	  82	 31.95  	 57.96  	 72.62  	 77.62  	 77.79  	 79.77  	 74.86  	 74.00  	 75.20  	 76.58  	 39.97
2001	   5	  15	  82	 12.86  	 25.40  	 62.86  	 71.98  	 74.65  	 80.42  	 76.54  	 74.13  	 74.82  	 78.09  	 40.17
2001	   5	  31	  82	 33.96  	 54.31  	 62.63  	 69.91  	 73.26  	 77.89  	 74.63  	 73.09  	 73.60  	 76.17  	 40.44
2001	   6	  14	  82	 12.44  	 31.64  	 61.68  	 67.21  	 70.84  	 78.26  	 74.46  	 73.69  	 74.81  	 77.66  	 40.51
2001	   6	  29	  82	 21.48  	 46.39  	 65.36  	 67.66  	 69.97  	 77.49  	 72.88  	 73.05  	 73.22  	 78.09  	 39.26
2001	   7	  13	  82	 11.60  	 18.50  	 53.26  	 61.81  	 67.67  	 78.28  	 73.11  	 72.59  	 75.70  	 78.20  	 39.75
2001	   8	   1	  82	 34.95  	 65.66  	 77.73  	 81.26  	 78.59  	 78.59  	 75.14  	 73.42  	 74.80  	 77.47  	 40.28
2001	   8	  15	  82	 33.08  	 58.64  	 71.81  	 76.63  	 77.66  	 79.64  	 73.36  	 73.62  	 75.25  	 78.01  	 39.91
2001	   8	  31	  82	 41.78  	 59.39  	 67.28  	 73.39  	 75.18  	 78.57  	 73.99  	 73.05  	 74.41  	 77.21  	 39.71
2001	   9	  14	  82	 32.69  	 62.44  	 73.52  	 77.73  	 78.25  	 81.17  	 74.30  	 73.87  	 74.55  	 76.44  	 39.81
2001	   9	  26	  82	 36.01  	 64.67  	 74.76  	 79.11  	 80.22  	 80.22  	 73.05  	 73.56  	 75.18  	 78.43  	 39.98
2001	  10	  31	  82	 42.10  	 68.26  	 77.34  	 83.50  	 83.59  	 83.16  	 74.60  	 74.77  	 74.34  	 77.08  	 41.24
2001	  11	  30	  82	 55.36  	 77.67  	 82.32  	 85.45  	 82.66  	 80.96  	 74.11  	 73.61  	 74.11  	 77.92  	 39.68
2001	  12	  28	  82	 46.22  	 71.60  	 80.35  	 84.81  	 82.03  	 81.45  	 74.63  	 73.03  	 74.46  	 78.75  	 39.92
2002	   1	  31	  82	 55.57  	 80.25  	 85.01  	 87.48  	 83.06  	 81.69  	 74.54  	 74.11  	 74.71  	 78.03  	 41.23
2002	   2	  28	  82	 46.15  	 74.09  	 80.44  	 88.90  	 82.38  	 81.88  	 74.60  	 73.67  	 75.19  	 78.15  	 40.39
2002	   3	  14	  82	 47.41  	 74.86  	 82.18  	 88.66  	 83.89  	 82.44  	 74.77  	 74.09  	 76.22  	 78.69  	 39.22
2002	   3	  25	  82	 44.92  	 74.90  	 82.90  	 87.94  	 83.32  	 81.72  	 75.16  	 73.31  	 74.57  	 77.18  	 39.05
2002	   4	  12	  82	 43.72  	 67.33  	 77.29  	 83.76  	 84.18  	 81.88  	 74.82  	 74.48  	 75.25  	 76.61  	 40.09
2002	   5	   1	  82	 47.07  	 78.51  	 85.55  	 88.68  	 83.51  	 80.54  	 75.12  	 74.01  	 74.61  	 77.91  	 40.19
2002	   5	  15	  82	 48.39  	 73.94  	 83.43  	 89.94  	 83.78  	 81.38  	 75.31  	 73.08  	 77.19  	 79.58  	 40.52
2002	   5	  31	  82	 38.90  	 59.73  	 72.93  	 79.66  	 83.20  	 82.25  	 76.90  	 74.92  	 75.09  	 80.53  	 41.00
2002	   6	  14	  82	 30.24  	 47.32  	 67.17  	 76.44  	 77.91  	 82.54  	 75.84  	 73.87  	 76.02  	 77.73  	 39.90
2002	   6	  28	  82	 11.64  	 16.36  	 56.70  	 71.33  	 74.71  	 81.46  	 74.97  	 74.45  	 75.83  	 78.69  	 40.60
2002	   7	  12	  82	 27.03  	 34.27  	 42.54  	 61.22  	 71.46  	 78.61  	 73.70  	 74.05  	 74.56  	 79.47  	 40.21
2002	   7	  31	  82	 20.73  	 15.11  	 34.30  	 48.61  	 66.52  	 76.71  	 73.11  	 72.86  	 72.68  	 77.14  	 40.07
2002	   8	  15	  82	 26.30  	 40.60  	 35.04  	 43.00  	 61.75  	 75.11  	 71.51  	 73.40  	 72.03  	 75.19  	 39.95
2002	   8	  30	  82	 13.79  	 21.59  	 37.67  	 45.97  	 61.62  	 75.02  	 71.99  	 72.25  	 72.16  	 76.49  	 40.49
2002	   9	  13	  82	  8.02  	  8.55  	 33.81  	 42.12  	 59.85  	 74.30  	 73.87  	 72.74  	 71.44  	 74.99  	 40.09
2002	   9	  27	  82	 41.90  	 76.05  	 79.05  	 82.30  	 75.28  	 78.28  	 72.45  	 73.31  	 72.80  	 77.25  	 39.95
2002	  10	  31	  82	 42.22  	 75.62  	 83.46  	 87.04  	 80.22  	 78.78  	 73.92  	 72.81  	 74.69  	 74.86  	 40.11
2002	  11	  27	  82	 40.10  	 66.68  	 76.89  	 81.36  	 78.83  	 78.16  	 72.92  	 71.99  	 72.59  	 77.14  	 40.60
2003	   1	   2	  82	 55.77  	 78.71  	 82.24  	 85.94  	 81.57  	 79.22  	 72.49  	 72.07  	 72.99  	 75.10  	 39.06
2003	   1	  31	  82	 42.40  	 68.07  	 77.96  	 86.18  	 81.57  	 79.47  	 73.27  	 71.59  	 71.67  	 74.94  	 39.48
2003	   3	   3	  82	 51.01  	 79.05  	 83.67  	 87.45  	 81.82  	 81.40  	 72.66  	 71.90  	 73.50  	 78.12  	 39.19
2003	   3	  14	  82	 41.93  	 69.57  	 80.54  	 87.18  	 80.88  	 78.76  	 72.38  	 72.81  	 75.36  	 76.46  	 39.38
2003	   3	  28	  82	 40.59  	 69.00  	 79.78  	 85.16  	 83.62  	 80.80  	 75.33  	 73.45  	 74.56  	 76.95  	 39.63
2003	   4	  15	  82	 39.93  	 65.06  	 76.78  	 83.50  	 83.76  	 81.69  	 74.88  	 74.80  	 75.49  	 78.59  	 40.67
2003	   4	  30	  82	 42.93  	 70.23  	 78.71  	 85.56  	 82.64  	 80.33  	 74.34  	 74.94  	 75.19  	 77.68  	 41.62
2003	   5	  14	  82	 42.69  	 69.46  	 78.45  	 84.87  	 83.07  	 80.50  	 73.57  	 74.51  	 73.23  	 79.30  	 40.12
2003	   5	  29	  82	 43.78  	 67.93  	 77.66  	 85.84  	 85.33  	 81.11  	 74.99  	 74.99  	 74.31  	 78.44  	 40.60
2003	   6	  13	  82	 46.48  	 78.08  	 84.00  	 88.54  	 84.59  	 79.97  	 74.91  	 73.71  	 73.80  	 77.31  	 39.77
2003	   6	  27	  82	 38.40  	 59.77  	 71.84  	 78.13  	 81.41  	 81.32  	 73.91  	 74.43  	 74.34  	 77.01  	 40.06
2003	   7	  15	  82	 13.49  	 20.23  	 56.22  	 70.67  	 75.60  	 80.79  	 73.95  	 74.30  	 75.42  	 78.11  	 40.31
2003	   7	  31	  82	 17.14  	 14.72  	 43.64  	 62.03  	 70.58  	 77.83  	 74.03  	 74.12  	 74.81  	 78.17  	 40.86
2003	   8	  14	  82	 11.50  	 22.35  	 49.08  	 61.58  	 70.20  	 77.88  	 73.91  	 73.48  	 72.88  	 78.31  	 39.84
2003	   8	  29	  82	 23.94  	 41.58  	 42.79  	 52.36  	 62.96  	 75.89  	 73.57  	 73.31  	 73.22  	 77.19  	 40.53
2003	   9	  16	  82	 36.21  	 61.75  	 72.36  	 77.79  	 76.93  	 76.84  	 74.17  	 73.57  	 76.07  	 77.88  	 40.88
2003	  10	   1	  82	 36.45  	 64.48  	 72.75  	 74.19  	 74.36  	 76.72  	 70.64  	 70.64  	 72.75  	 76.81  	 40.51
2003	  10	  31	  82	 38.08  	 63.82  	 72.58  	 75.89  	 73.77  	 77.25  	 72.15  	 72.92  	 72.83  	 77.17  	 39.60
2003	  11	  26	  82	 43.61  	 75.75  	 82.00  	 85.38  	 79.04  	 78.37  	 72.28  	 73.80  	 72.20  	 76.34  	 40.20
2003	  12	  31	  82	 47.33  	 75.89  	 83.84  	 85.53  	 80.80  	 79.53  	 72.93  	 73.10  	 72.76  	 77.50  	 39.64
2004	   1	  30	  82	 44.38  	 73.14  	 81.89  	 85.76  	 80.79  	 80.12  	 74.74  	 73.56  	 73.31  	 76.50  	 39.68
2004	   2	  27	  82	 42.80  	 67.47  	 75.31  	 84.76  	 81.22  	 79.44  	 73.71  	 72.11  	 72.70  	 76.58  	 40.52
2004	   3	  12	  82	 39.97  	 70.45  	 79.29  	 86.26  	 81.41  	 78.70  	 73.94  	 73.77  	 73.26  	 78.27  	 40.15
2004	   3	  31	  82	 40.66  	 67.91  	 76.22  	 85.38  	 82.49  	 81.31  	 74.86  	 72.49  	 72.66  	 78.17  	 39.68
2004	   4	  15	  82	 33.32  	 55.89  	 69.52  	 77.35  	 79.48  	 79.65  	 76.07  	 73.52  	 72.41  	 78.71  	 39.40
2004	   4	  30	  82	 36.71  	 65.43  	 78.10  	 84.17  	 82.70  	 82.44  	 76.36  	 75.58  	 75.93  	 79.40  	 40.52
2004	   5	  12	  82	 36.97  	 65.15  	 74.68  	 81.00  	 83.08  	 82.30  	 76.50  	 73.81  	 75.29  	 78.84  	 40.89
2004	   5	  26	  82	 41.58  	 72.60  	 79.45  	 85.97  	 84.08  	 80.23  	 73.37  	 74.66  	 74.14  	 78.25  	 40.33
2004	   6	  15	  82	 36.08  	 61.43  	 73.48  	 77.98  	 79.76  	 80.18  	 73.82  	 73.73  	 72.88  	 78.49  	 40.26
2004	   6	  30	  82	 23.66  	 41.70  	 67.54  	 75.44  	 77.07  	 80.68  	 75.27  	 72.18  	 73.12  	 78.96  	 41.20
