# Station Name: Oak Run
# Station Code: OAK
# Station Latitude: 40.970000
# Station Longitude: 90.150000
# Station Altitude: 229.000000
Year	  MO	  DY	 Sta	 0-10cm 	 10-30  	 30-50  	 50-70  	 70-90  	 90-110 	 110-130	 130-150	 150-170	 170-190	 190-200
1981	   6	   1	  17	 25.53  	 39.80  	 67.04  	 70.22  	 69.92  	 69.26  	 71.35  	 72.03  	 74.24  	 77.76  	 35.43
1981	   7	   9	  17	 29.83  	 56.03  	 62.35  	 68.98  	 70.38  	 67.94  	 64.16  	 64.76  	 64.53  	 67.07  	 33.72
1981	   7	  29	  17	 32.47  	 61.63  	 69.51  	 75.47  	 77.44  	 74.59  	 71.34  	 70.65  	 73.97  	 71.58  	 38.71
1981	   8	  13	  17	 30.08  	 55.60  	 65.17  	 77.04  	 74.86  	 75.27  	 71.10  	 71.94  	 73.06  	 70.96  	 36.37
1981	   8	  27	  17	 23.49  	 49.85  	 66.38  	 75.12  	 79.30  	 72.26  	 71.65  	 72.39  	 73.34  	 72.75  	 35.40
1981	   9	  17	  17	 21.00  	 44.19  	 61.38  	 70.53  	 74.14  	 71.52  	 69.06  	 67.57  	 70.22  	 69.26  	 34.33
1981	   9	  30	  17	 33.26  	 47.64  	 59.98  	 73.21  	 74.95  	 72.82  	 68.95  	 67.51  	 67.32  	 68.20  	 34.03
1981	  10	  15	  17	 34.24  	 55.54  	 62.05  	 73.12  	 74.45  	 74.62  	 71.66  	 70.20  	 69.62  	 70.72  	 35.50
1981	  10	  30	  17	 32.63  	 53.69  	 62.49  	 71.55  	 76.00  	 73.21  	 69.78  	 67.46  	 68.36  	 68.48  	 34.97
1981	  11	  17	  17	 31.36  	 57.59  	 68.15  	 72.85  	 75.68  	 74.04  	 70.61  	 68.75  	 69.48  	 70.57  	 35.49
1982	   1	  28	  17	 33.62  	 55.21  	 54.67  	 65.45  	 67.93  	 64.75  	 61.79  	 58.95  	 59.00  	 60.35  	 31.04
1982	   2	  26	  17	 56.02  	 55.79  	 53.34  	 58.41  	 59.88  	 60.25  	 55.22  	 54.33  	 53.00  	 55.18  	 27.54
1982	   3	  17	  17	 37.09  	 59.88  	 65.99  	 74.44  	 77.34  	 73.87  	 68.99  	 66.85  	 70.60  	 69.76  	 35.38
1982	   3	  31	  17	 31.61  	 56.94  	 67.51  	 74.24  	 77.82  	 74.99  	 70.72  	 70.11  	 69.26  	 72.40  	 35.45
1982	   4	  14	  17	999.99  	 58.24  	 65.33  	 73.11  	 72.57  	 71.97  	 68.56  	 67.74  	 70.24  	 68.89  	 34.04
1982	   4	  28	  17	 32.51  	 53.17  	 64.10  	 75.26  	 78.29  	 75.26  	 72.65  	 71.13  	 70.43  	 71.45  	 35.80
1982	   5	  14	  17	 10.67  	 21.12  	 61.40  	 73.03  	 76.39  	 73.03  	 68.95  	 66.50  	 68.79  	 68.05  	 34.37
1982	   5	  27	  17	 28.58  	 50.54  	 62.64  	 73.62  	 78.96  	 76.71  	 71.52  	 69.36  	 71.83  	 71.71  	 35.26
1982	   6	  16	  17	 28.46  	 38.93  	 58.91  	 69.82  	 75.32  	 74.38  	 69.59  	 68.09  	 70.69  	 69.63  	 34.47
1982	   6	  30	  17	 26.77  	 41.93  	 38.66  	 60.91  	 72.25  	 77.31  	 71.77  	 70.55  	 70.68  	 71.41  	 36.42
1982	   7	  14	  17	 20.02  	 44.18  	 63.48  	 71.74  	 76.32  	 74.13  	 68.94  	 68.15  	 69.08  	 68.53  	 34.01
1982	   7	  27	  17	 27.59  	 47.33  	 66.69  	 77.34  	 79.21  	 76.02  	 71.43  	 72.85  	 72.95  	 71.96  	 35.84
1982	   8	  12	  17	 26.00  	 40.48  	 58.52  	 70.41  	 73.98  	 71.56  	 68.74  	 66.44  	 66.90  	 67.25  	 33.79
1982	   9	   2	  17	 28.52  	 45.92  	 62.02  	 72.42  	 75.53  	 74.27  	 70.56  	 68.27  	 70.41  	 72.36  	 35.47
1982	   9	  16	  17	 18.89  	 60.21  	 68.91  	 73.87  	 73.10  	 73.40  	 71.06  	 67.93  	 67.69  	 70.80  	 34.41
1982	   9	  30	  17	 18.82  	 29.20  	 60.34  	 70.37  	 72.38  	 73.45  	 68.89  	 67.88  	 68.73  	 67.70  	 34.89
1982	  10	  28	  17	 17.54  	 30.12  	 59.12  	 69.92  	 74.05  	 72.48  	 69.99  	 67.86  	 69.30  	 70.72  	 34.79
1982	  12	   3	  17	 37.56  	 57.07  	 68.27  	 76.37  	 77.53  	 75.78  	 70.20  	 68.79  	 71.86  	 70.86  	 36.59
1982	  12	  15	  17	 37.54  	 51.43  	 64.67  	 71.66  	 75.68  	 71.65  	 68.95  	 67.69  	 69.03  	 69.57  	 35.32
1982	  12	  30	  17	 34.76  	 53.10  	 66.64  	 72.47  	 78.82  	 75.00  	 70.66  	 70.64  	 72.37  	 72.87  	 37.02
1983	   1	  28	  17	 34.41  	 55.29  	 63.23  	 70.34  	 73.79  	 71.81  	 69.14  	 66.50  	 65.42  	 68.35  	 34.49
1983	   2	  24	  17	 42.55  	 54.97  	 65.68  	 73.46  	 74.14  	 73.41  	 68.51  	 67.68  	 68.48  	 69.88  	 35.47
1983	   3	  17	  17	 25.96  	 52.53  	 66.21  	 74.03  	 79.05  	 75.43  	 72.46  	 70.23  	 70.13  	 69.49  	 35.46
1983	   3	  30	  17	 38.82  	 57.21  	 69.02  	 76.43  	 78.71  	 76.72  	 70.66  	 69.78  	 73.16  	 73.56  	 35.71
1983	   4	  14	  17	 38.72  	 59.75  	 67.56  	 75.34  	 79.53  	 74.70  	 70.33  	 71.31  	 71.10  	 72.10  	 36.40
1983	   4	  28	  17	 34.31  	 44.18  	 63.70  	 74.31  	 75.33  	 74.98  	 70.23  	 68.55  	 69.87  	 70.15  	 35.44
1983	   5	  18	  17	 31.68  	 44.30  	 62.80  	 73.87  	 75.63  	 75.66  	 72.07  	 68.96  	 70.62  	 71.47  	 34.83
1983	   6	   2	  17	 21.61  	 26.95  	 60.22  	 72.91  	 78.07  	 74.49  	 71.33  	 68.54  	 69.21  	 71.60  	 35.96
1983	   6	  15	  17	 13.99  	 10.61  	 50.29  	 63.55  	 71.42  	 70.56  	 66.97  	 65.98  	 67.37  	 66.88  	 33.60
1983	   6	  29	  17	 26.27  	 36.44  	 46.35  	 61.08  	 66.38  	 68.80  	 68.93  	 67.09  	 69.41  	 70.74  	 33.83
1983	   7	  13	  17	 12.92  	 16.71  	 47.06  	 59.48  	 64.43  	 65.90  	 66.03  	 65.44  	 67.60  	 68.62  	 34.91
1983	   7	  28	  17	  7.61  	  3.84  	 41.89  	 58.06  	 59.83  	 57.33  	 63.42  	 62.35  	 66.99  	 71.43  	 35.43
1983	   8	  17	  17	  9.45  	  3.84  	 33.60  	 51.72  	 56.15  	 49.77  	 51.23  	 51.52  	 60.78  	 66.76  	 33.48
1983	   8	  31	  17	 11.00  	 19.43  	 34.62  	 51.19  	 53.35  	 50.07  	 49.54  	 48.71  	 60.50  	 65.37  	 32.79
1983	   9	  14	  17	 10.39  	 13.27  	 36.12  	 52.20  	 54.01  	 50.01  	 49.77  	 48.77  	 60.09  	 67.41  	 34.22
1983	   9	  29	  17	 30.35  	 54.71  	 60.90  	 56.37  	 55.56  	 52.11  	 49.59  	 49.49  	 61.26  	 66.86  	 33.89
1983	  10	  27	  17	 31.97  	 53.60  	 62.43  	 68.05  	 55.69  	 52.38  	 49.94  	 49.85  	 62.63  	 67.25  	 34.32
1983	  12	   2	  17	 56.82  	 55.73  	 64.78  	 76.21  	 79.15  	 77.23  	 72.02  	 60.37  	 62.97  	 72.59  	 36.92
1983	  12	  31	  17	999.99  	 58.43  	 64.90  	 73.37  	 78.39  	 79.84  	 74.15  	 66.68  	 67.80  	 70.92  	 36.46
1984	   2	   1	  17	999.99  	 73.13  	 62.36  	 72.91  	 78.40  	 79.19  	 75.37  	 67.74  	 67.41  	 72.57  	 35.89
1984	   3	   1	  17	 44.70  	 63.39  	 69.19  	 75.33  	 80.79  	 80.45  	 76.93  	 73.40  	 71.69  	 75.22  	 37.95
1984	   3	  14	  17	 38.33  	 58.80  	 66.23  	 74.00  	 77.27  	 77.38  	 76.26  	 71.41  	 71.64  	 73.33  	 37.06
1984	   3	  26	  17	 42.08  	 66.74  	 70.29  	 76.47  	 80.60  	 82.54  	 80.02  	 78.54  	 80.25  	 82.89  	 39.32
1984	   4	  16	  17	 45.72  	 71.67  	 78.12  	 83.88  	 85.26  	 86.53  	 79.50  	 79.27  	 83.53  	 81.69  	 39.29
1984	   4	  26	  17	 40.22  	 67.97  	 74.24  	 77.73  	 87.13  	 85.51  	 81.09  	 78.54  	 79.82  	 82.60  	 40.89
1984	   5	  14	  17	 33.31  	 61.59  	 67.68  	 77.92  	 81.72  	 80.22  	 77.23  	 76.89  	 77.00  	 78.73  	 40.00
1984	   5	  29	  17	 37.96  	 65.85  	 71.41  	 78.83  	 82.66  	 84.63  	 80.22  	 81.15  	 82.54  	 82.08  	 39.88
1984	   6	  12	  17	 38.18  	 66.94  	 73.18  	 79.53  	 84.38  	 84.73  	 80.92  	 79.30  	 81.38  	 83.80  	 39.82
1984	   6	  26	  17	 22.02  	 45.65  	 66.44  	 76.25  	 82.91  	 82.09  	 79.52  	 77.07  	 77.77  	 79.40  	 38.18
1984	   7	  17	  17	 19.71  	 24.65  	 56.89  	 72.60  	 82.33  	 81.86  	 77.99  	 77.88  	 77.88  	 78.81  	 38.12
1984	   7	  30	  17	 17.96  	 45.89  	 58.35  	 72.59  	 78.76  	 81.85  	 77.93  	 77.82  	 77.82  	 77.70  	 38.67
1984	   8	  14	  17	 10.36  	 14.32  	 48.31  	 64.89  	 72.88  	 78.13  	 77.65  	 76.46  	 76.82  	 77.06  	 38.05
1984	   8	  27	  17	 11.78  	 13.14  	 44.33  	 60.33  	 66.22  	 72.34  	 73.63  	 75.63  	 75.75  	 77.28  	 37.82
1984	   9	  12	  17	 20.81  	 16.12  	 41.43  	 59.49  	 64.71  	 65.55  	 74.10  	 73.39  	 75.41  	 77.43  	 38.12
1984	   9	  28	  17	 35.09  	 43.95  	 41.38  	 58.92  	 62.66  	 65.11  	 70.96  	 72.36  	 71.89  	 75.17  	 37.52
1984	  10	  29	  17	 34.92  	 64.52  	 72.89  	 70.06  	 64.05  	 65.58  	 71.12  	 70.53  	 73.59  	 75.48  	 37.86
1984	  11	  28	  17	 36.51  	 67.42  	 72.66  	 77.55  	 81.27  	 79.52  	 74.64  	 72.19  	 72.66  	 73.01  	 37.96
1984	  12	  27	  17	 47.87  	 67.46  	 72.47  	 79.23  	 82.38  	 79.00  	 76.67  	 72.59  	 73.99  	 76.32  	 37.23
1985	   2	   4	  17	 22.27  	 59.35  	 69.07  	 77.88  	 80.74  	 78.57  	 74.45  	 74.22  	 73.76  	 73.65  	 36.08
1985	   2	  28	  17	 47.36  	 68.63  	 73.04  	 79.32  	 81.65  	 79.20  	 78.74  	 81.18  	 81.18  	 79.67  	 39.43
1985	   3	  14	  17	 41.02  	 69.01  	 73.68  	 80.92  	 86.29  	 85.36  	 81.16  	 79.40  	 83.84  	 81.62  	 40.17
1985	   3	  26	  17	 37.44  	 64.94  	 73.21  	 79.38  	 82.41  	 80.77  	 77.98  	 78.91  	 77.98  	 77.16  	 40.10
1985	   4	  16	  17	 34.93  	 61.70  	 72.59  	 80.40  	 83.47  	 80.99  	 78.74  	 78.98  	 80.28  	 84.54  	 40.91
1985	   4	  30	  17	 17.29  	 47.01  	 70.18  	 82.65  	 83.60  	 82.30  	 80.75  	 77.43  	 78.73  	 78.14  	 39.19
1985	   5	  14	  17	 33.76  	 43.97  	 64.36  	 78.16  	 81.81  	 79.93  	 78.27  	 78.75  	 78.98  	 78.27  	 38.78
1985	   5	  28	  17	 20.45  	 48.68  	 67.34  	 78.68  	 81.40  	 80.22  	 77.98  	 77.03  	 77.27  	 78.45  	 38.69
1985	   6	  11	  17	 17.68  	 31.73  	 60.71  	 75.15  	 80.90  	 80.19  	 75.73  	 76.55  	 76.44  	 77.73  	 38.39
1985	   6	  25	  17	 26.36  	 39.79  	 54.28  	 70.53  	 78.31  	 78.19  	 75.83  	 76.54  	 76.19  	 76.07  	 38.39
1985	   7	  15	  17	 22.74  	 21.58  	 52.35  	 66.30  	 78.26  	 75.21  	 74.47  	 71.01  	 75.03  	 75.55  	 37.16
1985	   7	  31	  17	 22.02  	 15.45  	 48.74  	 64.37  	 71.96  	 75.04  	 74.09  	 74.33  	 74.21  	 76.10  	 38.70
1985	   8	  13	  17	 27.95  	 18.20  	 46.68  	 63.51  	 69.16  	 72.92  	 73.98  	 71.98  	 73.75  	 75.75  	 38.17
1985	   8	  27	  17	 23.50  	 26.99  	 45.73  	 63.30  	 67.55  	 72.85  	 73.56  	 72.26  	 72.62  	 76.51  	 38.02
1985	   9	  17	  17	 13.59  	 11.62  	 42.40  	 59.88  	 65.01  	 67.46  	 71.54  	 71.07  	 70.95  	 75.50  	 38.27
1985	  10	   2	  17	 21.64  	 29.97  	 43.36  	 59.83  	 62.34  	 64.81  	 69.50  	 65.82  	 70.08  	 72.58  	 34.89
1985	  10	  30	  17	 30.31  	 58.05  	 68.58  	 73.96  	 65.42  	 67.76  	 71.39  	 69.16  	 70.92  	 74.90  	 37.92
1985	  12	   3	  17	 42.06  	 65.94  	 73.69  	 80.51  	 81.44  	 81.55  	 77.74  	 79.93  	 82.83  	 83.29  	 40.02
1985	  12	  30	  17	 58.40  	 66.77  	 65.63  	 75.26  	 80.20  	 79.51  	 76.52  	 75.03  	 75.72  	 76.29  	 37.98
1986	   1	  29	  17	 41.78  	 70.63  	 66.19  	 76.10  	 79.97  	 79.40  	 75.76  	 74.73  	 74.28  	 74.28  	 36.63
1986	   2	  26	  17	 58.19  	 70.75  	 67.78  	 74.86  	 78.85  	 78.40  	 76.34  	 74.74  	 72.80  	 74.52  	 37.14
1986	   3	  19	  17	 40.13  	 70.18  	 73.63  	 79.50  	 81.00  	 80.89  	 77.32  	 77.09  	 75.01  	 75.47  	 37.45
1986	   4	   2	  17	 31.39  	 60.77  	 69.02  	 77.26  	 81.67  	 79.70  	 77.38  	 76.45  	 75.05  	 76.22  	 37.82
1986	   4	  15	  17	 34.27  	 56.65  	 67.37  	 77.28  	 81.32  	 80.28  	 76.36  	 73.14  	 73.71  	 75.21  	 37.66
1986	   4	  29	  17	 18.03  	 45.20  	 67.89  	 76.85  	 80.80  	 81.15  	 76.85  	 75.10  	 75.57  	 76.62  	 38.19
1986	   5	  14	  17	 17.29  	 42.57  	 64.27  	 76.52  	 80.72  	 80.37  	 77.45  	 75.35  	 76.17  	 75.47  	 37.73
1986	   5	  27	  17	 33.35  	 58.00  	 65.96  	 76.85  	 81.30  	 79.55  	 76.62  	 76.03  	 73.69  	 76.50  	 37.90
1986	   6	  10	  17	 30.86  	 50.03  	 63.07  	 74.72  	 80.43  	 79.03  	 76.58  	 74.95  	 74.95  	 74.14  	 37.94
1986	   7	   1	  17	 44.27  	 60.00  	 63.03  	 75.62  	 79.00  	 79.93  	 75.62  	 73.87  	 74.34  	 74.68  	 37.81
1986	   7	  15	  17	 35.83  	 62.17  	 74.38  	 81.32  	 84.18  	 83.55  	 77.58  	 77.67  	 76.69  	 79.01  	 39.59
1986	   7	  29	  17	 17.14  	 34.40  	 68.69  	 80.57  	 84.26  	 83.54  	 80.39  	 78.41  	 77.96  	 79.04  	 39.56
1986	   8	  13	  17	999.99  	 49.16  	 63.84  	 74.68  	 80.40  	 80.51  	 75.73  	 74.45  	 72.47  	 75.62  	 37.11
1986	   8	  26	  17	 31.83  	 38.43  	 61.40  	 73.52  	 80.05  	 79.35  	 77.02  	 72.47  	 74.45  	 75.15  	 38.39
1986	   9	  16	  17	 17.90  	 26.95  	 58.05  	 71.95  	 78.42  	 77.95  	 75.01  	 72.77  	 75.48  	 74.65  	 37.98
1986	  10	   1	  17	 41.03  	 67.33  	 74.24  	 78.70  	 82.21  	 80.57  	 76.59  	 75.06  	 75.65  	 74.71  	 37.94
1986	  10	  29	  17	 37.09  	 65.07  	 72.50  	 80.40  	 82.28  	 80.99  	 78.04  	 76.39  	 76.03  	 77.68  	 38.14
1986	  12	   2	  17	 39.12  	 68.42  	 73.70  	 80.51  	 82.51  	 81.34  	 77.70  	 76.17  	 76.05  	 76.05  	 39.08
1986	  12	  30	  17	 39.53  	 64.11  	 69.83  	 78.82  	 82.67  	 81.39  	 76.60  	 75.43  	 75.32  	 76.13  	 38.48
1987	   1	  28	  17	 29.04  	 59.16  	 68.87  	 77.30  	 81.70  	 80.89  	 76.38  	 74.53  	 75.57  	 76.61  	 37.84
1987	   2	  25	  17	 35.87  	 61.48  	 70.93  	 80.72  	 82.85  	 83.20  	 77.77  	 76.59  	 75.88  	 76.47  	 37.82
1987	   3	  17	  17	 37.35  	 64.86  	 72.60  	 79.17  	 83.97  	 81.51  	 77.17  	 76.00  	 77.64  	 76.70  	 37.41
1987	   3	  31	  17	 36.01  	 64.95  	 72.09  	 78.64  	 80.98  	 82.15  	 78.41  	 77.82  	 79.69  	 81.92  	 39.91
1987	   4	  14	  17	 42.15  	 67.34  	 71.48  	 80.69  	 84.00  	 83.41  	 77.86  	 76.44  	 76.44  	 77.74  	 39.81
1987	   4	  28	  17	 42.15  	 50.57  	 68.61  	 80.28  	 82.87  	 82.75  	 78.63  	 77.68  	 77.33  	 76.74  	 38.19
1987	   5	  12	  17	 12.70  	 30.50  	 64.24  	 77.78  	 81.70  	 82.06  	 78.02  	 77.07  	 76.36  	 77.66  	 38.59
1987	   5	  28	  17	 16.40  	 27.44  	 58.54  	 74.21  	 81.98  	 83.06  	 79.83  	 77.68  	 75.76  	 77.44  	 38.24
1987	   6	  17	  17	  9.78  	 12.00  	 47.34  	 66.93  	 78.95  	 81.00  	 78.95  	 75.59  	 77.03  	 77.63  	 39.06
1987	   6	  30	  17	 19.25  	 20.59  	 46.15  	 65.35  	 76.19  	 78.54  	 77.13  	 74.42  	 77.01  	 75.36  	 38.56
1987	   7	  14	  17	  8.53  	 10.96  	 42.54  	 64.46  	 73.99  	 78.04  	 76.97  	 74.47  	 75.42  	 76.38  	 38.90
1987	   7	  29	  17	  8.75  	  8.22  	 39.32  	 61.24  	 70.30  	 76.73  	 75.18  	 72.68  	 74.11  	 77.92  	 38.49
1987	   8	  14	  17	 16.15  	 14.90  	 39.09  	 61.48  	 71.42  	 75.13  	 76.81  	 74.65  	 73.21  	 75.61  	 38.58
1987	   9	   2	  17	 21.50  	 57.96  	 69.12  	 77.34  	 79.22  	 78.28  	 74.64  	 72.53  	 71.59  	 74.41  	 37.56
1987	   9	  18	  17	 29.62  	 63.52  	 66.95  	 76.52  	 78.42  	 78.42  	 75.46  	 71.32  	 72.03  	 75.11  	 38.38
1987	   9	  29	  17	 33.88  	 59.05  	 67.40  	 76.34  	 81.59  	 79.56  	 75.75  	 72.41  	 73.96  	 75.51  	 37.10
1987	  10	  28	  17	 24.85  	 50.33  	 64.36  	 75.21  	 78.63  	 77.45  	 74.38  	 72.03  	 71.67  	 74.15  	 37.78
1987	  12	   2	  17	 34.35  	 66.43  	 71.23  	 77.32  	 79.78  	 79.08  	 74.51  	 70.30  	 69.94  	 74.86  	 37.31
1987	  12	  29	  17	 39.42  	 66.44  	 72.51  	 77.89  	 80.22  	 81.04  	 76.37  	 75.08  	 76.60  	 74.97  	 37.77
1988	   1	  27	  17	 37.35  	 67.81  	 68.62  	 76.78  	 80.28  	 79.93  	 76.78  	 75.38  	 74.45  	 75.50  	 37.23
1988	   3	   2	  17	 44.28  	 73.01  	 68.41  	 77.15  	 80.81  	 81.16  	 75.61  	 75.14  	 74.79  	 75.97  	 38.04
1988	   3	  16	  17	 38.74  	 65.04  	 69.83  	 78.24  	 81.04  	 80.69  	 77.07  	 75.20  	 74.97  	 76.02  	 37.83
1988	   3	  30	  17	 42.88  	 71.28  	 72.45  	 78.69  	 80.81  	 80.22  	 77.87  	 75.51  	 78.81  	 82.34  	 39.52
1988	   4	  13	  17	 35.18  	 64.43  	 71.33  	 79.65  	 83.70  	 82.75  	 78.11  	 76.44  	 78.82  	 83.58  	 40.06
1988	   4	  27	  17	 26.45  	 51.17  	 66.58  	 76.78  	 82.35  	 81.40  	 78.56  	 77.97  	 76.54  	 76.66  	 38.09
1988	   5	  18	  17	 10.88  	 23.93  	 57.75  	 74.72  	 82.37  	 83.21  	 78.07  	 76.15  	 76.39  	 77.71  	 39.09
1988	   6	   2	  17	  9.13  	 17.04  	 51.47  	 71.61  	 77.81  	 80.67  	 76.73  	 77.33  	 76.14  	 76.85  	 38.55
1988	   6	  14	  17	  8.61  	 13.44  	 44.54  	 66.19  	 76.84  	 78.99  	 77.68  	 76.24  	 75.64  	 76.60  	 38.78
1988	   6	  28	  17	  7.21  	  8.68  	 34.78  	 61.96  	 73.81  	 79.44  	 76.57  	 75.61  	 74.29  	 76.09  	 38.40
1988	   7	  13	  17	  6.93  	  8.36  	 31.97  	 59.64  	 69.78  	 75.75  	 76.34  	 74.79  	 73.36  	 74.43  	 37.63
1988	   7	  26	  17	  6.42  	  7.84  	 29.15  	 57.96  	 68.20  	 74.39  	 75.34  	 73.67  	 74.98  	 76.41  	 37.37
1988	   8	   3	  17	 16.35  	 13.72  	 28.88  	 54.99  	 65.83  	 70.49  	 73.64  	 72.12  	 70.95  	 73.87  	 37.93
1988	   8	  16	  17	 17.49  	 29.98  	 32.71  	 56.81  	 66.42  	 71.41  	 73.66  	 72.95  	 71.76  	 74.85  	 38.43
1988	   9	   1	  17	 17.06  	 23.49  	 34.73  	 55.55  	 65.59  	 68.94  	 74.92  	 71.22  	 71.34  	 75.28  	 39.26
1988	   9	  15	  17	  8.77  	  7.84  	 30.94  	 55.10  	 64.39  	 65.70  	 72.36  	 70.46  	 69.74  	 74.39  	 36.60
1988	   9	  29	  17	 29.18  	 55.80  	 39.29  	 54.50  	 64.60  	 66.85  	 71.60  	 68.75  	 70.42  	 73.62  	 38.24
1988	  11	   2	  17	 25.17  	 49.51  	 56.50  	 56.50  	 66.11  	 67.29  	 70.85  	 68.72  	 69.07  	 74.29  	 37.92
1988	  12	   1	  17	 32.96  	 60.90  	 67.48  	 77.93  	 65.72  	 63.37  	 70.53  	 67.71  	 68.30  	 73.23  	 37.32
1988	  12	  29	  17	 41.64  	 66.10  	 69.86  	 74.81  	 71.75  	 68.45  	 70.22  	 66.69  	 68.45  	 72.57  	 37.76
1989	   1	  27	  17	 40.63  	 65.50  	 68.33  	 75.41  	 80.01  	 69.98  	 73.40  	 65.50  	 69.16  	 73.88  	 36.47
1989	   2	  28	  17	 24.83  	 60.06  	 65.80  	 74.71  	 79.52  	 74.71  	 70.96  	 68.03  	 64.75  	 70.73  	 35.95
1989	   3	  14	  17	 44.91  	 69.10  	 72.45  	 78.78  	 84.04  	 84.52  	 74.72  	 73.65  	 70.78  	 71.37  	 37.36
1989	   3	  28	  17	 41.10  	 63.17  	 69.82  	 77.66  	 83.72  	 79.92  	 77.55  	 71.96  	 69.59  	 71.72  	 37.82
1989	   4	  12	  17	 38.69  	 65.06  	 68.87  	 79.59  	 81.98  	 81.26  	 77.09  	 74.83  	 72.56  	 73.16  	 37.59
1989	   4	  25	  17	 30.37  	 66.73  	 71.72  	 79.57  	 82.77  	 82.77  	 79.33  	 75.17  	 72.67  	 76.00  	 37.82
1989	   5	  18	  17	 33.34  	 60.02  	 65.56  	 75.26  	 80.22  	 79.41  	 76.07  	 72.72  	 70.41  	 73.99  	 37.46
1989	   5	  30	  17	 17.14  	 46.54  	 64.95  	 74.34  	 81.47  	 80.99  	 79.57  	 74.58  	 71.72  	 73.98  	 38.42
1989	   6	  13	  17	 22.82  	 57.15  	 66.51  	 75.98  	 80.72  	 80.96  	 78.35  	 74.21  	 73.02  	 75.39  	 37.81
1989	   6	  27	  17	 22.21  	 40.77  	 61.34  	 71.69  	 77.16  	 78.35  	 76.32  	 71.80  	 71.92  	 74.18  	 37.92
1989	   7	  12	  17	 25.79  	 24.42  	 51.76  	 65.01  	 74.60  	 79.81  	 74.83  	 69.63  	 70.57  	 72.35  	 37.71
1989	   8	   2	  17	  6.21  	 20.71  	 45.44  	 63.01  	 71.61  	 71.14  	 72.81  	 68.87  	 71.14  	 74.96  	 38.50
1989	   8	  14	  17	  9.29  	  8.58  	 38.19  	 61.18  	 69.71  	 68.64  	 68.88  	 67.57  	 70.18  	 72.67  	 37.99
1989	   8	  29	  17	 27.26  	 34.40  	 38.82  	 59.83  	 68.31  	 67.83  	 68.91  	 66.88  	 69.14  	 75.23  	 38.51
1989	   9	  19	  17	 30.80  	 59.62  	 70.70  	 78.31  	 81.89  	 80.46  	 74.03  	 69.50  	 70.46  	 74.62  	 38.74
1989	  10	   3	  17	 18.68  	 46.50  	 65.58  	 76.19  	 78.78  	 78.89  	 72.65  	 68.29  	 69.71  	 72.53  	 39.04
1989	  10	  31	  17	 18.86  	 38.21  	 60.92  	 74.63  	 79.13  	 78.42  	 73.21  	 68.72  	 69.67  	 73.10  	 36.90
1989	  11	  30	  17	 21.62  	 36.44  	 59.86  	 74.22  	 78.10  	 77.75  	 72.57  	 66.45  	 69.63  	 72.81  	 36.29
1990	   1	   4	  17	 42.10  	 50.50  	 57.66  	 71.04  	 77.73  	 76.91  	 71.86  	 69.04  	 70.33  	 73.50  	 37.10
1990	   1	  30	  17	 44.67  	 61.35  	 65.80  	 73.54  	 76.00  	 76.23  	 71.19  	 66.62  	 67.33  	 71.43  	 37.18
1990	   2	  27	  17	 44.03  	 63.53  	 71.51  	 79.60  	 80.90  	 81.36  	 75.03  	 71.16  	 72.56  	 75.15  	 37.75
1990	   3	  15	  17	 39.53  	 69.86  	 73.87  	 80.93  	 84.46  	 84.22  	 78.22  	 78.69  	 80.81  	 82.93  	 41.29
1990	   3	  27	  17	 35.68  	 63.39  	 70.69  	 81.28  	 82.69  	 80.46  	 77.28  	 76.93  	 76.93  	 77.40  	 38.87
1990	   4	  18	  17	 33.45  	 65.47  	 72.53  	 79.01  	 83.37  	 81.13  	 76.89  	 77.01  	 78.78  	 77.60  	 39.74
1990	   5	   1	  17	 33.23  	 64.44  	 72.22  	 80.25  	 81.31  	 81.78  	 77.89  	 77.65  	 78.95  	 82.37  	 39.89
1990	   5	  17	  17	 40.64  	 72.06  	 74.52  	 84.27  	 86.62  	 85.56  	 80.75  	 81.69  	 83.33  	 79.69  	 39.73
1990	   5	  29	  17	 41.43  	 70.92  	 74.57  	 83.16  	 84.57  	 83.75  	 80.57  	 81.16  	 83.16  	 82.93  	 40.29
1990	   6	  14	  17	 40.37  	 68.40  	 72.20  	 79.57  	 84.44  	 82.89  	 78.85  	 79.45  	 79.45  	 80.63  	 39.96
1990	   6	  27	  17	 40.49  	 66.32  	 73.76  	 80.25  	 86.39  	 85.68  	 81.55  	 82.26  	 83.55  	 83.67  	 40.95
1990	   7	  18	  17	 39.32  	 63.39  	 68.99  	 79.24  	 87.34  	 80.90  	 76.85  	 83.17  	 86.38  	 81.38  	 40.45
1990	   8	   2	  17	 27.56  	 51.89  	 66.41  	 76.65  	 84.03  	 83.67  	 79.50  	 81.05  	 80.58  	 83.55  	 40.53
1990	   8	  13	  17	 24.32  	 40.77  	 62.65  	 75.85  	 81.32  	 81.32  	 77.75  	 78.70  	 77.51  	 77.51  	 37.81
1990	   8	  28	  17	 24.28  	 34.52  	 57.86  	 71.25  	 77.29  	 78.95  	 78.83  	 76.34  	 79.42  	 76.34  	 38.23
1990	   9	  13	  17	 14.20  	 31.13  	 55.08  	 70.97  	 77.73  	 77.25  	 75.48  	 74.88  	 77.02  	 75.24  	 38.81
1990	   9	  27	  17	 15.97  	 24.86  	 50.82  	 69.03  	 76.05  	 77.72  	 75.93  	 75.34  	 76.77  	 77.48  	 38.38
1990	  10	  31	  17	 24.39  	 47.80  	 53.81  	 62.88  	 75.36  	 78.31  	 71.59  	 70.77  	 72.89  	 75.95  	 38.45
1990	  11	  29	  17	 35.74  	 65.32  	 72.96  	 79.31  	 80.48  	 78.96  	 73.20  	 74.14  	 74.37  	 74.14  	 37.30
1991	   1	   2	  17	 45.56  	 65.08  	 67.18  	 77.57  	 81.42  	 81.18  	 77.10  	 75.82  	 77.22  	 78.50  	 38.55
1991	   1	  29	  17	 52.11  	 71.17  	 62.12  	 71.06  	 78.05  	 77.47  	 76.21  	 71.86  	 75.07  	 74.84  	 35.41
1991	   2	  26	  17	 37.12  	 70.93  	 70.57  	 78.76  	 82.68  	 82.44  	 77.22  	 76.87  	 76.15  	 77.46  	 38.25
1991	   3	  11	  17	 39.76  	 66.69  	 72.57  	 79.16  	 82.22  	 81.63  	 77.16  	 76.81  	 75.63  	 75.75  	 37.40
1991	   3	  26	  17	 42.29  	 72.64  	 73.95  	 80.84  	 85.84  	 85.84  	 80.84  	 80.37  	 82.27  	 82.27  	 39.95
1991	   4	  15	  17	 43.29  	 73.50  	 75.51  	 82.97  	 84.40  	 85.70  	 83.80  	 82.03  	 82.74  	 80.60  	 39.77
1991	   4	  29	  17	 35.75  	 66.92  	 73.96  	 78.73  	 83.62  	 83.74  	 81.23  	 82.66  	 82.66  	 81.11  	 42.29
1991	   5	  17	  17	 38.33  	 65.43  	 73.39  	 81.70  	 87.17  	 81.94  	 80.40  	 80.63  	 82.30  	 83.96  	 39.78
1991	   5	  29	  17	 40.23  	 64.86  	 72.24  	 80.46  	 84.15  	 88.31  	 81.65  	 82.48  	 84.98  	 85.46  	 40.05
1991	   6	  11	  17	 31.23  	 45.67  	 65.22  	 71.82  	 82.50  	 81.30  	 77.10  	 79.86  	 77.70  	 78.06  	 37.89
1991	   6	  26	  17	 13.78  	 20.89  	 54.77  	 73.93  	 79.44  	 80.04  	 76.33  	 77.76  	 78.12  	 79.08  	 38.10
1991	   7	  15	  17	 10.14  	 14.47  	 45.57  	 66.15  	 73.53  	 76.31  	 73.89  	 76.55  	 76.31  	 76.19  	 38.82
1991	   7	  30	  17	  9.13  	  7.61  	 35.54  	 59.45  	 69.39  	 69.98  	 71.17  	 68.68  	 71.99  	 76.37  	 38.36
1991	   8	  14	  17	 19.66  	 35.59  	 37.03  	 59.58  	 67.26  	 70.26  	 70.14  	 67.14  	 73.14  	 75.30  	 37.65
1991	   8	  28	  17	  8.93  	 13.67  	 36.83  	 60.73  	 66.52  	 65.80  	 67.24  	 65.31  	 68.93  	 77.38  	 38.69
1991	   9	  16	  17	 18.32  	 17.17  	 35.32  	 58.76  	 64.89  	 65.49  	 68.02  	 63.81  	 70.30  	 75.95  	 38.04
1991	  10	   1	  17	  9.14  	 12.72  	 35.34  	 58.20  	 63.43  	 64.15  	 67.48  	 65.34  	 69.15  	 74.86  	 37.85
1991	  10	  28	  17	 39.28  	 61.86  	 61.86  	 59.12  	 65.21  	 64.37  	 64.01  	 62.34  	 66.52  	 73.80  	 37.38
1991	  12	   4	  17	 26.54  	 62.38  	 71.46  	 81.24  	 79.26  	 79.26  	 70.88  	 63.89  	 68.08  	 71.69  	 37.65
1992	   1	   2	  17	 39.49  	 66.56  	 71.09  	 77.06  	 78.85  	 82.07  	 79.56  	 75.27  	 73.36  	 73.36  	 37.16
1992	   1	  29	  17	 40.18  	 65.58  	 70.18  	 76.07  	 80.78  	 82.66  	 79.25  	 76.07  	 72.06  	 74.65  	 36.27
1992	   2	  26	  17	 35.54  	 67.81  	 70.53  	 80.49  	 84.63  	 80.72  	 74.68  	 76.69  	 72.55  	 78.35  	 37.22
1992	   3	  17	  17	 34.55  	 66.42  	 68.42  	 77.70  	 80.16  	 80.98  	 79.34  	 74.99  	 72.53  	 72.17  	 35.03
1992	   4	   1	  17	 34.99  	 64.65  	 69.90  	 78.37  	 83.62  	 82.31  	 78.73  	 75.75  	 75.75  	 76.70  	 37.34
1992	   4	  16	  17	 38.56  	 69.13  	 78.92  	 80.13  	 84.96  	 81.94  	 78.68  	 76.62  	 81.70  	 84.96  	 41.03
1992	   5	   1	  17	 31.62  	 64.62  	 71.75  	 79.85  	 83.48  	 85.05  	 78.77  	 77.80  	 84.81  	 84.33  	 39.26
1992	   5	  13	  17	 27.56  	 51.44  	 65.98  	 79.19  	 83.43  	 84.40  	 80.03  	 77.85  	 78.70  	 78.58  	 38.20
1992	   5	  28	  17	 23.14  	 48.90  	 65.31  	 76.66  	 82.57  	 82.93  	 78.83  	 77.50  	 76.78  	 77.26  	 38.75
1992	   6	  11	  17	 14.53  	 39.59  	 60.15  	 73.69  	 79.61  	 81.79  	 77.19  	 75.74  	 76.95  	 79.85  	 38.66
1992	   6	  30	  17	 10.52  	 16.53  	 53.06  	 72.11  	 75.97  	 78.62  	 76.57  	 73.44  	 75.36  	 76.57  	 38.28
1992	   7	  15	  17	 36.64  	 65.47  	 72.29  	 78.87  	 80.31  	 81.38  	 77.44  	 77.92  	 76.96  	 76.96  	 37.64
1992	   7	  29	  17	 35.68  	 63.89  	 68.97  	 80.94  	 84.33  	 81.43  	 76.95  	 75.74  	 78.77  	 76.11  	 40.17
1992	   8	  13	  17	 24.32  	 44.26  	 66.20  	 78.39  	 83.63  	 80.58  	 78.02  	 76.68  	 77.29  	 80.46  	 38.58
1992	   8	  25	  17	 12.62  	 24.21  	 60.47  	 74.43  	 81.16  	 82.63  	 78.59  	 77.73  	 78.35  	 79.82  	 38.99
1992	   9	  17	  17	 31.02  	 61.57  	 69.90  	 77.62  	 82.69  	 81.24  	 77.86  	 77.62  	 77.02  	 77.74  	 38.99
1992	   9	  30	  17	 32.04  	 60.85  	 71.11  	 79.31  	 82.93  	 81.97  	 78.10  	 77.02  	 78.10  	 78.71  	 37.79
1992	  10	  29	  17	 29.03  	 55.50  	 67.74  	 76.50  	 81.78  	 81.66  	 76.62  	 76.50  	 76.98  	 75.90  	 37.95
1992	  12	   2	  17	 37.15  	 67.14  	 71.64  	 80.04  	 79.57  	 81.58  	 81.58  	 78.86  	 81.46  	 78.74  	 39.31
1992	  12	  29	  17	 48.71  	 66.92  	 70.62  	 77.42  	 83.50  	 83.74  	 77.53  	 79.20  	 78.25  	 79.20  	 38.71
1993	   1	  26	  17	 53.72  	 64.73  	 64.61  	 75.39  	 82.97  	 81.20  	 77.52  	 76.46  	 76.46  	 79.42  	 38.58
1993	   2	  24	  17	 23.83  	 61.14  	 65.46  	 77.62  	 82.65  	 82.76  	 76.33  	 73.06  	 71.19  	 75.87  	 37.87
1993	   3	  16	  17	 52.56  	 71.30  	 74.05  	 76.09  	 83.03  	 83.99  	 78.12  	 74.77  	 77.28  	 77.64  	 38.22
1993	   3	  30	  17	 41.45  	 68.57  	 75.10  	 80.43  	 86.12  	 84.91  	 81.27  	 79.58  	 82.61  	 82.36  	 40.64
1993	   4	  16	  17	 52.78  	 74.45  	 77.80  	 81.50  	 86.17  	 84.97  	 82.70  	 81.38  	 81.86  	 85.21  	 42.01
1993	   4	  28	  17	 38.76  	 69.29  	 71.96  	 80.31  	 86.12  	 83.70  	 78.61  	 84.30  	 87.21  	 85.15  	 41.00
1993	   5	  12	  17	 38.57  	 61.33  	 68.73  	 78.79  	 84.01  	 84.85  	 80.12  	 78.91  	 78.67  	 78.79  	 39.64
1993	   5	  26	  17	 30.91  	 54.67  	 65.85  	 77.63  	 81.24  	 83.64  	 78.83  	 78.11  	 77.51  	 78.23  	 38.58
1993	   6	  15	  17	 23.92  	 50.96  	 66.71  	 78.10  	 81.85  	 82.46  	 79.06  	 77.49  	 79.55  	 79.55  	 39.47
1993	   6	  30	  17	 31.89  	 52.29  	 62.20  	 73.32  	 79.61  	 82.63  	 77.19  	 75.14  	 74.90  	 77.07  	 38.48
1993	   7	  13	  17	 29.76  	 61.23  	 67.18  	 74.35  	 79.94  	 80.67  	 77.51  	 77.15  	 77.63  	 77.15  	 38.88
1993	   7	  28	  17	 34.41  	 67.09  	 72.22  	 81.74  	 83.45  	 81.99  	 80.28  	 78.32  	 81.13  	 85.28  	 41.97
1993	   8	  17	  17	 36.53  	 74.65  	 71.27  	 82.03  	 84.09  	 90.61  	 82.51  	 80.70  	 81.91  	 84.57  	 41.50
1993	   9	   1	  17	 32.00  	 57.47  	 66.16  	 75.21  	 77.98  	 84.38  	 76.29  	 77.38  	 75.45  	 76.17  	 39.47
1993	   9	  16	  17	 35.19  	 68.53  	 73.00  	 81.33  	 84.47  	 83.15  	 83.75  	 78.92  	 82.42  	 84.23  	 41.15
1993	   9	  29	  17	 29.56  	 62.03  	 70.34  	 77.70  	 81.97  	 81.97  	 77.46  	 77.34  	 76.15  	 78.05  	 39.92
1993	  10	  27	  17	 25.70  	 55.52  	 65.61  	 76.07  	 81.36  	 86.41  	 79.08  	 76.79  	 78.59  	 74.99  	 39.00
1993	  11	  30	  17	 33.97  	 65.17  	 69.55  	 76.05  	 80.66  	 79.24  	 77.23  	 75.22  	 75.34  	 74.16  	 38.56
1993	  12	  28	  17	 36.70  	 60.96  	 70.30  	 77.15  	 82.70  	 81.40  	 77.62  	 75.49  	 76.56  	 75.26  	 38.46
1994	   1	  26	  17	 40.60  	 63.48  	 68.24  	 75.97  	 82.27  	 81.44  	 77.99  	 75.61  	 76.68  	 76.68  	 37.69
1994	   3	   1	  17	 44.65  	 74.05  	 69.78  	 79.27  	 82.59  	 81.88  	 77.73  	 75.59  	 76.07  	 75.95  	 39.34
1994	   3	  16	  17	 36.93  	 66.59  	 71.91  	 79.24  	 80.78  	 81.14  	 79.01  	 77.12  	 76.17  	 76.52  	 38.56
1994	   3	  30	  17	 36.32  	 64.95  	 69.55  	 78.98  	 81.46  	 81.10  	 78.04  	 74.74  	 74.50  	 77.21  	 38.96
1994	   4	  13	  17	 37.83  	 71.34  	 72.78  	 80.94  	 85.38  	 83.70  	 80.22  	 80.34  	 80.94  	 82.98  	 41.91
1994	   4	  27	  17	 35.92  	 62.15  	 68.38  	 77.85  	 82.40  	 82.40  	 77.61  	 77.97  	 77.25  	 78.81  	 39.22
1994	   5	  17	  17	 30.03  	 56.25  	 65.56  	 78.22  	 82.99  	 84.43  	 78.82  	 75.59  	 76.91  	 77.86  	 38.99
1994	   6	   1	  17	 12.15  	 30.43  	 58.02  	 73.02  	 82.98  	 81.90  	 77.58  	 75.90  	 75.06  	 76.86  	 38.25
1994	   6	  15	  17	 10.89  	 19.79  	 46.54  	 68.08  	 76.43  	 78.13  	 76.80  	 75.71  	 76.43  	 77.64  	 38.10
1994	   6	  28	  17	 17.79  	 22.53  	 42.28  	 62.27  	 70.34  	 73.95  	 74.68  	 74.56  	 73.11  	 76.60  	 38.36
1994	   7	  12	  17	  9.85  	 14.81  	 39.48  	 60.99  	 67.67  	 68.03  	 72.41  	 72.04  	 73.87  	 76.30  	 38.57
1994	   7	  27	  17	  9.27  	 12.72  	 35.92  	 58.02  	 63.82  	 63.82  	 67.44  	 68.05  	 70.22  	 75.29  	 38.25
1994	   8	  17	  17	 11.84  	 16.80  	 34.36  	 59.20  	 61.62  	 62.10  	 61.62  	 63.68  	 68.89  	 79.19  	 37.41
1994	   8	  31	  17	 26.05  	 28.71  	 35.82  	 55.83  	 61.26  	 60.05  	 58.25  	 56.92  	 67.53  	 74.40  	 37.38
1994	   9	  15	  17	  9.72  	 18.52  	 35.98  	 55.75  	 62.30  	 60.36  	 60.12  	 56.36  	 65.69  	 74.18  	 38.49
1994	   9	  28	  17	 21.05  	 17.08  	 34.41  	 55.94  	 62.44  	 60.03  	 58.83  	 55.94  	 63.52  	 72.67  	 38.56
1994	  10	  26	  17	 15.70  	 22.53  	 36.63  	 57.23  	 63.73  	 60.66  	 59.43  	 56.49  	 65.69  	 76.35  	 39.16
1994	  11	  30	  17	 30.42  	 65.54  	 73.32  	 77.21  	 83.93  	 80.99  	 74.62  	 68.37  	 66.96  	 74.62  	 37.72
1994	  12	  23	  17	 39.41  	 66.70  	 70.10  	 79.72  	 83.01  	 82.54  	 79.14  	 74.44  	 74.56  	 75.26  	 38.10
1995	   2	  27	  17	 45.58  	 71.16  	 75.87  	 83.23  	 86.60  	 85.45  	 80.74  	 78.88  	 79.06  	 79.15  	 39.97
1995	   3	  13	  17	 50.74  	 69.13  	 75.07  	 80.52  	 83.91  	 84.40  	 80.76  	 79.79  	 77.97  	 80.16  	 40.99
1995	   3	  31	  17	 39.39  	 66.14  	 71.72  	 80.63  	 84.32  	 81.94  	 80.99  	 82.65  	 81.94  	 82.54  	 40.02
1995	   4	  12	  17	 43.51  	 72.57  	 76.63  	 82.97  	 86.43  	 85.24  	 82.73  	 80.70  	 84.04  	 82.85  	 40.95
1995	   4	  25	  17	 41.32  	 69.22  	 72.21  	 82.01  	 83.80  	 86.79  	 82.37  	 81.29  	 82.97  	 85.12  	 40.23
1995	   5	  16	  17	 44.17  	 71.50  	 79.50  	 87.51  	 90.33  	 89.88  	 86.60  	 85.24  	 87.78  	 88.33  	 44.30
1995	   5	  31	  17	 39.90  	 70.10  	 78.31  	 87.90  	 91.55  	 91.73  	 86.89  	 85.80  	 87.53  	 87.99  	 42.53
1995	   6	  20	  17	 22.26  	 53.39  	 65.68  	 77.50  	 83.11  	 84.31  	 79.17  	 79.89  	 80.13  	 80.49  	 38.63
1995	   6	  28	  17	 25.97  	 46.34  	 60.19  	 74.16  	 84.43  	 83.35  	 79.05  	 78.34  	 78.46  	 79.17  	 39.11
1995	   7	  12	  17	 20.34  	 55.39  	 64.12  	 75.03  	 82.79  	 83.64  	 78.79  	 78.06  	 78.79  	 78.31  	 38.97
1995	   8	   3	  17	 28.47  	 26.63  	 49.08  	 67.13  	 77.26  	 78.84  	 79.33  	 77.26  	 77.62  	 79.21  	 40.09
1995	   8	  14	  17	 13.98  	 20.35  	 44.11  	 63.30  	 70.14  	 73.74  	 76.86  	 75.06  	 74.82  	 77.70  	 38.49
1995	   8	  28	  17	  9.74  	 12.70  	 39.85  	 60.12  	 63.26  	 63.87  	 70.38  	 72.43  	 74.36  	 77.62  	 39.23
1995	   9	  18	  17	 11.86  	 14.98  	 37.08  	 58.57  	 63.50  	 59.41  	 63.98  	 66.86  	 70.82  	 75.86  	 38.11
1995	   9	  29	  17	 17.13  	 13.70  	 38.01  	 58.01  	 60.88  	 61.00  	 65.19  	 66.39  	 70.58  	 75.01  	 37.80
1995	  10	  31	  17	 31.35  	 42.01  	 36.98  	 56.76  	 62.07  	 60.63  	 63.15  	 67.55  	 72.95  	 76.28  	 38.09
1995	  11	  29	  17	 32.88  	 59.84  	 33.47  	 67.33  	 63.05  	 58.42  	 65.78  	 67.45  	 72.32  	 76.12  	 38.12
1996	   1	   3	  17	 39.18  	 55.17  	 65.74  	 72.64  	 64.40  	 61.26  	 63.14  	 68.07  	 70.67  	 75.33  	 37.57
1996	   1	  30	  17	 43.69  	 61.67  	 66.14  	 77.19  	 78.72  	 66.49  	 62.85  	 63.79  	 70.96  	 74.49  	 37.30
1996	   2	  27	  17	 45.69  	 83.05  	 74.40  	 78.18  	 83.95  	 78.00  	 66.55  	 74.58  	 71.42  	 75.30  	 38.10
1996	   3	  15	  17	 42.15  	 76.20  	 72.19  	 77.98  	 82.70  	 80.34  	 69.23  	 65.69  	 68.17  	 73.60  	 37.69
1996	   3	  26	  17	 36.43  	 65.73  	 72.60  	 81.81  	 86.24  	 84.07  	 78.11  	 70.70  	 72.78  	 75.85  	 38.83
1996	   4	  10	  17	 31.39  	 60.98  	 69.82  	 77.47  	 83.80  	 83.80  	 75.80  	 70.18  	 70.54  	 73.17  	 37.96
1996	   4	  27	  17	 38.19  	 61.14  	 71.28  	 80.14  	 84.66  	 85.39  	 79.69  	 72.90  	 72.81  	 75.98  	 38.13
1996	   5	  15	  17	 38.91  	 66.73  	 73.20  	 81.30  	 85.49  	 87.77  	 81.03  	 79.39  	 79.39  	 80.30  	 39.83
1996	   5	  28	  17	 42.26  	 75.12  	 80.39  	 84.29  	 89.38  	 86.84  	 83.84  	 84.20  	 85.11  	 85.20  	 41.01
1996	   6	  12	  17	 35.29  	 64.23  	 72.07  	 81.00  	 85.83  	 83.90  	 79.31  	 78.71  	 83.41  	 83.66  	 40.86
1996	   6	  27	  17	 26.60  	 50.90  	 66.42  	 77.63  	 86.09  	 86.36  	 81.49  	 81.31  	 80.85  	 81.03  	 39.97
1996	   7	  16	  17	 24.09  	 26.03  	 48.77  	 63.25  	 73.95  	 77.97  	 77.36  	 78.09  	 79.18  	 78.57  	 39.04
1996	   7	  30	  17	 25.00  	 44.22  	 48.97  	 63.22  	 70.62  	 76.46  	 78.20  	 79.39  	 79.02  	 79.48  	 38.92
1996	   8	  14	  17	 11.43  	 15.95  	 43.45  	 60.29  	 66.34  	 66.71  	 73.98  	 74.46  	 75.43  	 76.52  	 38.68
1996	   8	  28	  17	 24.96  	 46.02  	 50.11  	 62.58  	 69.40  	 65.94  	 70.31  	 75.04  	 76.32  	 77.32  	 39.07
1996	   9	  11	  17	 22.77  	 29.03  	 46.79  	 63.09  	 67.81  	 65.39  	 68.89  	 72.15  	 73.00  	 75.54  	 38.61
1996	  10	   1	  17	 24.56  	 33.56  	 40.86  	 60.46  	 66.39  	 65.39  	 68.67  	 71.68  	 76.06  	 77.33  	 38.58
1996	  10	  29	  17	 28.78  	 42.36  	 45.36  	 60.13  	 65.30  	 64.82  	 67.10  	 69.14  	 73.34  	 76.46  	 37.81
1996	  12	   3	  17	 36.61  	 61.69  	 65.70  	 60.17  	 64.90  	 63.21  	 66.77  	 69.45  	 72.57  	 75.06  	 38.24
1997	   1	   6	  17	 49.08  	 63.80  	 69.82  	 75.02  	 64.39  	 62.97  	 64.86  	 68.05  	 71.48  	 73.96  	 37.63
1997	   1	  29	  17	 29.55  	 76.83  	 67.31  	 75.94  	 79.77  	 74.52  	 69.09  	 69.00  	 72.83  	 74.61  	 38.24
1997	   2	  25	  17	 40.65  	 67.92  	 71.97  	 79.35  	 83.52  	 82.10  	 75.66  	 75.18  	 75.54  	 77.45  	 38.37
1997	   3	  11	  17	 32.41  	 68.02  	 76.07  	 81.77  	 86.47  	 86.65  	 81.14  	 81.50  	 81.50  	 85.12  	 40.88
1997	   3	  27	  17	 32.68  	 66.49  	 73.47  	 79.98  	 85.40  	 83.47  	 78.29  	 78.77  	 78.05  	 77.09  	 38.30
1997	   4	  14	  17	 50.02  	 77.14  	 77.77  	 86.33  	 88.42  	 88.42  	 82.41  	 82.14  	 86.15  	 86.42  	 41.71
1997	   4	  28	  17	 30.96  	 61.38  	 73.25  	 80.16  	 84.88  	 83.18  	 80.64  	 79.67  	 78.46  	 79.31  	 40.62
1997	   5	  12	  17	 26.79  	 59.28  	 69.58  	 79.07  	 85.91  	 88.19  	 82.72  	 81.07  	 80.44  	 80.34  	 39.81
1997	   5	  27	  17	 34.58  	 54.43  	 65.43  	 78.25  	 84.07  	 86.25  	 81.53  	 79.34  	 79.34  	 81.07  	 39.72
1997	   6	  11	  17	 28.71  	 53.03  	 64.08  	 74.75  	 83.15  	 84.61  	 80.78  	 79.14  	 78.86  	 78.95  	 39.07
1997	   6	  26	  17	 22.44  	 30.44  	 58.50  	 72.23  	 81.30  	 83.02  	 78.96  	 78.45  	 80.35  	 79.91  	 40.22
1997	   7	  14	  17	 25.36  	 25.79  	 54.25  	 66.29  	 75.41  	 75.78  	 76.63  	 76.02  	 75.78  	 78.69  	 38.86
1997	   7	  29	  17	 20.82  	 49.61  	 65.76  	 75.67  	 81.35  	 78.69  	 77.32  	 77.96  	 76.95  	 78.88  	 39.39
1997	   8	  13	  17	 29.08  	 64.79  	 72.80  	 77.95  	 76.39  	 75.10  	 77.58  	 75.93  	 76.94  	 79.52  	 39.21
1997	   8	  26	  17	 29.62  	 58.16  	 68.94  	 79.09  	 84.39  	 83.93  	 78.08  	 78.81  	 79.45  	 78.54  	 39.22
1997	   9	  11	  17	 40.00  	 65.88  	 76.63  	 82.49  	 84.28  	 81.89  	 78.19  	 79.14  	 78.19  	 78.19  	 39.03
1997	   9	  25	  17	 38.03  	 60.11  	 71.57  	 81.01  	 84.95  	 84.22  	 80.83  	 80.28  	 81.01  	 79.45  	 39.36
1997	  10	  28	  17	 43.41  	 66.30  	 71.52  	 75.92  	 77.93  	 77.34  	 76.63  	 76.51  	 76.75  	 77.58  	 38.08
1997	  11	  24	  17	 37.78  	 60.79  	 71.33  	 81.25  	 84.94  	 84.58  	 79.89  	 78.81  	 78.90  	 78.81  	 39.14
1997	  12	  30	  17	 38.34  	 65.29  	 73.15  	 80.07  	 82.66  	 83.01  	 77.38  	 79.02  	 77.84  	 75.38  	 38.10
1998	   1	  28	  17	 54.01  	 65.48  	 72.68  	 80.41  	 86.10  	 83.35  	 81.12  	 81.57  	 79.70  	 80.23  	 40.25
1998	   2	  23	  17	 41.48  	 65.83  	 75.32  	 83.75  	 84.46  	 83.87  	 79.95  	 79.71  	 79.48  	 82.56  	 39.38
1998	   3	  12	  17	 42.92  	 67.90  	 75.75  	 86.37  	 87.17  	 85.56  	 81.28  	 84.05  	 85.56  	 85.83  	 40.86
1998	   3	  31	  17	 53.64  	 74.45  	 79.71  	 84.97  	 86.89  	 83.54  	 80.43  	 80.19  	 85.21  	 82.34  	 40.81
1998	   4	  14	  17	 45.60  	 72.40  	 79.75  	 87.74  	 90.59  	 87.83  	 84.98  	 86.73  	 89.58  	 87.10  	 41.80
1998	   4	  29	  17	 44.48  	 65.71  	 71.77  	 81.10  	 82.14  	 80.51  	 77.95  	 78.88  	 77.72  	 79.93  	 38.86
1998	   5	  13	  17	 40.41  	 67.10  	 74.26  	 83.72  	 89.32  	 89.14  	 87.48  	 86.11  	 88.22  	 88.68  	 42.13
1998	   5	  26	  17	 43.27  	 61.60  	 69.99  	 76.48  	 79.50  	 79.39  	 84.98  	 77.37  	 77.04  	 76.81  	 36.45
1998	   6	  15	  17	 51.52  	 65.90  	 70.52  	 77.57  	 80.77  	 80.01  	 75.06  	 76.99  	 80.01  	 78.58  	 37.53
