# Station Name: Monmouth
# Station Code: MON
# Station Latitude: 40.920000
# Station Longitude: 90.730000
# Station Altitude: 229.000000
Year	  MO	  DY	 Sta	 0-10cm 	 10-30  	 30-50  	 50-70  	 70-90  	 90-110 	 110-130	 130-150	 150-170	 170-190	 190-200
1981	   6	  19	   6	 35.11  	 70.74  	 58.96  	 58.84  	 60.24  	 62.97  	 63.50  	 67.23  	 71.71  	 68.95  	 35.02
1981	   6	  24	   6	 37.94  	 71.31  	 63.01  	 61.29  	 62.46  	 64.65  	 71.62  	 69.04  	 74.92  	 72.58  	 36.69
1981	   7	   9	   6	 28.70  	 68.57  	 60.85  	 56.56  	 58.91  	 65.14  	 65.12  	 67.19  	 72.19  	 66.22  	 33.25
1981	   7	  29	   6	 37.86  	 67.42  	 55.51  	 53.82  	 57.23  	 62.78  	 63.52  	 66.65  	 72.42  	 67.05  	 33.53
1981	   8	  13	   6	 28.49  	 60.28  	 49.18  	 53.29  	 55.28  	 60.92  	 61.50  	 65.76  	 68.21  	 67.73  	 33.28
1981	   8	  27	   6	 36.23  	 64.29  	 48.82  	 52.93  	 55.44  	 59.45  	 62.24  	 65.97  	 71.38  	 68.78  	 34.08
1981	   9	  17	   6	 26.25  	 59.02  	 46.97  	 50.91  	 53.14  	 58.37  	 61.97  	 64.57  	 69.61  	 68.93  	 34.25
1981	   9	  30	   6	 31.94  	 61.46  	 49.71  	 48.65  	 47.40  	 54.09  	 56.28  	 62.55  	 64.82  	 62.45  	 31.42
1981	  10	  15	   6	 16.86  	 69.53  	 60.39  	 60.65  	 57.11  	 60.48  	 61.49  	 66.37  	 73.30  	 69.49  	 35.39
1981	  10	  29	   6	 32.01  	 65.52  	 56.47  	 58.41  	 58.07  	 61.76  	 60.93  	 67.46  	 69.34  	 66.98  	 34.74
1981	  11	  17	   6	 32.19  	 67.17  	 56.91  	 59.30  	 60.24  	 64.80  	 65.52  	 68.13  	 71.83  	 68.57  	 34.39
1981	  12	   2	   6	 41.82  	 66.57  	 63.18  	 60.86  	 64.51  	 68.41  	 67.84  	 71.86  	 72.76  	 71.76  	 35.71
1981	  12	  30	   6	 40.09  	 68.07  	 54.95  	 57.29  	 59.38  	 64.28  	 64.52  	 68.86  	 71.72  	 70.20  	 34.81
1982	   1	  27	   6	 59.95  	 71.92  	 55.96  	 60.76  	 56.76  	 64.17  	 63.83  	 66.70  	 71.68  	 66.29  	 34.24
1982	   2	  12	   6	 43.62  	 55.24  	 56.76  	 61.44  	 55.57  	 62.36  	 62.65  	 65.98  	 68.99  	 69.26  	 34.03
1982	   2	  26	   6	 49.48  	 59.15  	 45.77  	 48.88  	 45.02  	 52.33  	 45.92  	 49.16  	 50.82  	 55.91  	 25.38
1982	   3	  16	   6	 47.51  	 79.06  	 58.97  	 63.94  	 60.43  	 63.19  	 62.55  	 75.10  	 72.42  	 71.05  	 34.77
1982	   3	  31	   6	 31.44  	 67.63  	 57.50  	 55.41  	 57.20  	 61.86  	 59.99  	 65.61  	 69.80  	 65.21  	 33.57
1982	   4	  14	   6	 30.51  	 69.46  	 59.38  	 59.48  	 62.67  	 66.79  	 64.94  	 67.16  	 70.53  	 67.44  	 33.50
1982	   4	  28	   6	 26.04  	 65.06  	 56.06  	 55.90  	 58.92  	 65.48  	 63.62  	 68.62  	 68.56  	 68.34  	 34.27
1982	   5	  14	   6	 25.17  	 63.46  	 55.76  	 55.70  	 58.95  	 65.10  	 64.43  	 68.32  	 72.47  	 68.78  	 34.86
1982	   5	  27	   6	 38.43  	 69.87  	 62.78  	 57.93  	 57.67  	 63.82  	 62.56  	 66.92  	 70.41  	 68.46  	 34.45
1982	   6	  15	   6	 29.82  	 67.50  	 58.49  	 53.73  	 55.17  	 65.27  	 63.99  	 68.44  	 71.99  	 70.01  	 35.23
1982	   6	  30	   6	 21.93  	 59.38  	 54.77  	 54.87  	 59.77  	 64.93  	 65.23  	 69.51  	 72.49  	 69.25  	 35.27
1982	   7	  14	   6	 35.55  	 62.51  	 52.45  	 55.70  	 57.89  	 64.95  	 63.31  	 66.40  	 69.70  	 69.14  	 33.91
1982	   7	  27	   6	 38.63  	 60.76  	 55.45  	 55.75  	 58.27  	 65.56  	 67.11  	 71.66  	 73.89  	 70.74  	 35.50
1982	   8	  12	   6	 31.53  	 63.22  	 54.72  	 55.65  	 55.91  	 61.41  	 62.69  	 67.39  	 70.42  	 68.42  	 33.66
1982	   9	   2	   6	 30.12  	 70.24  	 59.18  	 59.05  	 60.61  	 65.32  	 64.02  	 70.80  	 73.37  	 71.45  	 35.74
1982	   9	  16	   6	 31.37  	 61.73  	 52.62  	 54.50  	 55.52  	 62.25  	 62.31  	 66.89  	 70.72  	 66.85  	 33.61
1982	   9	  30	   6	 23.57  	 60.22  	 54.95  	 57.73  	 57.46  	 65.41  	 62.64  	 68.19  	 70.95  	 69.58  	 35.37
1982	  10	  28	   6	 27.65  	 57.77  	 49.05  	 53.81  	 55.75  	 60.57  	 60.17  	 66.47  	 68.71  	 67.77  	 33.30
1982	  12	   3	   6	 32.82  	 68.45  	 60.96  	 62.95  	 63.03  	 67.46  	 69.13  	 75.84  	 72.90  	 70.44  	 34.99
1982	  12	  15	   6	 36.93  	 67.25  	 58.14  	 59.37  	 61.51  	 67.18  	 69.63  	 70.60  	 72.11  	 72.86  	 35.23
1982	  12	  30	   6	 29.81  	 65.84  	 60.70  	 60.21  	 63.07  	 68.53  	 68.74  	 71.02  	 71.41  	 70.26  	 35.87
1983	   1	  27	   6	 36.30  	 69.49  	 57.07  	 59.80  	 60.38  	 66.34  	 67.63  	 72.61  	 73.98  	 72.10  	 35.44
1983	   2	  24	   6	 38.59  	 72.64  	 62.40  	 61.23  	 61.06  	 63.66  	 65.86  	 69.97  	 73.10  	 70.30  	 35.63
1983	   3	  17	   6	 34.41  	 67.55  	 58.98  	 59.90  	 61.94  	 64.48  	 65.92  	 69.66  	 71.85  	 68.44  	 34.57
1983	   3	  30	   6	 38.03  	 67.64  	 59.15  	 61.52  	 64.30  	 65.80  	 67.28  	 71.86  	 72.39  	 70.33  	 35.12
1983	   4	  28	   6	 20.54  	 56.62  	 56.97  	 59.50  	 60.06  	 65.13  	 68.14  	 69.60  	 73.81  	 71.38  	 35.50
1983	   5	  18	   6	 35.92  	 49.20  	 49.05  	 53.79  	 57.10  	 63.09  	 65.57  	 68.98  	 71.47  	 66.82  	 33.82
1983	   6	   2	   6	 16.27  	 34.59  	 35.74  	 46.41  	 55.16  	 63.85  	 64.09  	 71.08  	 72.42  	 72.60  	 35.04
1983	   6	  15	   6	 16.90  	 32.54  	 32.04  	 42.60  	 52.77  	 60.95  	 61.49  	 67.10  	 70.46  	 68.48  	 34.28
1983	   6	  29	   6	 33.66  	 45.16  	 30.88  	 41.01  	 51.15  	 62.43  	 63.35  	 69.94  	 75.42  	 71.78  	 36.67
1983	   7	  13	   6	 14.54  	 43.80  	 35.31  	 42.26  	 51.29  	 60.31  	 61.86  	 68.23  	 72.81  	 69.72  	 34.72
1983	   7	  28	   6	 10.30  	 29.19  	 30.31  	 38.97  	 48.74  	 58.61  	 61.78  	 66.32  	 71.81  	 68.05  	 33.97
1983	   8	  17	   6	 12.99  	 30.35  	 28.65  	 35.43  	 46.12  	 56.08  	 61.56  	 65.63  	 71.00  	 68.83  	 34.33
1983	   8	  31	   6	 18.05  	 31.28  	 28.35  	 33.98  	 47.05  	 57.92  	 62.14  	 65.79  	 73.07  	 70.45  	 34.96
1983	   9	  14	   6	 24.57  	 45.79  	 31.44  	 34.92  	 44.77  	 57.84  	 62.44  	 65.93  	 71.69  	 68.76  	 34.83
1983	   9	  29	   6	 26.55  	 67.09  	 60.99  	 60.22  	 63.05  	 68.14  	 65.90  	 69.73  	 73.01  	 71.51  	 36.30
1983	  10	  27	   6	 32.61  	 63.63  	 58.84  	 60.28  	 62.97  	 68.24  	 68.87  	 68.89  	 70.30  	 69.72  	 34.98
1983	  12	   2	   6	 63.73  	 67.80  	 65.96  	 65.10  	 66.18  	 71.03  	 75.23  	 73.62  	 79.00  	 77.17  	 38.64
1983	  12	  31	   6	999.99  	 69.48  	 67.11  	 61.61  	 64.52  	 68.73  	 72.94  	 71.32  	 77.90  	 76.06  	 38.90
1984	   2	   1	   6	999.99  	 76.51  	 74.66  	 58.92  	 61.64  	 66.41  	 72.71  	 70.32  	 77.70  	 76.62  	 38.58
1984	   3	   1	   6	 40.34  	 69.96  	 67.25  	 65.41  	 66.06  	 70.82  	 74.62  	 72.67  	 78.30  	 74.94  	 38.77
1984	   3	  14	   6	 51.62  	 74.80  	 64.39  	 62.66  	 65.69  	 69.81  	 73.83  	 70.46  	 77.84  	 75.35  	 38.32
1984	   3	  26	   6	 39.19  	 74.97  	 71.67  	 67.81  	 69.35  	 72.77  	 74.86  	 75.96  	 80.25  	 77.61  	 40.07
1984	   4	  16	   6	 38.16  	 74.91  	 69.28  	 67.96  	 71.27  	 72.04  	 76.67  	 77.33  	 80.53  	 77.00  	 38.94
1984	   4	  26	   6	 32.41  	 73.34  	 69.25  	 66.59  	 69.47  	 74.12  	 75.33  	 77.11  	 79.87  	 77.44  	 39.88
1984	   5	  14	   6	 25.64  	 66.30  	 63.20  	 64.86  	 68.95  	 71.16  	 76.03  	 76.58  	 78.46  	 78.57  	 39.67
1984	   5	  29	   6	 35.65  	 71.82  	 59.46  	 61.89  	 64.65  	 71.05  	 73.14  	 73.58  	 79.10  	 76.78  	 39.44
1984	   6	  12	   6	 31.77  	 48.99  	 44.24  	 51.86  	 62.14  	 68.99  	 73.19  	 74.73  	 78.82  	 77.39  	 38.25
1984	   6	  26	   6	 22.50  	 47.43  	 43.53  	 52.21  	 61.90  	 67.24  	 70.70  	 75.26  	 79.27  	 78.71  	 38.58
1984	   7	  17	   6	 32.02  	 65.33  	 40.25  	 47.53  	 59.73  	 65.89  	 70.93  	 75.19  	 78.21  	 77.54  	 39.22
1984	   7	  30	   6	 27.97  	 64.30  	 47.07  	 47.30  	 57.99  	 66.55  	 70.04  	 74.43  	 79.61  	 77.25  	 39.41
1984	   8	  14	   6	 16.46  	 54.26  	 46.55  	 47.11  	 59.24  	 66.27  	 70.01  	 75.46  	 81.12  	 78.29  	 39.14
1984	   8	  27	   6	 27.25  	 52.30  	 47.58  	 49.27  	 57.58  	 64.31  	 69.14  	 73.97  	 78.46  	 77.79  	 38.00
1984	   9	  12	   6	 29.07  	 64.89  	 48.87  	 49.21  	 58.91  	 66.25  	 70.53  	 74.03  	 78.43  	 76.06  	 39.84
1984	   9	  25	   6	 40.06  	 76.42  	 69.48  	 65.56  	 61.30  	 65.22  	 67.91  	 72.61  	 77.54  	 76.31  	 38.49
1984	  10	  29	   6	 36.71  	 74.26  	 67.60  	 67.15  	 70.87  	 74.71  	 78.21  	 78.88  	 79.56  	 78.77  	 39.05
1984	  11	  28	   6	 38.48  	 73.68  	 69.10  	 68.21  	 70.33  	 71.45  	 74.80  	 78.71  	 80.50  	 78.15  	 39.92
1984	  12	  27	   6	 48.59  	 76.34  	 71.30  	 67.39  	 69.85  	 74.99  	 75.89  	 78.24  	 80.14  	 81.82  	 39.45
1985	   2	   4	   6	 15.77  	 66.26  	 62.01  	 62.45  	 67.13  	 71.27  	 72.03  	 75.30  	 75.63  	 75.85  	 38.80
1985	   2	  28	   6	 44.54  	 74.98  	 67.73  	 68.84  	 70.74  	 75.31  	 76.54  	 78.88  	 80.66  	 79.21  	 39.61
1985	   3	  14	   6	 39.81  	 76.97  	 68.77  	 68.99  	 71.91  	 74.84  	 76.97  	 79.44  	 80.46  	 79.67  	 39.61
1985	   3	  26	   6	 30.59  	 72.41  	 65.88  	 66.10  	 69.59  	 73.08  	 75.56  	 79.73  	 80.85  	 77.70  	 39.92
1985	   4	  16	   6	 26.17  	 69.29  	 65.34  	 69.07  	 70.42  	 74.93  	 77.30  	 77.42  	 80.58  	 79.00  	 38.88
1985	   4	  30	   6	 33.16  	 45.77  	 56.72  	 62.59  	 67.11  	 71.63  	 75.13  	 78.18  	 80.78  	 78.86  	 39.09
1985	   5	  14	   6	 32.82  	 43.54  	 50.35  	 58.63  	 64.64  	 70.66  	 74.63  	 77.92  	 80.87  	 78.60  	 38.79
1985	   5	  29	   6	 20.07  	 46.48  	 47.28  	 56.50  	 63.11  	 70.86  	 72.45  	 75.18  	 82.93  	 77.92  	 39.24
1985	   6	  11	   6	 17.91  	 45.28  	 45.84  	 55.62  	 61.69  	 68.54  	 71.80  	 75.40  	 78.99  	 77.53  	 38.49
1985	   6	  25	   6	 33.63  	 70.86  	 55.10  	 60.01  	 65.49  	 69.03  	 71.78  	 75.66  	 81.37  	 77.37  	 38.52
1985	   7	  15	   6	 23.86  	 43.85  	 45.03  	 52.07  	 59.89  	 64.56  	 68.52  	 70.66  	 76.04  	 74.16  	 38.35
1985	   7	  31	   6	 36.80  	 43.24  	 42.00  	 50.00  	 57.54  	 64.64  	 69.03  	 74.43  	 76.57  	 75.45  	 38.74
1985	   8	  13	   6	 38.96  	 73.92  	 55.42  	 51.58  	 59.37  	 64.22  	 69.07  	 71.44  	 79.22  	 79.45  	 39.33
1985	   8	  27	   6	 28.03  	 64.35  	 56.98  	 52.56  	 58.11  	 65.03  	 68.31  	 72.73  	 78.97  	 76.82  	 38.86
1985	   9	  17	   6	 33.47  	 42.49  	 47.87  	 51.67  	 56.82  	 63.88  	 68.24  	 72.27  	 76.64  	 75.30  	 38.54
1985	  10	   2	   6	 26.82  	 44.17  	 42.72  	 48.78  	 54.15  	 62.89  	 67.00  	 69.98  	 75.18  	 72.15  	 37.01
1985	  10	  30	   6	 28.41  	 68.99  	 64.15  	 62.79  	 57.72  	 63.58  	 67.08  	 69.67  	 77.11  	 77.45  	 38.67
1985	  12	   3	   6	 43.35  	 71.48  	 65.46  	 64.46  	 68.36  	 74.15  	 74.93  	 76.04  	 80.94  	 78.38  	 39.24
1985	  12	  30	   6	 31.39  	 74.84  	 62.22  	 62.98  	 63.75  	 68.36  	 73.85  	 72.75  	 77.48  	 77.80  	 38.74
1986	   1	  29	   6	 41.00  	 81.60  	 68.29  	 60.26  	 66.42  	 70.27  	 72.58  	 74.23  	 79.73  	 77.09  	 39.92
1986	   2	  26	   6	 40.36  	 80.42  	 71.19  	 57.62  	 62.29  	 68.80  	 70.21  	 71.08  	 76.51  	 77.05  	 38.26
1986	   3	  19	   6	 47.15  	 81.51  	 75.97  	 70.10  	 72.87  	 75.08  	 76.97  	 73.09  	 77.63  	 76.30  	 39.81
1986	   4	   2	   6	 27.74  	 70.63  	 65.83  	 65.16  	 66.39  	 71.96  	 76.09  	 76.09  	 79.88  	 78.32  	 38.99
1986	   4	  15	   6	 33.80  	 64.95  	 62.17  	 64.73  	 68.40  	 72.40  	 74.85  	 75.40  	 78.29  	 77.52  	 39.54
1986	   4	  29	   6	 18.58  	 43.12  	 56.75  	 61.43  	 67.24  	 71.37  	 74.94  	 74.94  	 78.74  	 77.74  	 39.48
1986	   5	  14	   6	 19.14  	 36.31  	 47.48  	 57.42  	 62.55  	 68.13  	 71.26  	 73.16  	 78.74  	 78.85  	 39.04
1986	   5	  27	   6	 38.46  	 70.75  	 60.43  	 57.06  	 61.21  	 67.83  	 71.87  	 75.24  	 78.94  	 77.93  	 40.53
1986	   6	  10	   6	 28.77  	 50.16  	 52.86  	 55.89  	 60.94  	 67.46  	 70.71  	 73.74  	 79.47  	 77.90  	 39.45
1986	   7	   1	   6	 40.57  	 75.36  	 53.34  	 55.91  	 58.82  	 65.30  	 70.44  	 72.12  	 78.71  	 78.49  	 40.03
1986	   7	  15	   6	 35.08  	 72.75  	 68.81  	 68.81  	 63.85  	 68.39  	 73.35  	 75.66  	 81.65  	 80.71  	 40.40
1986	   7	  29	   6	 25.32  	 40.96  	 56.78  	 59.79  	 60.82  	 66.67  	 71.82  	 76.21  	 82.74  	 81.20  	 40.81
1986	   8	  13	   6	999.99  	 68.62  	 63.06  	 60.22  	 60.56  	 65.44  	 68.62  	 72.02  	 79.74  	 78.15  	 40.04
1986	   8	  26	   6	 39.14  	 73.84  	 68.84  	 61.58  	 60.33  	 66.57  	 71.34  	 72.13  	 79.40  	 76.79  	 39.13
1986	   9	  16	   6	 24.76  	 65.40  	 61.20  	 60.29  	 61.08  	 65.28  	 69.49  	 74.14  	 79.14  	 77.78  	 40.20
1986	  10	   1	   6	 39.56  	 76.91  	 72.16  	 69.11  	 70.80  	 73.74  	 71.59  	 72.50  	 80.75  	 77.81  	 40.71
1986	  10	  29	   6	 36.42  	 73.04  	 69.52  	 67.71  	 70.09  	 75.99  	 77.24  	 77.58  	 81.67  	 80.53  	 39.41
1986	  12	   2	   6	 47.25  	 77.28  	 69.85  	 67.60  	 65.58  	 70.75  	 73.45  	 73.57  	 80.09  	 79.30  	 39.60
1986	  12	  30	   6	 39.22  	 69.44  	 64.97  	 66.20  	 67.20  	 71.23  	 74.02  	 74.35  	 79.72  	 76.59  	 39.52
1987	   1	  28	   6	 41.52  	 72.94  	 63.49  	 64.97  	 66.23  	 71.12  	 75.56  	 73.85  	 80.34  	 79.77  	 40.51
1987	   2	  25	   6	 32.35  	 68.09  	 65.58  	 64.11  	 67.63  	 70.93  	 74.79  	 73.77  	 80.02  	 78.66  	 40.12
1987	   3	  17	   6	 32.72  	 68.32  	 66.31  	 64.86  	 65.30  	 71.45  	 73.80  	 71.67  	 77.48  	 77.04  	 39.30
1987	   3	  31	   6	 39.88  	 71.20  	 68.95  	 67.38  	 70.19  	 73.57  	 77.05  	 73.79  	 78.52  	 78.52  	 39.54
1987	   4	  14	   6	 41.84  	 77.49  	 70.75  	 66.18  	 67.66  	 73.49  	 76.69  	 75.09  	 80.34  	 77.83  	 40.11
1987	   4	  28	   6	 41.84  	 53.63  	 60.42  	 61.90  	 66.31  	 70.50  	 74.24  	 74.69  	 79.11  	 78.09  	 40.24
1987	   5	  12	   6	 14.81  	 32.65  	 41.38  	 49.78  	 55.68  	 64.87  	 71.34  	 71.91  	 81.10  	 78.94  	 38.96
1987	   5	  28	   6	 16.80  	 31.88  	 41.29  	 49.56  	 56.56  	 65.29  	 72.17  	 74.35  	 80.67  	 79.41  	 39.87
1987	   6	  17	   6	 16.24  	 45.45  	 42.49  	 48.76  	 56.84  	 64.82  	 69.83  	 72.34  	 81.45  	 77.69  	 39.36
1987	   6	  30	   6	 21.23  	 52.74  	 42.96  	 49.67  	 55.01  	 64.33  	 69.90  	 71.27  	 79.45  	 76.61  	 39.56
1987	   7	  14	   6	 12.83  	 31.38  	 44.00  	 49.84  	 54.78  	 64.41  	 71.29  	 72.55  	 80.92  	 78.86  	 39.66
1987	   7	  29	   6	 12.39  	 22.87  	 30.95  	 45.06  	 55.30  	 63.72  	 69.87  	 70.66  	 78.29  	 78.06  	 40.23
1987	   8	  14	   6	 16.77  	 29.13  	 30.96  	 40.72  	 53.00  	 62.53  	 70.11  	 70.68  	 78.03  	 78.83  	 40.10
1987	   9	   2	   6	 23.22  	 67.51  	 60.99  	 46.13  	 54.24  	 63.16  	 69.22  	 70.71  	 43.61  	 77.46  	 39.36
1987	   9	  18	   6	 32.77  	 70.33  	 58.54  	 45.72  	 54.31  	 64.38  	 68.04  	 69.99  	 78.69  	 78.12  	 39.29
1987	   9	  29	   6	 35.64  	 73.93  	 64.59  	 47.85  	 53.54  	 62.08  	 68.35  	 70.86  	 76.44  	 76.10  	 38.50
1987	  10	  28	   6	 27.85  	 60.97  	 55.03  	 48.87  	 53.21  	 62.91  	 68.62  	 71.35  	 76.95  	 77.17  	 39.22
1987	  12	   2	   6	 35.47  	 71.99  	 69.03  	 65.17  	 53.59  	 61.54  	 67.44  	 68.81  	 75.39  	 74.71  	 38.78
1987	  12	  29	   6	 37.44  	 74.74  	 67.91  	 66.90  	 70.60  	 73.39  	 74.74  	 74.29  	 75.63  	 77.54  	 38.71
1988	   1	  27	   6	 39.67  	 73.49  	 71.80  	 62.02  	 63.37  	 71.46  	 73.71  	 71.80  	 76.07  	 76.97  	 39.83
1988	   3	   2	   6	 40.95  	 79.84  	 74.31  	 62.21  	 63.68  	 67.98  	 73.06  	 72.50  	 77.70  	 75.44  	 39.87
1988	   3	  16	   6	 36.83  	 75.37  	 66.93  	 63.78  	 63.33  	 68.95  	 71.54  	 69.85  	 77.50  	 77.05  	 38.92
1988	   3	  30	   6	 35.22  	 76.89  	 72.77  	 69.11  	 71.05  	 73.34  	 77.80  	 75.97  	 77.46  	 77.00  	 40.10
1988	   4	  13	   6	 27.83  	 70.21  	 67.36  	 64.85  	 67.82  	 72.15  	 76.03  	 76.03  	 80.26  	 79.57  	 40.13
1988	   4	  27	   6	 23.18  	 61.20  	 61.54  	 62.22  	 64.85  	 70.90  	 75.35  	 75.35  	 80.37  	 78.09  	 39.44
1988	   5	  18	   6	 14.32  	 33.12  	 44.31  	 57.89  	 63.25  	 69.64  	 73.64  	 74.32  	 77.52  	 78.43  	 39.27
1988	   6	   2	   6	 13.82  	 28.09  	 32.92  	 47.78  	 60.32  	 67.46  	 74.03  	 74.60  	 81.28  	 78.63  	 40.35
1988	   6	  14	   6	 15.02  	 28.28  	 30.81  	 42.08  	 55.43  	 66.58  	 70.72  	 72.10  	 79.35  	 77.16  	 39.73
1988	   6	  28	   6	 15.70  	 24.98  	 29.35  	 36.84  	 49.27  	 60.67  	 69.65  	 70.92  	 78.98  	 78.29  	 39.55
1988	   7	  13	   6	 12.21  	 25.32  	 29.63  	 37.30  	 45.67  	 58.81  	 69.04  	 71.13  	 78.69  	 78.81  	 39.98
1988	   7	  26	   6	 13.60  	 25.04  	 29.28  	 37.53  	 44.29  	 56.66  	 67.32  	 70.52  	 77.86  	 77.86  	 39.50
1988	   8	   3	   6	 13.42  	 25.07  	 28.20  	 36.36  	 43.96  	 56.03  	 65.75  	 68.43  	 75.02  	 75.36  	 38.85
1988	   8	  16	   6	 19.54  	 41.64  	 35.55  	 36.93  	 45.20  	 57.25  	 68.38  	 71.03  	 77.34  	 75.73  	 39.70
1988	   9	   1	   6	 20.19  	 39.17  	 36.20  	 35.29  	 41.34  	 53.09  	 66.45  	 66.68  	 74.55  	 74.66  	 38.53
1988	   9	  15	   6	 13.06  	 21.21  	 29.58  	 34.45  	 40.33  	 50.85  	 64.20  	 65.56  	 75.74  	 74.73  	 38.72
1988	   9	  29	   6	 31.61  	 47.27  	 30.23  	 34.12  	 40.41  	 50.81  	 64.54  	 64.31  	 74.60  	 74.94  	 38.44
1988	  11	   2	   6	 24.25  	 43.57  	 30.46  	 34.22  	 39.92  	 50.64  	 64.55  	 64.32  	 74.81  	 74.47  	 38.55
1988	  12	   1	   6	 31.87  	 63.67  	 59.81  	 33.62  	 39.18  	 50.97  	 63.44  	 65.59  	 73.87  	 73.53  	 38.24
1988	  12	  29	   6	 45.65  	 68.09  	 62.81  	 35.84  	 39.77  	 49.55  	 63.26  	 61.57  	 71.91  	 72.93  	 37.92
1989	   1	  27	   6	 38.52  	 74.39  	 66.18  	 53.82  	 39.21  	 50.33  	 64.83  	 64.27  	 72.36  	 72.93  	 37.92
1989	   2	  28	   6	 39.01  	 80.67  	 57.09  	 57.43  	 55.28  	 51.42  	 64.46  	 64.01  	 70.81  	 76.48  	 38.29
1989	   3	  14	   6	 43.76  	 75.71  	 59.57  	 55.80  	 50.76  	 51.45  	 64.38  	 64.38  	 73.88  	 77.77  	 36.54
1989	   3	  28	   6	 41.75  	 64.32  	 61.93  	 59.65  	 52.01  	 50.64  	 63.41  	 62.04  	 73.67  	 75.15  	 37.86
1989	   4	  12	   6	 34.43  	 68.65  	 67.97  	 62.02  	 53.90  	 52.42  	 65.22  	 65.68  	 73.46  	 74.71  	 38.21
1989	   4	  25	   6	 37.82  	 70.47  	 65.70  	 61.04  	 54.10  	 52.05  	 64.45  	 62.63  	 74.22  	 74.45  	 38.65
1989	   5	  18	   6	 32.09  	 56.96  	 55.22  	 56.75  	 50.95  	 55.00  	 61.12  	 66.58  	 72.04  	 72.04  	 36.46
1989	   5	  30	   6	 26.73  	 51.72  	 53.44  	 56.75  	 52.64  	 57.77  	 66.45  	 70.78  	 74.89  	 75.12  	 38.53
1989	   6	  13	   6	 30.86  	 73.51  	 68.50  	 67.82  	 65.54  	 58.15  	 65.43  	 69.53  	 75.67  	 75.44  	 37.66
1989	   6	  27	   6	 18.64  	 60.22  	 58.51  	 62.38  	 64.89  	 62.50  	 65.57  	 68.88  	 75.15  	 76.18  	 38.37
1989	   7	  12	   6	 11.88  	 37.82  	 47.96  	 57.07  	 61.52  	 61.86  	 65.62  	 69.83  	 76.89  	 75.30  	 37.88
1989	   8	   2	   6	 21.70  	 35.59  	 41.63  	 52.58  	 58.39  	 60.44  	 66.71  	 71.05  	 76.75  	 75.72  	 37.01
1989	   8	  14	   6	 12.90  	 24.46  	 32.60  	 44.80  	 54.64  	 60.85  	 63.23  	 68.99  	 73.85  	 73.97  	 37.55
1989	   8	  29	   6	 33.72  	 66.19  	 56.16  	 45.34  	 53.77  	 59.24  	 65.05  	 68.24  	 75.07  	 72.79  	 38.39
1989	   9	  19	   6	 30.00  	 69.07  	 64.72  	 65.64  	 69.07  	 73.31  	 67.93  	 71.25  	 74.22  	 75.14  	 38.94
1989	  10	   3	   6	 18.90  	 55.76  	 58.94  	 61.56  	 65.66  	 68.50  	 68.96  	 68.96  	 74.53  	 74.65  	 38.12
1989	  10	  31	   6	 26.52  	 43.59  	 51.12  	 57.64  	 61.46  	 66.29  	 67.87  	 67.98  	 73.82  	 74.39  	 37.76
1989	  11	  30	   6	 27.34  	 44.59  	 49.66  	 55.64  	 59.93  	 65.23  	 65.12  	 70.08  	 73.69  	 73.02  	 37.64
1990	   1	   4	   6	 49.81  	 79.21  	 69.51  	 59.14  	 58.36  	 64.04  	 65.61  	 67.06  	 73.86  	 72.97  	 37.21
1990	   1	  30	   6	 39.14  	 68.50  	 60.94  	 58.01  	 59.14  	 61.62  	 66.59  	 69.07  	 74.37  	 73.13  	 37.75
1990	   2	  27	   6	 46.36  	 71.84  	 64.99  	 66.11  	 69.81  	 71.61  	 66.33  	 69.03  	 73.18  	 74.42  	 38.11
1990	   3	  15	   6	 38.39  	 74.55  	 69.82  	 66.33  	 72.30  	 77.48  	 76.35  	 79.95  	 79.61  	 78.26  	 39.02
1990	   3	  27	   6	 35.03  	 69.25  	 64.07  	 65.09  	 67.45  	 70.49  	 75.00  	 76.57  	 79.61  	 78.04  	 38.68
1990	   4	  18	   6	 34.57  	 72.33  	 66.03  	 65.47  	 67.60  	 72.22  	 73.23  	 74.13  	 80.09  	 77.73  	 39.03
1990	   5	   1	   6	 30.10  	 66.57  	 62.13  	 63.27  	 66.79  	 71.92  	 74.65  	 75.78  	 79.09  	 76.70  	 39.26
1990	   5	  17	   6	 35.89  	 69.96  	 66.26  	 65.48  	 68.17  	 71.31  	 74.00  	 77.03  	 79.16  	 77.70  	 38.18
1990	   5	  29	   6	 35.53  	 71.34  	 66.69  	 65.44  	 70.20  	 74.06  	 75.42  	 80.08  	 80.53  	 79.62  	 38.96
1990	   6	  14	   6	 38.74  	 68.43  	 62.08  	 64.12  	 66.95  	 70.58  	 74.21  	 75.91  	 79.54  	 80.10  	 39.31
1990	   6	  27	   6	 32.65  	 68.39  	 67.59  	 65.67  	 69.30  	 73.04  	 76.22  	 78.83  	 79.62  	 76.90  	 39.70
1990	   7	  18	   6	 35.96  	 70.89  	 68.96  	 63.06  	 66.69  	 69.98  	 71.91  	 76.22  	 80.53  	 78.03  	 40.78
1990	   8	   2	   6	 28.47  	 68.81  	 64.36  	 65.27  	 67.32  	 71.43  	 75.18  	 76.32  	 80.42  	 77.92  	 39.53
1990	   8	  13	   6	 31.29  	 66.38  	 62.06  	 63.76  	 66.27  	 70.13  	 74.00  	 75.93  	 80.93  	 77.64  	 38.70
1990	   8	  28	   6	 24.64  	 55.80  	 58.31  	 62.55  	 64.72  	 69.99  	 75.14  	 74.80  	 79.37  	 78.80  	 39.97
1990	   9	  13	   6	 19.85  	 46.64  	 54.18  	 58.87  	 63.78  	 69.15  	 70.52  	 74.75  	 78.86  	 76.80  	 39.03
1990	   9	  27	   6	 20.43  	 39.82  	 47.56  	 57.58  	 63.27  	 67.71  	 69.87  	 73.28  	 79.54  	 77.61  	 39.37
1990	  10	  31	   6	 22.05  	 38.81  	 42.20  	 52.83  	 59.38  	 64.36  	 69.56  	 71.48  	 77.36  	 76.11  	 38.96
1990	  11	  29	   6	 36.07  	 71.43  	 67.72  	 67.60  	 65.58  	 65.58  	 67.83  	 72.55  	 75.48  	 76.15  	 39.37
1991	   1	   2	   6	 41.87  	 69.03  	 63.85  	 64.41  	 66.33  	 71.51  	 73.53  	 72.63  	 78.71  	 75.79  	 38.40
1991	   1	  29	   6	 38.46  	 70.91  	 61.03  	 62.92  	 63.36  	 68.14  	 72.47  	 71.80  	 77.24  	 75.91  	 38.51
1991	   2	  26	   6	 39.92  	 75.60  	 60.70  	 60.81  	 62.38  	 68.54  	 71.23  	 72.24  	 77.84  	 74.48  	 38.70
1991	   3	  11	   6	 40.48  	 72.95  	 69.30  	 67.25  	 68.39  	 71.81  	 71.70  	 73.52  	 77.97  	 77.06  	 39.16
1991	   3	  26	   6	 35.46  	 71.14  	 67.07  	 66.96  	 68.65  	 72.50  	 74.31  	 76.00  	 79.17  	 77.92  	 39.19
1991	   4	  15	   6	 36.24  	 74.86  	 70.77  	 68.16  	 70.43  	 70.77  	 74.52  	 75.20  	 78.83  	 77.92  	 39.13
1991	   4	  29	   6	 27.70  	 67.09  	 62.18  	 65.49  	 68.35  	 73.26  	 74.29  	 74.75  	 80.00  	 80.23  	 39.09
1991	   5	  17	   6	 31.83  	 57.32  	 61.22  	 62.49  	 67.08  	 69.04  	 74.09  	 76.96  	 81.33  	 77.65  	 40.44
1991	   5	  29	   6	 30.14  	 66.26  	 66.49  	 62.27  	 66.26  	 68.54  	 72.19  	 74.92  	 78.92  	 77.32  	 39.12
1991	   6	  11	   6	 23.42  	 54.21  	 59.73  	 62.95  	 65.01  	 72.94  	 71.22  	 73.40  	 78.57  	 79.84  	 39.23
1991	   6	  26	   6	 15.45  	 33.71  	 46.67  	 58.24  	 63.91  	 70.97  	 71.08  	 75.02  	 79.30  	 79.30  	 39.59
1991	   7	  15	   6	 14.66  	 26.59  	 32.12  	 50.77  	 58.37  	 65.97  	 69.42  	 72.07  	 78.63  	 76.44  	 39.95
1991	   7	  30	   6	 23.87  	 58.13  	 52.99  	 48.98  	 56.99  	 65.91  	 68.42  	 72.31  	 78.26  	 77.00  	 39.93
1991	   8	  14	   6	 23.71  	 55.81  	 50.72  	 48.52  	 56.04  	 64.26  	 69.00  	 72.24  	 78.14  	 78.83  	 39.76
1991	   8	  28	   6	 15.76  	 34.20  	 37.23  	 46.19  	 57.25  	 64.69  	 69.23  	 71.44  	 77.03  	 77.38  	 40.20
1991	   9	  16	   6	 32.38  	 49.04  	 36.89  	 45.72  	 53.51  	 61.66  	 68.65  	 70.72  	 76.45  	 75.30  	 39.54
1991	  10	   1	   6	 19.32  	 38.49  	 35.85  	 44.57  	 54.20  	 62.57  	 67.51  	 69.91  	 76.34  	 76.22  	 38.23
1991	  10	  28	   6	 32.41  	 56.28  	 54.44  	 47.43  	 55.25  	 63.29  	 69.04  	 68.81  	 75.47  	 76.16  	 39.06
1991	  12	   4	   6	 29.90  	 71.87  	 67.72  	 64.13  	 63.12  	 69.07  	 66.49  	 68.62  	 75.91  	 75.01  	 39.75
1992	   1	   2	   6	 40.59  	 73.43  	 68.54  	 66.38  	 67.52  	 72.75  	 74.91  	 73.77  	 77.52  	 77.52  	 37.68
1992	   1	  29	   6	 44.11  	 69.91  	 64.66  	 66.94  	 65.46  	 71.50  	 75.38  	 77.66  	 78.57  	 81.31  	 39.69
1992	   2	  26	   6	 37.32  	 71.54  	 67.67  	 67.78  	 70.06  	 73.93  	 74.39  	 75.75  	 78.49  	 77.35  	 38.79
1992	   3	  17	   6	 31.62  	 70.83  	 66.78  	 61.94  	 65.99  	 68.35  	 68.24  	 75.00  	 79.39  	 77.81  	 39.02
1992	   4	   1	   6	 32.47  	 71.59  	 69.30  	 64.72  	 68.84  	 71.13  	 75.94  	 75.02  	 82.24  	 77.77  	 38.49
1992	   4	  16	   6	 39.95  	 76.35  	 70.29  	 64.12  	 66.75  	 69.95  	 71.32  	 76.12  	 79.43  	 78.17  	 38.23
1992	   5	   1	   6	 28.46  	 69.23  	 67.26  	 65.41  	 69.11  	 72.70  	 77.79  	 76.52  	 82.42  	 81.26  	 40.75
1992	   5	  13	   6	 17.12  	 56.21  	 59.79  	 63.03  	 66.03  	 72.04  	 74.59  	 76.09  	 78.75  	 78.05  	 39.55
1992	   5	  28	   6	 16.49  	 44.62  	 54.05  	 61.16  	 64.30  	 70.13  	 74.44  	 74.55  	 80.26  	 78.63  	 40.31
1992	   6	  11	   6	 15.73  	 36.20  	 44.26  	 58.03  	 62.23  	 68.77  	 71.45  	 74.72  	 80.09  	 78.11  	 39.93
1992	   6	  30	   6	 13.53  	 25.86  	 32.85  	 47.99  	 59.29  	 65.70  	 70.83  	 72.81  	 80.03  	 79.10  	 40.19
1992	   7	  15	   6	 35.63  	 74.29  	 69.77  	 66.41  	 61.67  	 64.68  	 69.54  	 71.62  	 77.18  	 78.11  	 39.69
1992	   7	  29	   6	 37.25  	 73.18  	 67.72  	 64.36  	 68.88  	 71.20  	 73.99  	 73.29  	 79.79  	 79.56  	 39.90
1992	   8	  13	   6	 24.00  	 55.37  	 62.69  	 63.50  	 65.83  	 70.36  	 72.21  	 74.19  	 79.76  	 76.28  	 40.75
1992	   8	  25	   6	 18.81  	 39.26  	 53.35  	 58.94  	 63.84  	 71.06  	 73.04  	 73.51  	 78.63  	 78.40  	 40.66
1992	   9	  17	   6	 31.61  	 65.73  	 65.27  	 65.03  	 67.57  	 71.62  	 75.31  	 73.93  	 78.43  	 77.39  	 39.50
1992	   9	  30	   6	 30.21  	 62.91  	 60.60  	 61.29  	 67.19  	 69.85  	 73.78  	 74.24  	 77.47  	 76.20  	 39.89
1992	  10	  29	   6	 25.20  	 49.16  	 54.46  	 59.77  	 61.73  	 67.27  	 70.38  	 72.11  	 78.34  	 76.50  	 39.57
1992	  12	   2	   6	 41.54  	 71.95  	 65.70  	 67.63  	 68.20  	 72.18  	 76.27  	 74.68  	 79.34  	 77.29  	 39.78
1992	  12	  29	   6	 43.12  	 74.58  	 66.43  	 64.94  	 67.70  	 72.29  	 75.16  	 75.39  	 81.01  	 78.26  	 39.19
1993	   1	  26	   6	 47.90  	 72.88  	 63.74  	 62.25  	 64.19  	 70.14  	 75.51  	 74.26  	 79.29  	 76.20  	 38.44
1993	   2	  24	   6	 27.95  	 81.78  	 64.76  	 59.65  	 62.83  	 67.71  	 72.47  	 73.38  	 76.90  	 74.06  	 38.00
1993	   3	  16	   6	 53.06  	 85.51  	 63.15  	 62.21  	 62.10  	 70.99  	 72.63  	 75.32  	 77.20  	 79.66  	 39.77
1993	   3	  31	   6	 42.17  	 79.81  	 74.85  	 70.92  	 67.34  	 75.20  	 72.89  	 73.12  	 81.89  	 77.74  	 40.25
1993	   4	  16	   6	 44.24  	 73.75  	 72.14  	 69.96  	 68.92  	 76.39  	 76.96  	 78.00  	 82.94  	 78.57  	 39.75
1993	   4	  28	   6	 33.57  	 69.31  	 67.22  	 65.83  	 68.50  	 73.49  	 74.19  	 77.09  	 83.25  	 77.09  	 39.36
1993	   5	  12	   6	 41.23  	 73.77  	 68.04  	 64.38  	 65.18  	 70.79  	 74.57  	 73.99  	 78.57  	 78.23  	 39.74
1993	   5	  26	   6	 33.47  	 71.98  	 67.22  	 64.32  	 67.45  	 71.87  	 73.61  	 73.72  	 79.18  	 77.67  	 40.64
1993	   6	  15	   6	 27.97  	 63.10  	 66.57  	 64.60  	 65.76  	 72.70  	 74.09  	 76.52  	 81.15  	 78.72  	 40.69
1993	   6	  30	   6	 38.81  	 77.35  	 72.34  	 71.18  	 71.64  	 76.77  	 78.98  	 78.40  	 83.17  	 80.26  	 41.12
1993	   7	  13	   6	 36.34  	 73.51  	 70.13  	 67.45  	 68.61  	 74.90  	 78.40  	 77.58  	 81.78  	 79.21  	 40.31
1993	   7	  28	   6	 38.27  	 73.22  	 68.07  	 69.12  	 71.11  	 73.45  	 79.30  	 79.54  	 83.99  	 83.29  	 41.99
1993	   8	  17	   6	 38.30  	 78.31  	 73.13  	 67.83  	 70.18  	 76.78  	 77.25  	 78.54  	 84.79  	 81.02  	 41.69
1993	   9	   1	   6	 36.63  	 74.42  	 69.98  	 68.69  	 68.57  	 76.18  	 78.05  	 76.76  	 81.79  	 78.05  	 40.78
1993	   9	  16	   6	 40.81  	 76.65  	 71.60  	 65.52  	 70.22  	 75.16  	 76.76  	 76.31  	 79.75  	 79.86  	 39.87
1993	   9	  29	   6	 34.28  	 74.03  	 69.54  	 67.12  	 69.19  	 74.37  	 77.02  	 74.60  	 79.90  	 78.40  	 40.52
1993	  10	  27	   6	 25.00  	 57.56  	 56.53  	 59.51  	 66.14  	 68.31  	 72.88  	 72.66  	 77.92  	 78.83  	 39.30
1993	  11	  30	   6	 33.48  	 71.31  	 60.03  	 58.33  	 61.29  	 66.19  	 71.20  	 71.99  	 77.80  	 78.37  	 39.30
1993	  12	  28	   6	 33.76  	 70.67  	 68.16  	 67.47  	 66.45  	 68.62  	 70.78  	 70.21  	 78.09  	 77.75  	 39.22
1994	   1	  26	   6	 36.54  	 74.40  	 62.83  	 61.58  	 64.76  	 65.67  	 72.25  	 68.39  	 77.47  	 76.56  	 38.56
1994	   3	   1	   6	 37.48  	 82.86  	 63.31  	 60.81  	 62.40  	 66.83  	 71.04  	 71.04  	 78.09  	 76.38  	 40.24
1994	   3	  16	   6	 37.09  	 73.28  	 68.62  	 66.00  	 67.71  	 67.59  	 72.37  	 70.66  	 77.61  	 77.15  	 39.37
1994	   3	  30	   6	 36.45  	 73.31  	 69.45  	 67.18  	 65.70  	 69.79  	 71.38  	 71.27  	 78.09  	 75.70  	 38.82
1994	   4	  13	   6	 39.79  	 75.90  	 72.45  	 65.55  	 66.01  	 70.95  	 74.63  	 71.07  	 78.89  	 78.54  	 40.48
1994	   4	  27	   6	 31.84  	 60.99  	 62.96  	 65.15  	 66.19  	 72.19  	 74.39  	 70.92  	 77.62  	 78.54  	 39.91
1994	   5	  17	   6	 25.23  	 57.41  	 61.45  	 64.11  	 65.73  	 69.08  	 73.46  	 71.39  	 79.01  	 78.43  	 39.91
1994	   6	   1	   6	 19.66  	 41.81  	 54.07  	 58.59  	 64.02  	 69.58  	 72.35  	 72.12  	 78.72  	 78.95  	 40.05
1994	   6	  15	   6	 19.34  	 34.95  	 43.92  	 57.55  	 60.92  	 68.26  	 72.22  	 71.06  	 79.80  	 76.88  	 39.67
1994	   6	  28	   6	 31.13  	 41.30  	 35.37  	 51.78  	 60.62  	 65.86  	 70.63  	 73.07  	 77.96  	 79.47  	 40.32
1994	   7	  12	   6	 23.55  	 36.69  	 35.64  	 48.28  	 60.34  	 65.14  	 71.70  	 71.23  	 80.94  	 80.36  	 40.41
1994	   7	  27	   6	 26.75  	 47.48  	 37.30  	 50.03  	 56.97  	 62.98  	 68.65  	 70.39  	 79.87  	 76.87  	 39.42
1994	   8	  17	   6	 19.42  	 33.64  	 33.52  	 43.83  	 53.91  	 61.43  	 69.89  	 69.08  	 79.27  	 76.03  	 39.69
1994	   8	  31	   6	 34.39  	 32.76  	 33.68  	 42.38  	 53.39  	 60.81  	 68.00  	 68.34  	 76.34  	 78.31  	 40.08
1994	   9	  15	   6	 19.44  	 32.86  	 32.39  	 40.22  	 53.07  	 60.55  	 68.96  	 70.01  	 77.84  	 79.13  	 39.56
1994	   9	  28	   6	 24.61  	 29.82  	 30.28  	 38.16  	 51.01  	 60.74  	 67.57  	 68.50  	 76.60  	 76.14  	 39.34
1994	  10	  26	   6	 20.10  	 28.49  	 31.44  	 37.58  	 48.57  	 58.61  	 68.77  	 69.00  	 76.45  	 76.68  	 40.29
1994	  11	  30	   6	 35.58  	 71.80  	 69.41  	 67.25  	 66.45  	 58.26  	 68.05  	 66.91  	 76.13  	 76.01  	 38.46
1994	  12	  23	   6	 33.92  	 70.90  	 68.65  	 66.41  	 67.42  	 72.59  	 74.39  	 73.15  	 77.42  	 76.63  	 38.94
1995	   1	  27	   6	 92.57  	 68.77  	 66.62  	 64.13  	 66.39  	 72.50  	 75.89  	 74.64  	 74.64  	 78.26  	 39.41
1995	   2	  27	   6	 47.17  	 88.05  	 78.53  	 71.93  	 66.87  	 72.53  	 76.90  	 75.62  	 82.13  	 80.07  	 40.64
1995	   3	  10	   6	 49.27  	 82.47  	 68.50  	 65.84  	 66.88  	 69.54  	 74.62  	 72.89  	 78.31  	 79.01  	 39.33
1995	   3	  31	   6	 35.18  	 72.33  	 67.96  	 67.62  	 68.88  	 71.99  	 76.93  	 74.17  	 80.04  	 77.51  	 40.08
1995	   4	  12	   6	 42.37  	 75.09  	 72.23  	 68.23  	 69.38  	 71.66  	 78.17  	 78.97  	 86.06  	 83.20  	 41.14
1995	   4	  25	   6	 33.42  	 70.46  	 68.96  	 66.19  	 67.34  	 71.39  	 77.50  	 75.31  	 80.39  	 79.93  	 40.37
1995	   5	  16	   6	 43.37  	 71.81  	 73.56  	 69.70  	 70.49  	 74.97  	 81.56  	 79.54  	 84.99  	 83.49  	 41.92
1995	   5	  31	   6	 38.79  	 65.62  	 73.27  	 69.40  	 69.67  	 76.26  	 80.22  	 80.22  	 85.50  	 82.95  	 42.79
1995	   6	  20	   6	 23.50  	 53.91  	 60.28  	 63.40  	 65.37  	 69.66  	 76.60  	 74.64  	 82.63  	 79.38  	 39.87
1995	   6	  28	   6	 45.49  	 59.52  	 56.41  	 61.02  	 63.55  	 68.84  	 75.64  	 74.37  	 78.52  	 79.55  	 39.66
1995	   7	  12	   6	 24.13  	 66.13  	 66.47  	 67.29  	 67.64  	 72.89  	 78.49  	 75.45  	 83.50  	 81.63  	 41.05
1995	   8	   3	   6	 41.21  	 60.02  	 45.23  	 55.75  	 63.84  	 68.81  	 75.16  	 72.97  	 80.60  	 78.28  	 40.30
1995	   8	  14	   6	 25.35  	 42.08  	 44.40  	 54.96  	 63.78  	 69.70  	 74.80  	 71.90  	 81.30  	 78.17  	 40.30
1995	   8	  28	   6	 24.13  	 35.60  	 41.54  	 53.29  	 61.20  	 65.74  	 74.01  	 71.91  	 79.01  	 78.54  	 39.68
1995	   9	  18	   6	 21.45  	 29.01  	 33.96  	 47.08  	 59.17  	 65.51  	 71.03  	 71.38  	 78.40  	 77.59  	 39.37
1995	   9	  29	   6	 26.24  	 32.12  	 35.11  	 46.97  	 59.52  	 64.47  	 69.30  	 69.88  	 78.40  	 78.98  	 39.72
1995	  10	  31	   6	 39.93  	 43.76  	 34.07  	 42.80  	 55.55  	 62.62  	 72.22  	 69.52  	 79.38  	 80.17  	 41.44
1995	  11	  29	   6	 32.81  	 66.70  	 62.98  	 53.95  	 55.53  	 63.54  	 67.83  	 70.87  	 77.08  	 76.40  	 38.99
1996	   1	   3	   6	 30.86  	 63.27  	 64.84  	 60.05  	 57.09  	 62.75  	 70.85  	 70.06  	 79.64  	 80.77  	 40.60
1996	   1	  30	   6	 39.62  	 70.24  	 64.36  	 64.25  	 66.05  	 70.69  	 74.31  	 69.67  	 76.34  	 77.47  	 38.57
1996	   2	  27	   6	 47.41  	 85.23  	 80.44  	 74.62  	 74.53  	 75.49  	 81.49  	 74.88  	 78.36  	 79.92  	 39.96
1996	   3	  15	   6	 50.57  	 84.09  	 71.30  	 62.58  	 64.61  	 68.24  	 74.58  	 70.50  	 73.67  	 75.49  	 38.71
1996	   3	  26	   6	 36.43  	 71.13  	 75.11  	 69.13  	 67.14  	 69.74  	 76.41  	 72.25  	 79.87  	 79.53  	 40.54
1996	   4	  10	   6	 29.37  	 63.25  	 69.11  	 64.17  	 67.85  	 70.61  	 74.40  	 69.34  	 77.97  	 77.97  	 39.56
1996	   4	  27	   6	 33.43  	 54.84  	 71.66  	 67.13  	 69.40  	 72.45  	 78.03  	 71.93  	 79.16  	 79.51  	 40.32
1996	   5	  15	   6	 41.72  	 66.42  	 74.22  	 68.09  	 70.28  	 73.78  	 79.73  	 77.72  	 84.64  	 82.18  	 41.88
1996	   5	  28	   6	 47.67  	 76.62  	 80.05  	 75.30  	 74.68  	 77.14  	 83.12  	 80.66  	 89.28  	 86.29  	 42.71
1996	   6	  12	   6	 40.17  	 67.53  	 70.20  	 67.65  	 68.00  	 70.89  	 77.04  	 75.65  	 80.40  	 80.75  	 40.26
1996	   6	  27	   6	 26.19  	 41.43  	 64.83  	 63.16  	 65.18  	 72.13  	 78.81  	 75.65  	 83.74  	 81.10  	 41.74
1996	   7	  16	   6	 18.91  	 40.94  	 52.72  	 59.13  	 63.33  	 67.99  	 74.75  	 73.00  	 80.70  	 80.58  	 40.41
1996	   7	  30	   6	 31.30  	 31.14  	 49.52  	 59.42  	 61.34  	 68.17  	 74.65  	 74.22  	 81.22  	 81.05  	 40.61
1996	   8	  14	   6	 15.65  	 32.45  	 45.95  	 56.83  	 61.40  	 68.39  	 72.05  	 75.60  	 79.49  	 77.08  	 39.06
1996	   8	  28	   6	 27.62  	 37.21  	 43.74  	 55.65  	 61.83  	 70.44  	 72.09  	 75.40  	 80.97  	 78.36  	 39.92
1996	   9	  11	   6	 23.22  	 33.33  	 43.77  	 55.01  	 61.97  	 67.42  	 71.59  	 75.65  	 79.36  	 77.04  	 39.16
1996	  10	   1	   6	 26.38  	 31.45  	 37.05  	 51.40  	 58.49  	 66.45  	 69.43  	 74.50  	 80.63  	 79.05  	 40.05
1996	  10	  29	   6	 36.80  	 30.44  	 36.98  	 47.58  	 54.79  	 62.68  	 66.63  	 71.25  	 74.29  	 74.97  	 37.48
1996	  12	   3	   6	 42.67  	 71.42  	 69.21  	 64.19  	 61.81  	 66.06  	 69.13  	 73.81  	 77.64  	 78.15  	 39.46
1997	   1	   6	   6	 33.56  	 68.65  	 63.98  	 62.72  	 62.15  	 66.03  	 68.08  	 72.42  	 76.41  	 75.84  	 38.77
1997	   1	  29	   6	 45.52  	 72.08  	 61.94  	 61.68  	 62.11  	 67.35  	 69.68  	 72.68  	 78.53  	 76.90  	 39.14
1997	   2	  25	   6	 43.41  	 73.61  	 57.84  	 58.86  	 61.13  	 66.01  	 68.28  	 71.45  	 77.81  	 76.67  	 38.51
1997	   3	  11	   6	 33.46  	 74.13  	 72.06  	 71.20  	 69.30  	 66.63  	 70.25  	 75.34  	 80.51  	 79.05  	 40.69
1997	   3	  27	   6	 35.46  	 72.08  	 68.73  	 68.15  	 68.50  	 69.31  	 69.77  	 74.85  	 78.89  	 75.77  	 39.79
1997	   4	  14	   6	 49.08  	 82.35  	 77.29  	 71.36  	 71.71  	 76.60  	 77.20  	 74.71  	 80.98  	 78.23  	 39.46
1997	   4	  28	   6	 28.07  	 66.07  	 63.88  	 65.84  	 70.92  	 72.66  	 75.77  	 77.74  	 80.62  	 76.93  	 39.68
1997	   5	  12	   6	 19.12  	 63.17  	 64.05  	 64.75  	 67.71  	 74.87  	 76.17  	 79.58  	 82.37  	 81.23  	 40.44
1997	   5	  27	   6	 36.05  	 57.70  	 57.88  	 63.50  	 65.93  	 72.51  	 75.80  	 77.53  	 80.39  	 80.05  	 40.41
1997	   6	  11	   6	 27.07  	 67.17  	 64.75  	 62.24  	 65.87  	 70.03  	 73.84  	 76.17  	 82.66  	 80.41  	 40.08
1997	   6	  26	   6	 24.60  	 54.53  	 60.84  	 62.89  	 66.90  	 71.57  	 74.27  	 77.30  	 82.05  	 81.40  	 40.29
1997	   7	  14	   6	 20.49  	 38.18  	 51.93  	 58.52  	 63.03  	 69.73  	 70.66  	 76.20  	 80.94  	 80.02  	 39.78
1997	   7	  29	   6	 16.98  	 29.76  	 41.16  	 53.86  	 61.31  	 68.76  	 71.47  	 77.61  	 80.94  	 80.15  	 40.51
1997	   8	  13	   6	 33.67  	 32.85  	 35.92  	 50.18  	 60.42  	 68.90  	 71.97  	 76.34  	 81.33  	 79.67  	 40.62
1997	   8	  26	   6	 33.03  	 66.30  	 67.71  	 66.83  	 68.32  	 70.16  	 71.83  	 76.47  	 81.55  	 79.62  	 40.29
1997	   9	  11	   6	 28.93  	 66.55  	 64.83  	 66.20  	 69.53  	 76.08  	 73.67  	 77.34  	 80.55  	 78.49  	 39.53
1997	   9	  25	   6	 32.92  	 65.87  	 64.03  	 65.34  	 67.53  	 74.19  	 76.12  	 78.40  	 83.57  	 79.54  	 40.69
1997	  10	  28	   6	 36.80  	 68.92  	 55.44  	 59.40  	 63.03  	 70.39  	 70.73  	 74.81  	 77.19  	 76.28  	 38.82
1997	  11	  24	   6	 30.00  	 69.36  	 67.72  	 65.82  	 66.08  	 69.62  	 72.48  	 74.90  	 80.78  	 78.10  	 39.78
1997	  12	  30	   6	 38.42  	 67.76  	 63.44  	 63.12  	 66.25  	 71.43  	 70.99  	 72.72  	 74.66  	 72.72  	 36.95
1998	   1	  28	   6	 65.08  	 72.02  	 69.85  	 67.52  	 69.77  	 74.87  	 77.12  	 79.89  	 81.10  	 79.89  	 40.60
1998	   2	  24	   6	 36.31  	 71.20  	 67.55  	 66.19  	 69.83  	 75.53  	 74.73  	 70.86  	 79.97  	 78.03  	 38.96
1998	   3	  12	   6	 40.69  	 73.93  	 70.84  	 69.04  	 72.13  	 74.78  	 76.67  	 81.55  	 83.09  	 80.86  	 40.22
1998	   3	  31	   6	 43.26  	 77.24  	 71.45  	 70.20  	 71.68  	 76.45  	 77.81  	 79.96  	 81.78  	 78.03  	 39.81
1998	   4	  14	   6	 39.61  	 77.48  	 73.47  	 71.55  	 75.65  	 77.83  	 79.93  	 81.06  	 83.33  	 81.50  	 40.70
1998	   4	  29	   6	 37.82  	 70.80  	 66.09  	 66.43  	 68.84  	 74.58  	 74.24  	 78.72  	 80.67  	 78.95  	 39.76
1998	   5	  13	   6	 39.14  	 69.65  	 70.00  	 68.70  	 72.68  	 75.11  	 77.10  	 81.00  	 83.60  	 79.70  	 40.54
1998	   5	  26	   6	 38.63  	 67.40  	 63.16  	 64.31  	 67.40  	 74.94  	 73.80  	 77.34  	 79.06  	 78.49  	 39.76
1998	   6	  15	   6	 39.56  	 75.30  	 73.47  	 72.25  	 72.77  	 73.73  	 77.57  	 80.45  	 83.15  	 81.06  	 40.62
1998	   6	  30	   6	 31.13  	 64.76  	 64.07  	 65.45  	 70.66  	 74.70  	 76.43  	 78.28  	 81.98  	 78.17  	 39.60
1998	   7	  13	   6	 24.73  	 45.94  	 59.14  	 64.21  	 69.20  	 74.53  	 76.37  	 80.21  	 82.49  	 79.60  	 40.15
1998	   7	  29	   6	 18.32  	 29.21  	 41.30  	 53.16  	 60.09  	 67.45  	 69.32  	 72.72  	 75.58  	 74.92  	 37.08
1998	   8	  12	   6	 22.15  	 36.53  	 36.18  	 52.34  	 64.28  	 71.39  	 74.56  	 77.10  	 81.58  	 79.74  	 41.36
1998	   8	  31	   6	 25.09  	 31.81  	 33.63  	 47.22  	 61.86  	 69.13  	 71.47  	 75.46  	 80.22  	 79.09  	 39.94
1998	   9	  16	   6	 34.19  	 67.46  	 36.26  	 43.17  	 58.71  	 66.66  	 69.42  	 74.72  	 78.40  	 79.32  	 39.95
1998	   9	  28	   6	 24.75  	 59.98  	 39.95  	 43.29  	 58.48  	 67.97  	 71.22  	 75.70  	 80.79  	 80.00  	 40.44
1998	  10	  28	   6	 36.39  	 72.04  	 68.90  	 67.60  	 69.95  	 74.74  	 77.70  	 79.97  	 82.23  	 79.44  	 40.72
1998	  11	  30	   6	 30.80  	 46.62  	 50.43  	 49.65  	 51.90  	 58.29  	 64.43  	 68.15  	 72.04  	 81.90  	 42.81
1998	  12	   2	   6	 37.91  	 68.00  	 64.39  	 64.14  	 68.25  	 72.20  	 74.71  	 75.89  	 78.41  	 78.24  	 39.12
1999	   1	   5	   6	 34.53  	 67.78  	 67.70  	 68.73  	 68.90  	 74.24  	 75.79  	 79.15  	 79.24  	 80.27  	 40.44
1999	   1	  27	   6	 50.00  	 78.01  	 71.33  	 67.52  	 67.60  	 73.07  	 76.27  	 76.36  	 80.44  	 79.22  	 40.48
1999	   2	  25	   6	 41.36  	 68.47  	 67.36  	 65.03  	 67.36  	 73.24  	 73.80  	 75.69  	 77.91  	 77.02  	 38.51
1999	   3	  15	   6	 45.30  	 81.58  	 80.12  	 75.40  	 75.57  	 76.26  	 77.71  	 76.77  	 82.01  	 79.09  	 40.36
1999	   3	  29	   6	 29.60  	 66.86  	 67.19  	 65.62  	 67.08  	 73.82  	 74.05  	 76.18  	 79.56  	 76.52  	 38.54
1999	   4	  14	   6	 29.60  	 70.11  	 70.46  	 68.82  	 71.84  	 75.38  	 77.80  	 79.52  	 82.72  	 80.73  	 40.32
1999	   4	  30	   6	 29.43  	 69.59  	 68.58  	 66.00  	 69.70  	 74.42  	 74.76  	 77.11  	 79.25  	 76.89  	 38.84
1999	   5	  11	   6	 33.05  	 54.29  	 62.83  	 64.61  	 68.08  	 72.73  	 75.10  	 76.37  	 78.57  	 76.12  	 38.74
1999	   5	  26	   6	 23.96  	 66.50  	 68.17  	 68.26  	 70.37  	 75.65  	 78.11  	 78.38  	 83.92  	 80.05  	 40.99
1999	   6	  14	   6	 34.81  	 69.79  	 63.33  	 61.85  	 63.44  	 70.47  	 73.30  	 75.68  	 79.65  	 78.06  	 39.26
1999	   6	  29	   6	 34.98  	 53.46  	 56.98  	 61.06  	 64.35  	 69.22  	 72.73  	 74.55  	 79.65  	 75.68  	 38.63
1999	   7	  14	   6	 19.25  	 36.13  	 48.07  	 56.68  	 63.10  	 69.42  	 72.40  	 76.88  	 80.09  	 77.22  	 39.87
1999	   7	  28	   6	 22.39  	 37.80  	 34.02  	 49.84  	 61.77  	 67.96  	 71.41  	 75.08  	 78.86  	 78.29  	 39.03
1999	   8	  12	   6	 34.30  	 31.70  	 32.27  	 44.84  	 60.05  	 68.81  	 70.77  	 76.30  	 79.29  	 76.99  	 39.36
1999	   8	  30	   6	 15.90  	 24.59  	 29.65  	 40.11  	 54.32  	 65.65  	 71.93  	 73.15  	 79.42  	 77.77  	 40.58
1999	   9	  14	   6	 15.43  	 23.57  	 27.79  	 36.25  	 52.81  	 63.66  	 68.69  	 72.92  	 78.86  	 76.00  	 39.37
1999	   9	  28	   6	 39.93  	 71.74  	 42.02  	 33.40  	 47.62  	 61.66  	 70.02  	 69.68  	 77.35  	 79.76  	 40.40
1999	  10	  27	   6	 20.96  	 51.39  	 52.77  	 44.52  	 52.42  	 64.45  	 68.35  	 73.16  	 77.28  	 76.60  	 39.73
1999	  11	  29	   6	 21.59  	 31.63  	 42.35  	 44.59  	 48.91  	 61.96  	 70.69  	 70.00  	 78.72  	 77.00  	 40.53
1999	  12	  27	   6	 36.64  	 63.51  	 56.71  	 45.43  	 51.67  	 60.88  	 64.71  	 69.53  	 75.12  	 74.57  	 37.45
2000	   1	  31	   6	 38.49  	 63.30  	 62.88  	 60.70  	 51.64  	 62.05  	 68.42  	 68.51  	 77.40  	 75.47  	 38.87
2000	   2	  29	   6	 34.95  	 68.35  	 67.20  	 67.09  	 71.78  	 74.31  	 76.94  	 77.63  	 81.06  	 77.86  	 40.07
2000	   3	  13	   6	 26.15  	 64.35  	 67.48  	 67.31  	 68.09  	 73.83  	 78.09  	 78.18  	 81.57  	 78.79  	 41.05
2000	   3	  29	   6	 33.31  	 66.57  	 68.93  	 66.57  	 68.76  	 74.89  	 78.57  	 77.52  	 82.69  	 79.45  	 41.21
2000	   4	  12	   6	 31.81  	 60.18  	 65.22  	 65.48  	 67.13  	 72.27  	 75.31  	 73.92  	 80.27  	 79.14  	 40.79
2000	   4	  26	   6	 28.35  	 68.08  	 65.79  	 65.79  	 70.83  	 74.50  	 75.53  	 75.19  	 78.40  	 77.94  	 38.97
2000	   5	  15	   6	 25.54  	 48.30  	 56.90  	 63.14  	 66.91  	 73.68  	 77.28  	 76.40  	 82.20  	 80.44  	 40.92
2000	   5	  30	   6	 31.02  	 40.03  	 50.25  	 59.43  	 65.29  	 71.48  	 73.21  	 75.04  	 78.37  	 76.88  	 39.65
2000	   6	  13	   6	 39.74  	 71.97  	 56.76  	 59.62  	 64.19  	 70.03  	 72.88  	 75.97  	 78.72  	 77.46  	 38.73
2000	   6	  29	   6	 36.63  	 69.87  	 69.52  	 70.14  	 71.54  	 76.29  	 80.59  	 79.54  	 83.49  	 82.97  	 40.96
2000	   7	  13	   6	 36.94  	 71.68  	 70.89  	 69.58  	 72.30  	 78.35  	 80.37  	 81.60  	 83.71  	 82.04  	 41.37
2000	   7	  27	   6	 23.88  	 41.49  	 59.51  	 63.49  	 68.17  	 74.35  	 83.01  	 76.92  	 83.01  	 81.60  	 41.42
2000	   8	  15	   6	 20.98  	 29.89  	 38.20  	 53.60  	 64.48  	 73.24  	 76.96  	 78.11  	 83.86  	 79.61  	 41.13
2000	   8	  29	   6	 18.94  	 25.96  	 33.22  	 42.44  	 58.66  	 70.00  	 75.76  	 75.32  	 82.49  	 82.05  	 40.63
2000	   9	  13	   6	 22.98  	 26.99  	 30.13  	 35.72  	 55.50  	 66.67  	 72.49  	 74.24  	 80.06  	 79.01  	 40.09
2000	   9	  28	   6	 34.73  	 69.84  	 67.82  	 44.27  	 53.11  	 65.55  	 72.20  	 73.78  	 80.52  	 79.47  	 40.13
2000	  10	  30	   6	 20.77  	 53.54  	 59.46  	 56.28  	 55.31  	 66.70  	 71.64  	 73.58  	 80.47  	 80.82  	 40.54
2000	  11	  29	   6	 39.16  	 60.65  	 55.62  	 53.33  	 57.45  	 66.59  	 70.03  	 71.17  	 78.72  	 77.80  	 38.84
2000	  12	  27	   6	 38.53  	 60.24  	 58.87  	 56.14  	 54.26  	 65.11  	 70.41  	 70.41  	 77.59  	 78.44  	 39.48
2001	   1	  30	   6	 62.35  	 64.00  	 61.08  	 61.19  	 60.40  	 64.23  	 69.18  	 70.42  	 78.18  	 76.72  	 38.53
2001	   2	  27	   6	 43.92  	 78.68  	 66.72  	 63.97  	 65.09  	 68.70  	 73.35  	 73.17  	 80.92  	 79.02  	 41.06
2001	   3	  14	   6	 42.66  	 72.28  	 67.29  	 64.91  	 64.46  	 67.41  	 71.37  	 75.12  	 78.40  	 77.95  	 38.92
2001	   3	  28	   6	 34.38  	 68.35  	 65.51  	 65.28  	 69.83  	 73.35  	 76.07  	 75.96  	 79.25  	 78.57  	 38.89
2001	   4	  11	   6	 48.46  	 80.27  	 77.75  	 71.57  	 71.05  	 75.92  	 78.09  	 78.36  	 82.01  	 80.70  	 40.74
2001	   4	  25	   6	 30.66  	 68.04  	 67.36  	 65.42  	 68.62  	 71.47  	 74.66  	 76.03  	 81.06  	 78.20  	 39.44
2001	   5	  15	   6	 37.39  	 72.38  	 70.63  	 69.12  	 73.31  	 75.52  	 81.22  	 81.34  	 83.43  	 81.92  	 40.67
2001	   5	  31	   6	 42.25  	 79.93  	 73.37  	 71.44  	 70.65  	 75.73  	 78.18  	 77.13  	 82.64  	 80.45  	 40.93
2001	   6	  13	   6	 26.54  	 70.67  	 66.24  	 68.34  	 69.27  	 74.87  	 75.45  	 78.84  	 81.63  	 78.25  	 40.47
2001	   6	  27	   6	 25.47  	 70.20  	 70.91  	 68.35  	 69.32  	 76.12  	 77.89  	 76.74  	 83.10  	 82.75  	 41.11
2001	   7	  12	   6	 19.85  	 67.11  	 64.44  	 64.21  	 67.80  	 72.55  	 74.06  	 75.33  	 80.08  	 77.88  	 39.87
2001	   7	  30	   6	 20.22  	 67.23  	 69.44  	 67.58  	 68.11  	 72.36  	 76.25  	 76.07  	 80.59  	 80.06  	 41.35
2001	   8	  13	   6	 17.10  	 53.93  	 58.92  	 62.76  	 66.25  	 70.20  	 71.95  	 74.15  	 80.20  	 77.64  	 39.52
2001	   8	  29	   6	 16.75  	 49.13  	 53.55  	 56.96  	 60.70  	 67.59  	 71.76  	 70.83  	 76.96  	 75.34  	 39.29
2001	   9	  12	   6	 22.35  	 52.78  	 53.02  	 57.70  	 62.14  	 68.81  	 71.26  	 73.95  	 78.28  	 77.11  	 39.84
2001	   9	  26	   6	 26.99  	 65.41  	 63.65  	 58.20  	 60.48  	 66.65  	 72.46  	 72.63  	 81.35  	 79.94  	 40.72
2001	  10	  31	   6	 32.63  	 67.23  	 66.07  	 66.07  	 62.61  	 65.96  	 68.84  	 71.85  	 77.27  	 76.81  	 39.79
2001	  11	  29	   6	 32.26  	 65.55  	 65.64  	 62.66  	 63.80  	 66.95  	 70.63  	 70.19  	 78.95  	 79.12  	 40.52
2001	  12	  26	   6	 33.22  	 67.39  	 69.36  	 68.50  	 64.90  	 65.76  	 69.44  	 68.84  	 77.24  	 77.33  	 39.18
2002	   1	  29	   6	 32.52  	 67.51  	 64.29  	 65.10  	 64.87  	 66.93  	 68.54  	 70.95  	 77.37  	 75.30  	 38.97
2002	   2	  27	   6	 37.33  	 69.40  	 71.23  	 68.53  	 70.53  	 74.98  	 78.29  	 76.98  	 83.52  	 79.68  	 40.32
2002	   3	  14	   6	 35.67  	 72.29  	 71.85  	 68.67  	 71.05  	 75.99  	 80.14  	 80.49  	 82.70  	 81.29  	 40.42
2002	   3	  27	   6	 29.30  	 66.98  	 69.86  	 67.16  	 67.94  	 73.18  	 77.29  	 76.24  	 82.52  	 79.90  	 40.56
2002	   4	  11	   6	 33.42  	 70.16  	 69.93  	 67.38  	 71.55  	 75.61  	 77.47  	 79.10  	 80.26  	 79.44  	 38.62
2002	   4	  29	   6	 31.26  	 69.40  	 71.32  	 69.75  	 71.15  	 75.86  	 77.61  	 76.65  	 81.02  	 80.15  	 40.86
2002	   5	  14	   6	 36.02  	 71.39  	 69.42  	 68.38  	 72.09  	 76.37  	 77.65  	 80.08  	 84.02  	 83.21  	 40.44
2002	   5	  29	   6	 32.63  	 71.13  	 71.01  	 66.49  	 71.24  	 74.25  	 78.31  	 80.63  	 81.79  	 80.98  	 40.61
2002	   6	  13	   6	 39.89  	 75.02  	 74.94  	 71.47  	 73.38  	 77.45  	 81.43  	 80.22  	 84.38  	 81.43  	 41.24
2002	   6	  27	   6	 22.16  	 60.11  	 64.42  	 64.65  	 69.20  	 74.44  	 77.93  	 77.93  	 80.73  	 79.10  	 40.48
2002	   7	  11	   6	 21.16  	 31.52  	 45.01  	 60.52  	 66.13  	 72.35  	 76.47  	 75.42  	 83.04  	 80.59  	 41.30
2002	   7	  30	   6	 23.06  	 33.02  	 35.22  	 44.82  	 58.59  	 70.16  	 73.74  	 74.21  	 80.22  	 76.64  	 39.30
2002	   8	  14	   6	 14.87  	 26.26  	 35.00  	 43.83  	 57.34  	 67.41  	 72.70  	 73.23  	 80.29  	 79.76  	 41.43
2002	   8	  28	   6	 24.17  	 70.32  	 64.74  	 64.62  	 65.55  	 68.81  	 69.97  	 72.76  	 76.95  	 76.48  	 39.64
2002	   9	  13	   6	 18.48  	 60.95  	 60.25  	 62.22  	 62.45  	 68.81  	 69.38  	 73.31  	 75.28  	 76.78  	 39.60
2002	   9	  26	   6	 18.88  	 58.11  	 58.46  	 61.25  	 63.81  	 68.34  	 69.62  	 73.22  	 77.99  	 76.02  	 40.04
2002	  10	  30	   6	 40.57  	 61.80  	 57.30  	 57.53  	 61.34  	 65.96  	 68.73  	 72.31  	 74.96  	 76.00  	 38.64
2002	  11	  26	   6	 25.86  	 57.64  	 60.80  	 58.87  	 60.80  	 65.28  	 70.89  	 71.77  	 78.70  	 78.18  	 40.45
2002	  12	  31	   6	 31.07  	 64.02  	 60.32  	 58.82  	 61.13  	 63.91  	 69.23  	 71.78  	 76.87  	 76.29  	 38.90
2003	   1	  29	   6	 30.65  	 57.86  	 59.08  	 57.07  	 59.26  	 66.98  	 70.83  	 69.78  	 77.94  	 77.24  	 40.33
2003	   2	  26	   6	 42.62  	 68.81  	 54.41  	 56.81  	 60.58  	 64.69  	 67.78  	 68.81  	 74.52  	 75.77  	 38.46
2003	   3	  13	   6	 40.43  	 78.81  	 60.61  	 57.62  	 60.43  	 65.36  	 70.37  	 69.23  	 78.29  	 77.14  	 40.51
2003	   3	  27	   6	 35.16  	 67.65  	 63.04  	 58.66  	 60.05  	 66.04  	 68.58  	 71.80  	 76.07  	 75.38  	 38.67
2003	   4	  14	   6	 24.40  	 65.31  	 67.87  	 66.19  	 62.30  	 66.64  	 71.94  	 72.12  	 77.69  	 77.87  	 40.44
2003	   4	  15	   6	 24.29  	 65.37  	 77.95  	 74.11  	 69.74  	 63.23  	 57.70  	 61.00  	 60.02  	 58.95  	 30.63
2003	   4	  29	   6	 34.67  	 68.57  	 67.64  	 64.73  	 64.14  	 66.71  	 69.04  	 71.26  	 76.85  	 77.09  	 39.13
2003	   5	  13	   6	 35.83  	 70.86  	 68.88  	 67.38  	 71.78  	 73.53  	 78.28  	 81.42  	 81.76  	 79.21  	 39.90
2003	   5	  28	   6	 19.46  	 57.70  	 62.67  	 64.67  	 66.67  	 72.85  	 77.03  	 77.55  	 82.16  	 80.07  	 40.25
2003	   6	  11	   6	 38.93  	 62.64  	 61.85  	 61.85  	 63.95  	 71.12  	 77.50  	 74.44  	 80.56  	 80.13  	 40.85
2003	   6	  25	   6	 16.54  	 53.50  	 55.14  	 58.18  	 64.75  	 71.42  	 74.71  	 77.05  	 80.57  	 78.10  	 39.87
2003	   7	  14	   6	 20.60  	 58.19  	 56.41  	 56.95  	 61.92  	 70.98  	 75.51  	 74.80  	 80.66  	 79.77  	 41.17
2003	   7	  30	   6	 19.16  	 42.93  	 49.88  	 51.99  	 57.18  	 67.38  	 73.19  	 73.19  	 80.57  	 80.49  	 41.25
2003	   8	  13	   6	 14.19  	 38.31  	 46.08  	 50.41  	 57.21  	 66.31  	 73.47  	 71.35  	 79.30  	 80.10  	 40.58
2003	   8	  28	   6	 12.33  	 40.23  	 43.34  	 49.33  	 57.51  	 64.43  	 67.77  	 71.92  	 78.83  	 75.72  	 39.13
2003	   9	  15	   6	 31.45  	 62.71  	 63.42  	 49.97  	 54.40  	 63.95  	 70.50  	 69.79  	 79.17  	 77.49  	 39.81
2003	   9	  29	   6	 28.85  	 66.94  	 60.53  	 54.13  	 57.22  	 63.85  	 65.79  	 70.60  	 74.83  	 74.71  	 38.21
2003	  10	  29	   6	 23.78  	 56.10  	 60.66  	 58.47  	 55.93  	 63.29  	 69.52  	 69.17  	 77.85  	 78.02  	 39.98
2003	  11	  24	   6	 32.79  	 65.37  	 69.40  	 67.47  	 69.05  	 68.96  	 71.06  	 69.31  	 77.46  	 78.33  	 40.30
2003	  12	  29	   6	 36.20  	 71.41  	 70.01  	 68.18  	 69.31  	 73.94  	 77.44  	 75.43  	 81.37  	 81.46  	 40.77
2004	   1	  28	   6	 36.41  	 64.32  	 62.61  	 63.18  	 67.51  	 73.44  	 75.84  	 75.15  	 79.37  	 75.95  	 39.86
2004	   2	  25	   6	 41.97  	 86.34  	 73.81  	 70.06  	 71.02  	 72.94  	 75.64  	 76.59  	 80.95  	 77.46  	 41.04
2004	   3	  11	   6	 31.55  	 68.29  	 68.73  	 68.64  	 71.69  	 76.83  	 78.31  	 79.88  	 81.71  	 78.49  	 40.81
2004	   3	  30	   6	 36.67  	 70.59  	 66.94  	 68.65  	 71.39  	 74.01  	 76.18  	 80.40  	 79.60  	 76.29  	 38.83
2004	   4	  14	   6	 19.48  	 64.01  	 63.66  	 65.28  	 69.31  	 72.30  	 73.91  	 77.48  	 78.86  	 76.33  	 38.80
2004	   4	  28	   6	 28.93  	 61.96  	 60.56  	 63.54  	 66.71  	 73.12  	 75.50  	 77.52  	 81.12  	 81.03  	 39.77
2004	   5	  11	   6	 24.44  	 55.16  	 54.58  	 58.50  	 63.12  	 69.81  	 71.77  	 75.57  	 78.92  	 77.30  	 39.63
2004	   5	  26	   6	 34.18  	 56.79  	 50.80  	 70.34  	 61.89  	 69.46  	 73.95  	 75.71  	 82.14  	 80.64  	 40.58
2004	   6	  14	   6	 34.88  	 42.96  	 45.85  	 54.08  	 59.53  	 65.56  	 69.27  	 74.83  	 79.12  	 78.43  	 39.97
2004	   6	  29	   6	 19.67  	 39.01  	 41.31  	 51.00  	 54.00  	 64.85  	 67.04  	 74.42  	 77.88  	 76.15  	 38.31
