# Station Name: De Kalb
# Station Code: DEK
# Station Latitude: 41.850000
# Station Longitude: 88.850000
# Station Altitude: 265.000000
Year	  MO	  DY	 Sta	 0-10cm 	 10-30  	 30-50  	 50-70  	 70-90  	 90-110 	 110-130	 130-150	 150-170	 170-190	 190-200
1981	   5	  21	   5	 25.01  	 62.43  	 72.41  	 68.23  	 69.59  	 64.53  	 59.85  	 60.87  	 51.03  	 47.78  	 23.89
1981	   6	  15	   5	 36.81  	 62.83  	 71.77  	 70.11  	 67.74  	 62.72  	 58.47  	 58.11  	 51.16  	 47.09  	 23.54
1981	   7	   9	   5	 23.73  	 65.42  	 67.02  	 63.56  	 63.82  	 59.71  	 55.74  	 56.73  	 50.58  	 47.79  	 23.90
1981	   7	  29	   5	 31.22  	 64.77  	 62.41  	 61.27  	 60.68  	 53.80  	 49.69  	 53.03  	 47.74  	 46.23  	 23.12
1981	   8	  13	   5	 23.69  	 63.86  	 64.79  	 62.05  	 58.76  	 54.29  	 48.11  	 52.38  	 48.36  	 48.08  	 24.04
1981	   8	  27	   5	 22.88  	 61.90  	 65.37  	 61.78  	 60.38  	 53.29  	 45.94  	 50.97  	 47.60  	 44.31  	 22.16
1981	   9	  17	   5	 20.56  	 62.64  	 63.23  	 60.38  	 55.69  	 52.85  	 45.46  	 50.51  	 46.68  	 44.89  	 22.44
1981	   9	  30	   5	 33.46  	 70.55  	 68.52  	 64.43  	 62.89  	 55.41  	 48.89  	 53.18  	 49.00  	 46.15  	 23.08
1981	  10	  16	   5	 40.09  	 63.63  	 67.42  	 61.70  	 58.76  	 53.96  	 48.01  	 54.79  	 52.55  	 49.78  	 24.89
1981	  10	  30	   5	 30.34  	 64.98  	 67.92  	 64.13  	 61.12  	 53.70  	 49.13  	 53.62  	 48.06  	 47.25  	 23.62
1981	  11	  18	   5	 33.65  	 63.07  	 67.55  	 63.13  	 60.25  	 54.30  	 57.39  	 56.22  	 55.46  	 54.17  	 27.08
1981	  12	   2	   5	 35.04  	 67.74  	 67.53  	 64.28  	 63.30  	 55.26  	 56.72  	 54.59  	 48.12  	 46.61  	 23.31
1981	  12	  31	   5	 35.48  	 69.28  	 61.18  	 61.63  	 59.76  	 52.87  	 48.52  	 52.52  	 51.45  	 50.71  	 25.36
1982	   1	  28	   5	 29.90  	 63.21  	 60.58  	 59.50  	 53.14  	 48.37  	 45.39  	 47.43  	 43.69  	 41.64  	 20.82
1982	   2	  26	   5	 53.69  	 52.59  	 49.99  	 49.23  	 50.16  	 44.12  	 44.96  	 43.03  	 38.99  	 40.65  	 20.32
1982	   3	  17	   5	 43.87  	 79.43  	 67.35  	 60.79  	 69.63  	 59.71  	 56.53  	 56.46  	 50.01  	 46.21  	 23.11
1982	   3	  31	   5	 30.36  	 70.77  	 71.53  	 70.50  	 68.01  	 57.95  	 55.82  	 53.33  	 47.46  	 46.39  	 23.20
1982	   4	  15	   5	 34.76  	 58.31  	 57.88  	 55.62  	 54.14  	 45.44  	 44.96  	 42.39  	 38.13  	 37.85  	 18.92
1982	   4	  29	   5	 31.25  	 67.17  	 64.52  	 65.11  	 68.50  	 55.01  	 53.07  	 51.73  	 47.19  	 45.42  	 22.71
1982	   5	  14	   5	 18.84  	 54.67  	 64.06  	 64.61  	 62.70  	 57.50  	 57.15  	 53.39  	 49.55  	 46.94  	 23.47
1982	   5	  28	   5	 39.84  	 66.23  	 67.16  	 64.34  	 62.63  	 55.33  	 56.98  	 52.70  	 47.63  	 46.34  	 23.17
1982	   6	  16	   5	 29.22  	 64.05  	 68.80  	 64.85  	 63.89  	 57.10  	 58.39  	 54.84  	 49.66  	 48.13  	 24.07
1982	   7	   1	   5	 35.26  	 62.71  	 66.75  	 64.17  	 62.20  	 56.38  	 54.65  	 52.12  	 46.58  	 46.30  	 23.15
1982	   7	  15	   5	 23.50  	 57.31  	 61.86  	 58.97  	 59.43  	 50.84  	 49.10  	 45.34  	 42.38  	 41.43  	 20.72
1982	   7	  28	   5	 32.42  	 61.87  	 71.63  	 69.90  	 71.40  	 57.78  	 57.35  	 53.70  	 47.73  	 47.58  	 23.79
1982	   8	  12	   5	 27.90  	 56.49  	 67.84  	 64.53  	 65.09  	 58.85  	 56.05  	 53.94  	 47.67  	 46.46  	 23.23
1982	   9	   3	   5	 26.86  	 59.14  	 64.48  	 63.06  	 61.98  	 54.39  	 48.63  	 53.52  	 49.68  	 47.73  	 23.87
1982	   9	  16	   5	 21.33  	 54.41  	 61.70  	 58.72  	 58.60  	 52.60  	 46.56  	 50.41  	 47.65  	 46.71  	 23.35
1982	  10	   1	   5	 19.85  	 55.32  	 62.08  	 58.86  	 56.49  	 50.51  	 46.89  	 51.24  	 46.65  	 44.22  	 22.11
1982	  10	  29	   5	 28.94  	 60.95  	 67.02  	 62.20  	 61.96  	 54.94  	 49.85  	 53.46  	 49.68  	 46.98  	 23.49
1982	  12	   3	   5	 44.17  	 69.16  	 74.75  	 70.50  	 70.03  	 57.71  	 58.05  	 54.90  	 50.51  	 47.09  	 23.55
1982	  12	  15	   5	 48.65  	 70.11  	 71.89  	 69.73  	 68.54  	 57.70  	 56.73  	 52.32  	 48.85  	 46.46  	 23.23
1982	  12	  30	   5	 34.43  	 63.81  	 71.41  	 67.52  	 66.39  	 60.40  	 56.97  	 55.56  	 49.54  	 45.72  	 22.86
1983	   1	  28	   5	 35.35  	 74.90  	 65.72  	 64.87  	 65.71  	 65.95  	 60.72  	 57.53  	 49.09  	 49.41  	 24.70
1983	   2	  25	   5	 37.92  	 60.53  	 67.63  	 66.69  	 66.06  	 63.77  	 58.09  	 54.74  	 49.83  	 47.22  	 23.61
1983	   3	  18	   5	 44.48  	 67.27  	 66.85  	 65.31  	 66.55  	 63.96  	 63.32  	 55.83  	 49.74  	 47.50  	 23.75
1983	   3	  31	   5	 41.58  	 65.66  	 74.59  	 69.89  	 68.17  	 64.43  	 57.81  	 55.37  	 50.40  	 47.67  	 23.84
1983	   4	  15	   5	 44.25  	 68.04  	 71.79  	 70.82  	 69.24  	 64.17  	 57.88  	 55.17  	 49.79  	 46.86  	 23.43
1983	   4	  28	   5	 31.53  	 53.11  	 69.03  	 67.69  	 68.70  	 63.71  	 56.92  	 53.85  	 49.48  	 46.57  	 23.29
1983	   5	  18	   5	 33.40  	 56.15  	 70.94  	 71.02  	 69.40  	 66.36  	 59.58  	 56.48  	 49.78  	 49.35  	 24.67
1983	   6	   3	   5	 35.37  	 55.99  	 71.53  	 70.56  	 69.94  	 63.06  	 55.83  	 53.60  	 50.84  	 46.44  	 23.22
1983	   6	  16	   5	 31.80  	 47.35  	 65.54  	 63.27  	 64.94  	 60.29  	 55.36  	 53.35  	 48.35  	 46.14  	 23.07
1983	   6	  30	   5	 39.29  	 59.71  	 67.94  	 64.12  	 64.21  	 62.08  	 56.32  	 54.43  	 49.41  	 48.26  	 24.13
1983	   7	  14	   5	 25.27  	 43.55  	 69.24  	 67.24  	 69.09  	 62.13  	 56.38  	 54.60  	 50.65  	 46.79  	 23.39
1983	   8	  18	   5	 21.53  	 51.80  	 64.01  	 63.32  	 60.44  	 60.52  	 47.54  	 53.65  	 48.76  	 46.58  	 23.29
1983	   9	   1	   5	 26.80  	 54.65  	 64.21  	 61.46  	 61.55  	 60.32  	 44.70  	 50.50  	 49.43  	 46.00  	 23.00
1983	   9	  15	   5	 24.71  	 51.62  	 64.72  	 61.05  	 59.92  	 58.14  	 45.09  	 50.15  	 47.74  	 45.65  	 22.83
1983	   9	  30	   5	 28.10  	 56.93  	 66.09  	 65.21  	 63.28  	 60.81  	 45.91  	 51.10  	 50.72  	 46.59  	 23.29
1983	  10	  28	   5	 30.20  	 59.58  	 68.94  	 66.51  	 63.86  	 63.92  	 47.57  	 52.56  	 50.33  	 47.60  	 23.80
1983	  12	   2	   5	 31.44  	 61.15  	 70.86  	 70.98  	 66.87  	 67.07  	 60.09  	 56.10  	 52.03  	 48.08  	 24.04
1984	   1	   1	   5	 17.89  	 67.94  	 61.29  	 62.96  	 62.81  	 64.78  	 56.47  	 56.87  	 49.63  	 46.20  	 23.10
1984	   2	   1	   5	 23.40  	 69.71  	 60.27  	 60.08  	 59.85  	 62.32  	 48.29  	 54.20  	 50.26  	 45.72  	 22.86
1984	   3	   1	   5	 28.31  	 65.11  	 70.00  	 77.00  	 80.88  	 71.90  	 58.25  	 54.05  	 49.86  	 46.74  	 23.37
1984	   3	  15	   5	 41.55  	 43.76  	 40.36  	 41.71  	 44.92  	 42.62  	 34.40  	 32.47  	 28.76  	 26.38  	 13.19
1984	   3	  29	   5	 41.26  	 66.83  	 69.96  	 74.82  	 65.47  	 64.13  	 58.33  	 53.07  	 49.18  	 45.81  	 22.90
1984	   4	  16	   5	 37.85  	 56.03  	 66.59  	 65.66  	 63.16  	 62.56  	 54.92  	 52.04  	 47.64  	 43.55  	 21.78
1984	   4	  27	   5	 32.66  	 58.96  	 73.07  	 71.96  	 71.04  	 68.68  	 62.06  	 58.20  	 51.83  	 48.47  	 24.24
1984	   5	  15	   5	 24.67  	 52.08  	 68.23  	 68.54  	 66.76  	 68.64  	 57.88  	 56.36  	 50.47  	 48.67  	 24.34
1984	   5	  31	   5	 32.85  	 54.18  	 70.72  	 69.17  	 87.59  	 72.34  	 61.55  	 57.41  	 51.09  	 48.89  	 24.45
1984	   6	  13	   5	 27.83  	 53.68  	 82.25  	 85.76  	 88.19  	 85.43  	 75.88  	 72.44  	 48.90  	 49.56  	 34.35
1984	   6	  29	   5	 28.52  	 45.17  	 59.09  	 62.89  	 63.09  	 63.59  	 56.93  	 54.55  	 49.70  	 45.87  	 22.93
1984	   7	  16	   5	 20.89  	 27.80  	 62.28  	 62.13  	 61.50  	 61.15  	 47.82  	 54.98  	 50.02  	 45.46  	 22.73
1984	   7	  31	   5	 20.06  	 31.23  	 52.17  	 57.72  	 59.36  	 57.64  	 43.24  	 52.03  	 48.72  	 46.41  	 23.20
1984	   8	  15	   5	 13.46  	 12.41  	 51.91  	 56.16  	 57.57  	 56.66  	 43.43  	 48.92  	 47.23  	 45.53  	 22.77
1984	   8	  31	   5	 20.87  	 24.65  	 58.64  	 55.61  	 55.25  	 58.35  	 45.02  	 47.45  	 46.39  	 44.99  	 22.49
1984	   9	  17	   5	 27.03  	 40.30  	 61.85  	 59.51  	 58.93  	 58.01  	 45.27  	 48.73  	 49.50  	 45.64  	 22.82
1984	   9	  28	   5	 35.43  	 40.16  	 63.74  	 63.31  	 58.58  	 58.67  	 45.16  	 52.98  	 48.83  	 49.59  	 24.80
1984	  10	  24	   5	 37.81  	 64.51  	 73.75  	 72.54  	 69.89  	 62.01  	 53.76  	 53.76  	 53.98  	 53.91  	 25.14
1984	  10	  31	   5	 43.97  	 65.20  	 66.91  	 63.70  	 62.20  	 59.26  	 48.41  	 53.25  	 53.53  	 48.13  	 23.45
1984	  11	  15	   5	 37.42  	 64.59  	 73.77  	 71.38  	 73.69  	 69.74  	 64.06  	 64.89  	 57.65  	 52.20  	 25.16
1984	  11	  30	   5	 40.03  	 64.01  	 71.23  	 70.51  	 74.99  	 69.36  	 62.49  	 62.56  	 56.42  	 51.94  	 24.85
1985	   1	   2	   5	 47.13  	 73.06  	 78.60  	 81.00  	 78.98  	 72.16  	 66.69  	 65.34  	 58.44  	 58.22  	 25.96
1985	   1	  31	   5	 47.92  	 65.08  	 71.11  	 72.97  	 73.49  	 73.64  	 65.31  	 66.50  	 59.65  	 54.00  	 26.00
1985	   2	  28	   5	 37.26  	 92.54  	 83.99  	 80.40  	 78.64  	 75.74  	 66.11  	 65.96  	 60.31  	 54.58  	 27.21
1985	   3	  15	   5	 48.46  	 86.40  	 84.65  	 80.68  	 80.15  	 73.60  	 65.68  	 66.21  	 59.66  	 53.80  	 26.14
1985	   3	  29	   5	 40.07  	 80.21  	 83.72  	 81.20  	 79.68  	 73.35  	 66.57  	 66.57  	 59.94  	 54.60  	 26.46
1985	   4	  15	   5	 35.58  	 74.82  	 83.01  	 80.93  	 80.54  	 74.43  	 68.48  	 67.09  	 60.05  	 55.57  	 27.09
1985	   4	  30	   5	 28.07  	 65.08  	 75.90  	 74.05  	 74.59  	 74.20  	 68.09  	 68.09  	 60.44  	 54.17  	 27.36
1985	   5	  15	   5	 34.16  	 67.31  	 72.02  	 72.33  	 72.10  	 68.93  	 66.85  	 68.01  	 58.98  	 55.74  	 26.64
1985	   5	  31	   5	 21.86  	 44.73  	 68.22  	 70.94  	 71.02  	 68.06  	 63.01  	 67.59  	 60.98  	 55.38  	 27.26
1985	   6	  14	   5	 28.62  	 47.41  	 66.72  	 69.43  	 69.12  	 66.57  	 57.14  	 65.49  	 59.31  	 55.83  	 27.03
1985	   6	  28	   5	 43.81  	 73.14  	 78.87  	 76.00  	 71.35  	 66.86  	 65.47  	 67.48  	 60.43  	 54.62  	 26.77
1985	   7	  15	   5	 36.92  	 60.45  	 70.92  	 70.85  	 68.91  	 66.35  	 57.27  	 67.20  	 59.83  	 54.94  	 27.04
1985	   7	  31	   5	 43.33  	 68.18  	 73.49  	 68.25  	 66.89  	 64.92  	 54.98  	 63.17  	 57.48  	 53.39  	 26.05
1985	   8	  16	   5	 36.85  	 67.42  	 69.51  	 67.50  	 68.73  	 64.02  	 55.99  	 59.15  	 58.38  	 55.52  	 26.41
1985	   8	  30	   5	 36.05  	 65.33  	 69.27  	 68.89  	 66.88  	 63.79  	 53.82  	 57.61  	 57.14  	 54.83  	 27.37
1985	   9	  16	   5	 18.59  	 54.15  	 67.86  	 67.70  	 66.77  	 62.80  	 55.01  	 57.97  	 57.03  	 54.70  	 27.31
1985	   9	  30	   5	 30.56  	 53.21  	 66.43  	 67.20  	 66.12  	 61.36  	 52.82  	 56.90  	 55.13  	 54.59  	 26.60
1985	  10	  15	   5	 31.24 -	999.99 -	999.99 -	999.99 -	999.99 -	999.99 -	999.99 -	999.99 -	999.99 -	999.99 -	999.99
1985	  11	   1	   5	 41.98  	 71.50  	 77.67  	 76.13  	 73.66  	 67.11  	 55.23  	 64.41  	 59.40  	 56.39  	 26.46
1985	  12	   2	   5	 31.40  	 81.98  	 83.28  	 82.51  	 79.68  	 72.80  	 66.68  	 66.83  	 59.56  	 54.44  	 26.15
1986	   1	   2	   5	 40.11  	 80.15  	 70.65  	 71.39  	 73.19  	 71.69  	 64.06  	 66.08  	 59.13  	 53.22  	 26.05
1986	   1	  31	   5	 42.65  	 86.00  	 70.98  	 70.00  	 71.29  	 70.60  	 65.52  	 65.75  	 58.85  	 53.99  	 26.58
1986	   2	  28	   5	 50.18  	 82.80  	 72.31  	 70.58  	 72.68  	 71.18  	 66.91  	 66.31  	 58.67  	 54.54 -	999.99
1986	   3	  13	   5	 45.18  	 83.23  	 78.95  	 76.20  	 78.26  	 74.21  	 66.42  	 66.88  	 60.61  	 54.27  	 26.60
1986	   3	  31	   5	 26.98  	 58.53  	 76.31  	 76.70  	 80.44  	 77.25  	 69.37  	 67.26  	 60.40  	 55.72  	 27.28
1986	   4	  15	   5	 37.75  	 58.19  	 71.04  	 71.57  	 73.56  	 73.64  	 67.06  	 66.68  	 60.02  	 53.98  	 26.19
1986	   4	  30	   5	 39.94  	 60.72  	 72.56  	 72.48  	 71.63  	 69.00  	 66.37  	 67.06  	 59.64  	 54.76  	 26.88
1986	   5	  15	   5	 30.23  	 46.75  	 68.79  	 70.89  	 69.34  	 67.39  	 58.98  	 67.62  	 60.07  	 55.94  	 27.27
1986	   5	  30	   5	 32.67  	 63.78  	 75.29  	 75.60  	 77.63  	 75.37  	 67.36  	 66.97  	 60.13  	 55.93  	 26.84
1986	   6	  16	   5	 38.16  	 72.26  	 74.36  	 72.10  	 71.71  	 71.01  	 68.12  	 68.36  	 59.78  	 55.80  	 26.96
1986	   6	  30	   5	 39.78  	 68.77  	 76.53  	 70.79  	 70.40  	 69.32  	 64.04  	 68.00  	 60.94  	 55.13  	 27.10
1986	   7	  18	   5	 28.67  	 62.03  	 77.20  	 76.41  	 77.74  	 76.34  	 68.52  	 68.44  	 59.61  	 55.08  	 27.30
1986	   8	   4	   5	 19.71  	 42.62  	 66.11  	 71.24  	 70.05  	 69.19  	 59.25  	 68.00  	 59.88  	 56.26  	 27.10
1986	   8	  18	   5	 22.33  	 46.09  	 64.33  	 69.18  	 68.16  	 66.60  	 56.73  	 64.56  	 59.79  	 54.93  	 27.15
1986	   9	   2	   5	 23.56  	 48.02  	 66.90  	 67.62  	 68.25  	 65.96  	 57.03  	 59.56  	 59.79  	 55.84  	 26.89
1986	   9	  15	   5	 31.98  	 59.54  	 75.07  	 72.64  	 70.44  	 66.21  	 56.25  	 57.89  	 57.81  	 55.54  	 26.91
1986	   9	  30	   5	 29.24  	 71.20  	 79.24  	 75.26  	 73.15  	 68.31  	 56.05  	 65.58  	 60.58  	 56.13  	 27.13
1986	  10	  31	   5	 32.50  	 63.96  	 75.98  	 75.90  	 74.89  	 74.97  	 68.41  	 67.40  	 58.97  	 55.53  	 27.22
1986	  12	   1	   5	 35.03  	 64.69  	 74.12  	 72.89  	 73.50  	 72.81  	 67.40  	 67.24  	 59.82  	 55.72  	 27.16
1986	  12	  30	   5	 33.89  	 68.76  	 74.59  	 74.90  	 72.96  	 69.77  	 69.07  	 68.45  	 60.75  	 55.00  	 27.03
1987	   1	  30	   5	 48.47  	 69.56  	 71.18  	 70.02  	 69.18  	 65.56  	 59.10  	 67.25  	 59.25  	 54.64  	 26.63
1987	   2	  27	   5	 25.99  	 63.21  	 74.42  	 71.93  	 70.92  	 66.95  	 60.18  	 68.35  	 60.33  	 55.59  	 27.52
1987	   3	  16	   5	 31.58  	 59.75  	 73.41  	 73.33  	 71.31  	 68.75  	 67.82  	 66.89  	 60.22  	 55.40  	 26.42
1987	   3	  31	   5	 34.07  	 62.50  	 74.55  	 72.08  	 69.84  	 68.29  	 66.05  	 67.98  	 59.65  	 55.32  	 26.46
1987	   4	  15	   5	 37.10  	 67.78  	 76.74  	 74.55  	 71.13  	 68.17  	 67.62  	 66.38  	 58.51  	 55.40  	 26.73
1987	   4	  30	   5	 22.28  	 53.25  	 74.26  	 74.26  	 75.82  	 74.57  	 67.18  	 68.43  	 59.63  	 55.35  	 26.51
1987	   5	  14	   5	 18.51  	 37.81  	 61.50  	 66.91  	 71.31  	 69.74  	 66.91  	 67.62  	 60.01  	 55.23  	 27.18
1987	   5	  29	   5	 31.62  	 59.82  	 72.70  	 69.87  	 72.62  	 73.25  	 67.91  	 68.54  	 60.45  	 56.14  	 27.09
1987	   6	  16	   5	 26.54  	 54.98  	 70.41  	 69.94  	 71.75  	 70.10  	 67.11  	 68.44  	 59.23  	 55.77  	 26.98
1987	   6	  30	   5	 22.82  	 45.31  	 65.34  	 66.28  	 67.69  	 66.52  	 58.30  	 66.52  	 58.69  	 55.72  	 26.49
1987	   7	  15	   5	 40.80  	 53.67  	 60.93  	 61.63  	 66.03  	 63.32  	 54.83  	 59.08  	 59.08  	 53.59  	 26.72
1987	   7	  31	   5	 35.58  	 69.68  	 76.22  	 72.05  	 68.42  	 63.06  	 54.71  	 58.18  	 57.55  	 55.03  	 26.77
1987	   8	  13	   5	 25.12  	 52.32  	 68.45  	 67.59  	 66.10  	 61.87  	 53.80  	 59.05  	 56.94  	 55.45  	 27.25
1987	   8	  31	   5	 36.66  	 77.94  	 84.07  	 81.40  	 80.22  	 72.84  	 67.49  	 67.34  	 60.27  	 55.00  	 27.23
1987	   9	  15	   5	 29.65  	 63.10  	 75.56  	 76.03  	 74.86  	 74.78  	 68.04  	 67.41  	 60.90  	 55.65  	 27.04
1987	   9	  30	   5	 38.91  	 68.93  	 76.25  	 74.85  	 75.78  	 72.67  	 67.44  	 67.68  	 59.11  	 55.29  	 26.47
1987	  11	  30	   5	 41.03  	 75.26  	 82.73  	 81.41  	 80.86  	 74.09  	 67.55  	 68.01  	 59.68  	 54.46  	 26.26
1987	  12	  31	   5	 45.96  	 71.32  	 72.31  	 78.86  	 79.69  	 70.40  	 60.80  	 64.54  	 63.77  	 60.27  	 29.41
1988	   2	   1	   5	 45.83  	 87.73  	 82.65  	 82.42  	 81.19  	 72.81  	 66.74  	 65.66  	 57.90  	 54.59  	 26.57
1988	   3	   1	   5	 40.24  	 87.36  	 75.46  	 75.69  	 79.07  	 75.69  	 68.17  	 66.48  	 59.88  	 54.58  	 26.98
1988	   3	  15	   5	 42.25  	 68.38  	 77.58  	 76.41  	 76.64  	 76.33  	 68.61  	 67.83  	 61.44  	 54.90  	 26.90
1988	   4	   1	   5	 40.02  	 73.19  	 83.25  	 83.17  	 82.39  	 77.01  	 68.67  	 67.73  	 59.23  	 55.57  	 26.96
1988	   4	  18	   5	 28.10  	 61.68  	 77.16  	 77.63  	 81.82  	 76.46  	 68.53  	 67.59  	 59.58  	 55.00  	 26.88
1988	   4	  28	   5	 37.59  	 69.04  	 77.11  	 74.94  	 77.35  	 74.94  	 67.25  	 68.11  	 60.26  	 55.45  	 26.64
1988	   5	  17	   5	 26.13  	 39.22  	 64.87  	 70.29  	 71.70  	 70.68  	 66.44  	 68.64  	 60.48  	 56.32  	 26.67
1988	   5	  31	   5	 22.98  	 34.20  	 58.60  	 66.48  	 70.10  	 70.02  	 61.28  	 67.50  	 59.94  	 55.69  	 27.49
1988	   6	  15	   5	 15.30  	 17.86  	 43.81  	 57.98  	 67.29  	 66.90  	 57.66  	 66.18  	 60.85  	 56.31  	 27.28
1988	   6	  30	   5	 19.18  	 16.75  	 37.54  	 49.09  	 63.16  	 63.64  	 55.81  	 58.97  	 58.66  	 56.21  	 26.84
1988	   7	  15	   5	 13.17  	 11.05  	 36.44  	 46.08  	 60.55  	 61.58  	 53.04  	 58.10  	 58.02  	 56.68  	 26.92
1988	   7	  28	   5	 20.97  	 29.84  	 46.32  	 50.66  	 61.07  	 61.77  	 51.45  	 57.60  	 56.10  	 55.07  	 25.96
1988	   8	   3	   5	 17.38  	 35.64  	 44.41  	 48.48  	 58.18  	 58.60  	 51.30  	 55.47  	 55.16  	 53.49  	 26.07
1988	   8	  15	   5	 24.37  	 45.81  	 64.93  	 61.77  	 59.79  	 57.90  	 51.42  	 55.92  	 56.08  	 55.45  	 25.99
1988	   8	  31	   5	 22.59  	 37.02  	 58.31  	 58.94  	 58.94  	 56.49  	 50.55  	 54.67  	 55.62  	 55.62  	 25.83
1988	   9	  15	   5	 23.57  	 43.70  	 56.86  	 57.96  	 59.21  	 57.41  	 49.34  	 54.74  	 53.65  	 54.27  	 26.08
1988	   9	  29	   5	 21.34  	 43.34  	 54.66  	 56.23  	 58.19  	 57.88  	 56.86  	 55.13  	 55.83  	 54.81  	 25.44
1988	  10	  14	   5	 23.21  	 43.46  	 55.70  	 57.27  	 57.74  	 57.27  	 50.36  	 55.07  	 54.52  	 54.68  	 26.01
1988	  10	  31	   5	 29.00  	 57.12  	 68.51  	 62.39  	 60.34  	 58.38  	 50.05  	 54.69  	 55.40  	 54.53  	 25.73
1988	  12	   2	   5	 30.94  	 62.48  	 87.95  	 71.60  	 70.12  	 65.60  	 56.80  	 66.92  	 58.98  	 54.23  	 25.87
1988	  12	  29	   5	 47.73  	 73.66  	 73.97  	 71.95  	 69.55  	 65.91  	 63.42  	 67.77  	 57.92  	 54.74  	 26.17
1989	   1	  31	   5	 45.59  	 80.31  	 78.66  	 74.35  	 73.64  	 74.35  	 67.20  	 66.03  	 59.43  	 55.27  	 26.46
1989	   2	  28	   5	 35.40  	 79.97  	 69.75  	 69.98  	 67.74  	 67.19  	 66.96  	 67.19  	 59.92  	 54.19  	 26.82
1989	   3	  15	   5	 39.63  	 77.40  	 77.71  	 76.69  	 79.12  	 75.83  	 68.16  	 68.79  	 61.20  	 54.93  	 26.68
1989	   3	  31	   5	 36.87  	 62.42  	 75.34  	 76.05  	 79.81  	 76.52  	 67.35  	 70.64  	 60.31  	 54.82  	 27.10
1989	   4	  14	   5	 28.76  	 55.18  	 72.05  	 70.88  	 73.37  	 73.99  	 68.08  	 66.92  	 59.46  	 54.41  	 26.43
1989	   5	  15	   5	 22.85  	 32.19  	 61.00  	 65.99  	 67.78  	 66.38  	 58.05  	 66.77  	 59.29  	 54.85  	 26.57
1989	   5	  18	   5	 20.73  	 38.29  	 54.70  	 63.73  	 65.07  	 65.89  	 54.81  	 66.30  	 59.73  	 53.68  	 26.07
1989	   5	  30	   5	 19.00  	 40.14  	 55.11  	 62.67  	 65.66  	 64.95  	 55.26  	 67.71  	 59.91  	 54.48  	 26.65
1989	   6	  15	   5	 28.44  	 48.92  	 67.31  	 67.86  	 67.31  	 67.00  	 61.18  	 67.78  	 58.74  	 55.60  	 27.37
1989	   6	  30	   5	 18.77  	 28.53  	 56.36  	 63.72  	 67.35  	 65.30  	 55.34  	 56.21  	 65.69  	 60.24  	 27.35
1989	   7	  14	   5	 23.08  	 28.42  	 43.47  	 56.85  	 64.61  	 64.14  	 52.66  	 58.20  	 59.94  	 55.66  	 26.92
1989	   7	  31	   5	 35.04  	 61.20  	 73.31  	 70.59  	 70.28  	 64.85  	 62.05  	 66.71  	 57.70  	 54.05  	 26.64
1989	   8	  15	   5	 39.98  	 58.33  	 70.97  	 70.11  	 70.19  	 68.15  	 66.58  	 67.91  	 58.80  	 55.27  	 26.50
1989	   8	  30	   5	 33.77  	 56.60  	 65.90  	 67.55  	 68.03  	 65.74  	 56.13  	 65.66  	 59.60  	 55.50  	 26.65
1989	   9	  15	   5	 39.76  	 64.74  	 75.87  	 74.38  	 78.85  	 75.40  	 67.17  	 67.80  	 60.28  	 55.02  	 26.92
1989	   9	  29	   5	 24.50  	 41.99  	 70.57  	 72.77  	 73.09  	 70.18  	 67.34  	 67.97  	 59.23  	 55.38  	 27.29
1989	  10	  31	   5	 29.61  	 48.16  	 65.79  	 68.14  	 68.14  	 65.24  	 54.67  	 67.35  	 59.52  	 54.90  	 27.02
1989	  11	  30	   5	 30.86  	 60.46  	 70.49  	 68.06  	 67.20  	 64.69  	 53.96  	 59.52  	 59.60  	 55.45  	 27.61
1989	  12	  29	   5	 34.78  	 62.97  	 66.90  	 66.82  	 65.97  	 63.35  	 61.35  	 57.50  	 58.19  	 55.19  	 26.36
1990	   1	  31	   5	 41.23  	 66.94  	 74.55  	 72.61  	 72.07  	 71.83  	 66.86  	 68.03  	 59.57  	 54.91  	 26.83
1990	   2	  28	   5	 44.86  	 67.79  	 74.72  	 76.33  	 77.49  	 73.41  	 64.87  	 67.18  	 58.41  	 53.79  	 27.01
1990	   3	  16	   5	 44.93  	 80.61  	 82.01  	 79.44  	 79.52  	 75.41  	 67.18  	 67.25  	 59.80  	 55.22  	  3.65
1990	   3	  30	   5	 36.51  	 71.87  	 80.04  	 81.90  	 81.51  	 75.76  	 66.58  	 67.52  	 57.95  	 54.92  	 26.88
1990	   4	  16	   5	 34.39  	 69.65  	 78.84  	 80.08  	 81.25  	 74.63  	 65.99  	 66.46  	 59.37  	 55.24  	 26.84
1990	   4	  30	   5	 26.13  	 53.55  	 74.07  	 75.49  	 76.67  	 76.20  	 67.23  	 67.86  	 60.39  	 55.05  	 27.09
1990	   5	  15	   5	 41.60  	 72.72  	 80.37  	 81.69  	 81.77  	 75.22  	 67.65  	 67.81  	 59.00  	 55.72  	 26.65
1990	   5	  31	   5	 32.33  	 58.41  	 77.41  	 77.33  	 80.55  	 74.58  	 68.22  	 68.38  	 59.51  	 55.90  	 27.28
1990	   6	  15	   5	 35.40  	 61.44  	 69.70  	 71.51  	 76.47  	 74.66  	 67.50  	 66.87  	 60.41  	 55.85  	 26.70
1990	   6	  29	   5	 39.58  	 68.67  	 79.36  	 78.02  	 82.03  	 76.29  	 67.41  	 69.30  	 59.32  	 56.57  	 27.03
1990	   7	  13	   5	 31.67  	 48.96  	 70.20  	 71.77  	 74.29  	 73.74  	 67.84  	 67.76  	 58.87  	 55.80  	 26.80
1990	   7	  31	   5	 31.37  	 62.34  	 74.95  	 71.82  	 72.21  	 71.43  	 67.04  	 68.06  	 58.27  	 55.92  	 27.37
1990	   8	  15	   5	 36.46  	 61.10  	 72.26  	 71.56  	 70.85  	 68.73  	 66.76  	 68.65  	 59.14  	 54.81  	 26.70
1990	   8	  31	   5	 31.29  	 54.76  	 71.93  	 72.01  	 72.48  	 71.31  	 67.62  	 67.15  	 58.13  	 55.62  	 26.75
1990	   9	  12	   5	 24.29  	 46.18  	 63.92  	 68.54  	 67.39  	 67.91  	 54.16  	 66.34  	 60.67  	 54.26  	 26.40
1990	   9	  28	   5	 25.78  	 43.40  	 61.42  	 66.88  	 68.54  	 66.33  	 55.02  	 59.61  	 58.66  	 55.57  	 27.51
1990	  10	  31	   5	 23.40  	 52.37  	 72.95  	 70.65  	 68.20  	 65.51  	 54.35  	 58.47  	 59.81  	 55.30  	 27.06
1990	  11	  26	   5	 29.83  	 63.20  	 70.82  	 69.98  	 66.95  	 66.95  	 54.84  	 67.68  	 60.27  	 55.37  	 26.74
1990	  12	  28	   5	 31.50  	 68.92  	 73.93  	 76.05  	 78.48  	 76.21  	 68.14  	 67.75  	 60.62  	 55.61  	 26.51
1991	   1	  31	   5	 42.80  	 77.55  	 73.31  	 69.77  	 69.39  	 68.23  	 57.38  	 66.23  	 58.30  	 54.99  	 26.61
1991	   2	  25	   5	 32.90  	 73.62  	 75.42  	 72.45  	 70.57  	 69.40  	 68.70  	 67.84  	 60.97  	 55.97  	 27.32
1991	   3	  15	   5	 42.65  	 71.88  	 77.99  	 73.99  	 72.11  	 71.96  	 69.53  	 68.04  	 61.29  	 54.95  	 26.77
1991	   3	  29	   5	 38.24  	 76.36  	 85.66  	 82.51  	 80.30  	 77.54  	 70.29  	 68.24  	 60.91  	 56.33  	 27.10
1991	   4	  15	   5	 39.04  	 76.74  	 84.18  	 81.13  	 79.95  	 78.15  	 68.11  	 67.80  	 59.88  	 55.73  	 27.59
1991	   4	  30	   5	 34.15  	 64.85  	 78.47  	 77.68  	 78.95  	 78.55  	 70.00  	 69.29  	 60.18  	 56.22  	 27.40
1991	   5	  20	   5	 32.82  	 59.76  	 73.60  	 70.99  	 73.05  	 76.53  	 68.54  	 69.02  	 61.19  	 55.49  	 27.43
1991	   5	  31	   5	 37.31  	 68.75  	 80.70  	 79.04  	 81.73  	 77.78  	 68.20  	 68.52  	 60.84  	 55.62  	 27.18
1991	   6	  17	   5	 22.08  	 34.73  	 67.73  	 72.55  	 74.45  	 73.34  	 69.78  	 67.41  	 60.13  	 55.62  	 27.26
1991	   6	  28	   5	 18.41  	 27.05  	 55.12  	 63.37  	 68.37  	 70.11  	 61.78  	 68.21  	 60.83  	 54.81  	 27.48
1991	   7	  12	   5	 21.02  	 35.41  	 60.74  	 60.82  	 64.33  	 65.57  	 55.44  	 63.63  	 58.56  	 54.90  	 26.98
1991	   7	  31	   5	 15.84  	 18.52  	 44.49  	 56.44  	 60.90  	 62.41  	 52.93  	 57.15  	 58.83  	 56.04  	 27.50
1991	   8	  15	   5	 19.60  	 24.72  	 43.06  	 53.47  	 58.47  	 59.11  	 51.64  	 55.22  	 56.41  	 55.29  	 27.41
1991	   8	  30	   5	 14.74  	 15.25  	 38.26  	 51.07  	 53.91  	 55.41  	 49.25  	 55.18  	 56.68  	 55.18  	 26.32
1991	   9	  16	   5	 31.77  	 52.04  	 67.53  	 54.50  	 51.72  	 53.39  	 46.88  	 53.23  	 54.98  	 53.79  	 26.14
1991	   9	  30	   5	 21.27  	 33.10  	 61.21  	 56.22  	 52.97  	 53.37  	 47.43  	 53.37  	 53.37  	 53.05  	 25.81
1991	  11	   1	   5	 39.65  	 66.71  	 77.00  	 71.81  	 56.81  	 53.75  	 47.30  	 52.02  	 53.75  	 53.59  	 26.72
1991	  12	   2	   5	 33.84  	 60.73  	 76.69  	 76.85  	 78.02  	 74.03  	 66.83  	 66.20  	 58.22  	 54.46  	 26.68
1992	   1	   8	   5	 37.69  	 64.25  	 78.93  	 79.09  	 78.07  	 76.51  	 66.83  	 66.04  	 58.39  	 54.64  	 27.05
1992	   1	  31	   5	 42.05  	 70.89  	 75.84  	 75.45  	 76.47  	 76.23  	 68.22  	 66.97  	 59.12  	 54.80  	 27.01
1992	   2	  28	   5	 37.18  	 66.08  	 80.11  	 79.72  	 79.72  	 78.23  	 67.72  	 67.64  	 57.77  	 55.57  	 26.92
1992	   3	  16	   5	 37.23  	 64.80  	 80.36  	 80.36  	 81.15  	 76.51  	 68.49  	 67.86  	 58.27  	 55.68  	 24.14
1992	   3	  31	   5	 36.97  	 63.44  	 76.39  	 78.34  	 79.59  	 77.79  	 68.04  	 66.80  	 59.47  	 54.55  	 26.61
1992	   4	  15	   5	 44.99  	 69.02  	 78.93  	 77.04  	 79.48  	 78.07  	 68.86  	 68.00  	 59.26  	 54.54  	 27.35
1992	   4	  30	   5	 35.55  	 63.14  	 78.27  	 78.74  	 81.26  	 77.48  	 67.40  	 66.69  	 58.89  	 55.58  	 26.92
1992	   5	  15	   5	 24.60  	 34.47  	 66.25  	 72.99  	 75.21  	 74.57  	 68.31  	 68.47  	 59.67  	 55.31  	 27.10
1992	   5	  29	   5	 20.56  	 26.33  	 52.32  	 63.83  	 68.50  	 69.59  	 65.94  	 66.71  	 58.93  	 55.04  	 26.70
1992	   6	  15	   5	 30.07  	 44.45  	 46.12  	 58.56  	 64.06  	 67.48  	 55.21  	 68.44  	 60.23  	 56.16  	 27.20
1992	   6	  30	   5	 18.05  	 25.43  	 45.30  	 56.02  	 60.59  	 62.56  	 53.58  	 61.30  	 59.41  	 54.84  	 26.87
1992	   7	  15	   5	 33.40  	 59.73  	 71.59  	 56.23  	 61.16  	 61.96  	 52.41  	 56.87  	 59.09  	 56.63  	 27.04
1992	   7	  31	   5	 37.00  	 65.58  	 75.12  	 63.46  	 62.67  	 60.70  	 51.17  	 56.37  	 58.49  	 54.71  	 27.12
1992	   8	  14	   5	 27.85  	 42.73  	 66.83  	 65.88  	 62.16  	 62.72  	 51.73  	 57.19  	 59.95  	 55.61  	 27.17
1992	   8	  28	   5	 34.19  	 50.35  	 55.49  	 62.85  	 61.50  	 62.14  	 51.07  	 55.57  	 56.68  	 55.34  	 27.31
1992	   9	  15	   5	 35.72  	 63.80  	 75.50  	 73.44  	 67.43  	 62.61  	 51.86  	 58.10  	 58.89  	 55.34  	 27.19
1992	   9	  30	   5	 36.30  	 60.06  	 72.38  	 72.93  	 68.27  	 65.98  	 63.77  	 67.01  	 57.77  	 55.01  	 27.38
1992	  10	  30	   5	 25.73  	 43.61  	 66.34  	 67.13  	 65.40  	 65.16  	 53.68  	 65.16  	 58.87  	 55.25  	 27.27
1992	  11	  30	   5	 40.26  	 70.39  	 86.02  	 80.35  	 79.18  	 74.90  	 68.14  	 67.75  	 60.05  	 54.92  	 26.95
1992	  12	  31	   5	 39.00  	 82.38  	 81.67  	 82.69  	 81.51  	 77.34  	 69.15  	 67.66  	 59.86  	 56.08  	 27.57
1993	   1	  22	   5	 53.40  	 87.55  	 80.42  	 81.60  	 81.20  	 76.03  	 68.04  	 67.17  	 60.12  	 55.18  	 25.43
1993	   2	  26	   5	 50.12  	 87.36  	 73.44  	 75.02  	 75.57  	 77.53  	 70.22  	 68.41  	 59.22  	 55.91  	 27.05
1993	   3	  15	   5	 37.44  	 86.48  	 78.30  	 79.72  	 82.08  	 78.07  	 68.63  	 67.45  	 60.52  	 55.88  	 26.84
1993	   3	  31	   5	 58.27  	 98.28  	 85.09  	 81.93  	 81.14  	 77.75  	 70.48  	 68.98  	 59.59  	 55.09  	 27.42
1993	   4	  15	   5	 54.44  	 92.26  	 83.80  	 81.75  	 82.30  	 77.95  	 70.12  	 67.59  	 60.00  	 56.28  	 27.90
1993	   4	  30	   5	 40.56  	 74.95  	 83.33  	 83.25  	 81.35  	 77.48  	 70.20  	 69.02  	 59.53  	 54.78  	 27.94
1993	   5	  14	   5	 32.72  	 56.49  	 78.21  	 79.89  	 81.98  	 79.89  	 71.00  	 69.88  	 60.10  	 56.89  	 27.41
1993	   5	  27	   5	 30.51  	 43.03  	 69.14  	 73.26  	 75.33  	 76.99  	 69.22  	 69.38  	 58.74  	 55.41  	 27.19
1993	   6	  15	   5	 38.67  	 78.45  	 91.05  	 88.73  	 88.56  	 83.93  	 74.76  	 73.82  	 65.24  	 61.47  	 30.52
1993	   7	   1	   5	 39.54  	 69.98  	 82.66  	 83.05  	 82.34  	 78.14  	 69.34  	 67.28  	 59.59  	 55.63  	 27.82
1993	   7	  15	   5	 28.19  	 42.65  	 69.93  	 74.72  	 74.48  	 76.07  	 70.01  	 69.21  	 61.08  	 56.85  	 27.67
1993	   7	  30	   5	 29.82  	 49.74  	 75.47  	 75.08  	 77.70  	 78.50  	 69.90  	 68.30  	 58.90  	 56.44  	 27.58
1993	   8	  16	   5	 39.43  	 65.54  	 71.29  	 73.04  	 71.45  	 72.25  	 69.77  	 68.97  	 59.00  	 56.21  	 27.51
1993	   8	  31	   5	 39.99  	 68.79  	 77.27  	 76.00  	 69.58  	 69.58  	 68.79  	 68.23  	 58.88  	 55.24  	 27.46
1993	   9	  15	   5	 41.21  	 67.95  	 78.98  	 78.42  	 79.14  	 77.15  	 70.01  	 67.63  	 59.93  	 55.96  	 27.98
1993	   9	  30	   5	 36.20  	 68.58  	 80.98  	 82.66  	 81.78  	 77.78  	 70.82  	 68.98  	 60.27  	 56.67  	 27.62
1993	  10	  29	   5	 28.02  	 54.22  	 74.30  	 73.50  	 73.98  	 72.71  	 68.90  	 68.82  	 60.41  	 55.65  	 28.10
1993	  12	   2	   5	 39.05  	 69.47  	 77.98  	 74.40  	 69.07  	 68.19  	 60.16  	 67.64  	 60.32  	 56.90  	 28.33
1993	  12	  28	   5	 37.23  	 68.99  	 74.23  	 73.37  	 71.33  	 70.16  	 68.29  	 67.27  	 58.91  	 55.23  	 27.42
1994	   1	  31	   5	 51.57  	 79.30  	 72.24  	 70.92  	 65.73  	 66.50  	 54.71  	 67.04  	 58.12  	 54.78  	 27.35
1994	   2	  28	   5	 50.90  	 83.28  	 78.20  	 77.02  	 78.04  	 75.07  	 68.18  	 66.62  	 60.13  	 56.30  	 26.90
1994	   3	  15	   5	 42.15  	 74.57  	 84.29  	 82.00  	 79.15  	 76.15  	 68.33  	 68.25  	 59.87  	 55.84  	 27.57
1994	   3	  30	   5	 40.49  	 70.00  	 84.09  	 80.06  	 80.21  	 77.44  	 69.36  	 68.65  	 59.39  	 55.51  	 27.83
1994	   4	  15	   5	 38.47  	 66.64  	 76.03  	 76.19  	 75.40  	 77.84  	 69.79  	 67.59  	 59.22  	 56.07  	 28.31
1994	   4	  29	   5	 34.32  	 43.31  	 66.51  	 72.85  	 71.82  	 69.68  	 69.21  	 67.15  	 59.07  	 69.84  	 27.83
1994	   5	  16	   5	 24.41  	 29.48  	 54.40  	 65.14  	 67.53  	 68.49  	 56.55  	 68.41  	 58.30  	 56.55  	 27.64
1994	   5	  31	   5	 20.63  	 24.61  	 43.58  	 54.69  	 60.57  	 63.26  	 54.85  	 60.49  	 59.69  	 56.76  	 28.14
1994	   6	  15	   5	 29.94  	 45.72  	 41.11  	 49.38  	 54.55  	 58.44  	 51.92  	 56.69  	 59.24  	 55.82  	 27.99
1994	   6	  30	   5	 31.25  	 54.32  	 72.00  	 72.72  	 68.88  	 71.36  	 66.72  	 68.48  	 60.48  	 56.32  	 29.08
1994	   7	  15	   5	 33.79  	 50.58  	 66.90  	 66.42  	 66.34  	 62.92  	 63.79  	 66.82  	 59.49 -	999.99 -	999.99
1994	   7	  29	   5	 27.76  	 52.69  	 65.35  	 65.91  	 65.04  	 60.92  	 54.51  	 64.80  	 58.07 -	999.99 -	999.99
1994	   8	  15	   5	 34.63  	 62.91  	 72.75  	 65.82  	 62.67  	 58.57  	 54.79  	 66.14  	 57.00 -	999.99 -	999.99
1994	   8	  30	   5	 36.47  	 58.83  	 72.22  	 68.34  	 64.53  	 60.26  	 53.05  	 57.80  	 57.01 -	999.99 -	999.99
1994	   9	  15	   5	 26.19  	 51.04  	 68.90  	 66.91  	 62.63  	 59.14  	 53.58  	 57.79  	 56.44  	 56.76 -	999.99
1994	   9	  27	   5	 39.15  	 65.69  	 66.71  	 65.14  	 62.70  	 58.13  	 53.49  	 55.22  	 56.79  	 54.90 -	999.99
1994	  11	   6	   5	 40.36  	 69.70  	 79.31  	 77.42  	 76.08  	 68.52  	 65.69  	 66.24  	 57.82  	 55.69 -	999.99
1994	  11	  23	   5	 35.99  	 66.11  	 77.83  	 76.73  	 78.77  	 70.12  	 66.89  	 65.09  	 57.06  	 55.57 -	999.99
1994	  12	  28	   5	 38.89  	 71.57  	 75.80  	 76.83  	 76.94  	 71.57  	 64.14  	 64.76  	 56.81  	 54.03  	 26.96
1995	   1	  31	   5	 35.63  	 67.48  	 78.66  	 79.37  	 80.40  	 72.68  	 65.27  	 67.40  	 57.23  	 55.42 -	999.99
1995	   3	   1	   5	 46.94  	 77.26  	 72.39  	 73.22  	 74.98  	 76.53  	 67.94  	 67.42  	 57.58  	 54.78 -	999.99
1995	   3	  14	   5	 50.28  	 78.24  	 76.67  	 74.89  	 77.93  	 74.37  	 66.93  	 66.40  	 59.91  	 54.77  	 27.39
1995	   3	  30	   5	 41.47  	 70.86  	 76.09  	 76.51  	 76.41  	 75.15  	 65.21  	 64.80  	 59.04  	 54.65  	 27.33
1995	   4	  13	   5	 46.20  	 83.94  	 81.84  	 79.63  	 77.95  	 75.63  	 66.69  	 67.43  	 59.75  	 54.70  	 27.09
1995	   4	  21	   5	 44.41  	 78.58  	 80.80  	 80.06  	 81.43  	 73.08  	 66.95  	 67.58  	 59.23  	 56.38  	 27.34
1995	   5	  17	   5	 43.50  	 73.98  	 85.52  	 82.58  	 82.02  	 78.76  	 68.57  	 69.12  	 59.73  	 56.15  	 28.23
1995	   6	   1	   5	 46.45  	 70.99  	 84.36  	 81.98  	 80.96  	 77.95  	 69.33  	 67.99  	 59.29  	 56.21  	 27.35
1995	   6	  21	   5	 24.05  	 57.60  	 70.18  	 72.90  	 75.21  	 72.90  	 65.88  	 67.56  	 59.17  	 56.03  	 27.02
1995	   6	  29	   5	 33.53  	 47.02  	 61.94  	 72.17  	 73.22  	 72.49  	 65.91  	 68.00  	 58.71  	 55.26  	 27.16
1995	   7	  14	   5	 22.52  	 42.99  	 57.33  	 67.38  	 68.32  	 69.26  	 64.66  	 66.96  	 59.95  	 55.65  	 27.62
1995	   8	   1	   5	 26.72  	 29.69  	 46.60  	 60.14  	 64.34  	 65.71  	 53.53  	 60.88  	 59.41  	 54.37  	 27.92
1995	   8	  15	   5	 33.96  	 64.87  	 55.23  	 57.77  	 63.60  	 62.33  	 53.64  	 57.03  	 58.73  	 55.55  	 27.30
1995	   8	  29	   5	 24.09  	 44.74  	 57.07  	 60.16  	 62.81  	 64.52  	 53.67  	 57.07  	 58.88  	 55.26  	 27.47
1995	   9	  13	   5	 24.09  	 45.39  	 52.52  	 59.55  	 63.64  	 61.86  	 53.68  	 56.82  	 56.82  	 55.04  	 26.84
1995	   9	  28	   5	 25.51  	 41.88  	 53.22  	 60.42  	 62.75  	 62.43  	 52.37  	 56.82  	 57.14  	 54.38  	 26.87
1995	  11	   1	   5	 38.38  	 64.67  	 73.96  	 70.92  	 64.19  	 64.03  	 53.61  	 55.61  	 57.94  	 55.77  	 28.37
1995	  11	  28	   5	 38.98  	 65.03  	 70.89  	 71.40  	 75.20  	 67.50  	 63.08  	 62.16  	 56.92  	 54.66  	 26.92
1996	   1	   2	   5	 26.72  	 60.75  	 71.08  	 70.92  	 70.68  	 69.89  	 68.06  	 68.93  	 61.22  	 55.98  	 28.86
1996	   1	  31	   5	 41.80  	 72.68  	 66.82  	 68.36  	 65.27  	 63.83  	 61.47  	 64.76  	 56.63  	 54.06  	 27.13
1996	   2	  28	   5	 39.95  	 75.20  	 74.17  	 73.46  	 71.81  	 67.71  	 65.19  	 67.00  	 60.23  	 55.66  	 26.06
1996	   3	  14	   5	 42.08  	 80.61  	 74.76  	 70.79  	 68.38  	 68.17  	 62.95  	 64.41  	 59.40  	 55.01  	 27.09
1996	   3	  28	   5	 38.28  	 63.06  	 70.56  	 72.93  	 70.56  	 70.40  	 66.30  	 66.22  	 59.43  	 56.11  	 26.91
1996	   4	  15	   5	 43.32  	 63.44  	 70.51  	 67.60  	 67.60  	 66.98  	 63.03  	 65.73  	 57.62  	 54.92  	 25.85
1996	   4	  27	   5	 37.30  	 55.60  	 69.28  	 72.03  	 69.51  	 69.12  	 65.43  	 65.98  	 60.94  	 56.54  	 26.31
1996	   5	  14	   5	 30.31  	 60.14  	 72.77  	 76.02  	 80.31  	 75.07  	 65.62  	 66.41  	 60.62  	 55.93  	 26.65
1996	   5	  30	   5	 35.14  	 83.72  	 90.80  	 83.95  	 81.43  	 76.32  	 64.74  	 65.06  	 58.52  	 55.38  	 26.19
1996	   6	  11	   5	 46.45  	 84.39  	 87.93  	 79.27  	 79.17  	 73.53  	 63.40  	 65.49  	 57.56  	 53.59  	 25.60
1996	   6	  26	   5	 38.79  	 75.16  	 83.18  	 83.50  	 83.02  	 77.17  	 65.87  	 65.95  	 59.38  	 55.77  	 27.04
1996	   7	  12	   5	 22.45  	 57.69  	 67.88  	 69.88  	 72.71  	 70.09  	 62.41  	 64.41  	 59.37  	 54.64  	 26.27
1996	   7	  31	   5	 35.14  	 65.49  	 74.71  	 77.82  	 82.43  	 75.59  	 63.66  	 65.33  	 59.92  	 56.50  	 26.14
1996	   8	  12	   5	 28.71  	 66.00  	 74.67  	 77.41  	 79.95  	 72.55  	 64.52  	 63.46  	 57.75  	 55.21  	 25.92
1996	   8	  29	   5	 29.14  	 56.60  	 70.43  	 71.95  	 73.40  	 71.15  	 64.88  	 64.80  	 58.45  	 56.04  	 27.22
1996	   9	  12	   5	 21.90  	 49.42  	 64.59  	 67.52  	 67.52  	 62.39  	 60.61  	 63.02  	 58.73  	 55.17  	 25.02
1996	  10	   2	   5	 29.86  	 58.73  	 66.52  	 67.87  	 67.32  	 66.05  	 58.81  	 63.98  	 59.76  	 56.02  	 26.42
1996	  10	  30	   5	 34.61  	 64.76  	 69.49  	 66.44  	 64.45  	 60.04  	 56.68  	 60.04  	 58.25  	 54.58  	 25.29
1996	  12	   2	   5	 44.76  	 64.22  	 72.26  	 72.66  	 66.11  	 63.43  	 55.86  	 59.49  	 59.41  	 54.84  	 25.96
1997	   1	   7	   5	 35.18  	 62.85  	 70.25  	 70.66  	 69.73  	 67.54  	 61.91  	 62.43  	 57.54  	 54.10  	 25.38
1997	   1	  28	   5	 41.78  	 69.82  	 70.29  	 70.84  	 71.93  	 70.84  	 64.87  	 64.56  	 59.31  	 55.46  	 26.04
1997	   2	  26	   5	 41.42  	 73.25  	 78.38  	 76.84  	 76.53  	 67.70  	 62.05  	 62.16  	 57.53  	 54.04  	 25.53
1997	   3	  13	   5	 36.18  	 69.97  	 79.99  	 81.56  	 80.46  	 76.44  	 64.85  	 65.09  	 59.80  	 53.97  	 25.88
1997	   3	  25	   5	 37.78  	 69.28  	 77.78  	 80.20  	 79.36  	 70.43  	 63.61  	 62.98  	 59.09  	 54.47  	 25.50
1997	   4	  15	   5	 35.55  	 65.33  	 77.18  	 79.25  	 82.51  	 75.99  	 66.05  	 65.41  	 60.40  	 54.59  	 26.50
1997	   4	  29	   5	 25.42  	 62.06  	 72.06  	 72.48  	 72.69  	 68.06  	 63.85  	 63.75  	 58.06  	 54.91  	 26.19
1997	   5	  13	   5	 29.75  	 59.75  	 74.02  	 74.73  	 76.87  	 76.95  	 65.85  	 65.70  	 59.67  	 55.55  	 26.43
1997	   5	  28	   5	 27.20  	 52.47  	 68.77  	 73.64  	 73.80  	 74.92  	 65.81  	 66.13  	 59.74  	 55.99  	 26.75
1997	   6	  12	   5	 32.18  	 37.64  	 53.89  	 65.52  	 69.98  	 68.78  	 63.68  	 64.96  	 59.38  	 55.88  	 26.47
1997	   6	  26	   5	 22.77  	 30.53  	 45.85  	 56.51  	 65.81  	 68.59  	 63.04  	 64.99  	 60.48  	 55.60  	 26.49
1997	   7	  15	   5	 17.27  	 32.06  	 44.22  	 53.52  	 63.78  	 60.39  	 57.54  	 59.87  	 57.96  	 54.79  	 26.39
1997	   7	  28	   5	 17.51  	 27.07  	 38.31  	 49.79  	 57.92  	 60.63  	 56.16  	 60.47  	 58.16  	 55.37  	 26.01
1997	   8	  14	   5	 28.39  	 35.25  	 37.24  	 46.80  	 56.44  	 57.23  	 54.28  	 57.47  	 57.07  	 56.83  	 26.07
1997	   8	  27	   5	 22.72  	 49.56  	 64.77  	 51.16  	 57.01  	 57.81  	 54.12  	 58.29  	 55.89  	 55.97  	 26.94
1997	   9	  12	   5	 27.70  	 45.03  	 54.32  	 51.61  	 54.53  	 52.97  	 52.97  	 55.78  	 54.95  	 53.90  	 25.60
1997	   9	  24	   5	 34.41  	 51.14  	 54.38  	 51.14  	 54.38  	 54.22  	 53.27  	 55.40  	 53.59  	 54.93  	 25.96
1997	  10	  29	   5	 36.01  	 53.42  	 49.46  	 49.88  	 52.06  	 49.36  	 51.85  	 54.66  	 51.85  	 53.52  	 25.51
1997	  11	  25	   5	 33.40  	 57.60  	 63.10  	 51.14  	 54.01  	 53.45  	 51.94  	 54.65  	 54.57  	 54.49  	 26.17
1997	  12	  29	   5	 40.10  	 60.75  	 67.68  	 63.81  	 52.50  	 48.84  	 50.47  	 53.11  	 51.18  	 51.99  	 24.78
1998	   1	  29	   5	 43.96  	 61.34  	 72.82  	 74.31  	 78.48  	 70.30  	 63.54  	 63.22  	 57.01  	 54.58  	 26.23
1998	   2	  26	   5	 36.67  	 78.23  	 83.01  	 78.75  	 76.78  	 64.41  	 63.17  	 59.95  	 57.04  	 53.09  	 25.71
1998	   3	  11	   5	 46.43  	 77.85  	 89.91  	 82.32  	 79.57  	 70.72  	 62.97  	 63.44  	 58.58  	 54.82  	 25.92
1998	   3	  30	   5	 39.02  	 75.19  	 78.56  	 80.45  	 77.93  	 65.08  	 64.45  	 60.97  	 57.18  	 54.02  	 26.22
1998	   4	  13	   5	 37.12  	 77.56  	 90.58  	 84.51  	 80.59  	 73.00  	 64.37  	 63.89  	 59.58  	 54.95  	 26.35
1998	   4	  28	   5	 38.58  	 88.90  	 84.91  	 79.34  	 78.71  	 66.20  	 62.73  	 61.15  	 58.32  	 54.85  	 25.58
1998	   5	  13	   5	 42.19  	 80.21  	 87.63  	 83.88  	 81.88  	 72.70  	 63.84  	 62.80  	 58.49  	 54.98  	 26.37
1998	   5	  27	   5	 25.20  	 61.90  	 74.22  	 76.87  	 79.74  	 65.72  	 73.48  	 60.30  	 57.75  	 55.63  	 26.80
1998	   6	  16	   5	 36.03  	 64.61  	 74.30  	 75.49  	 81.52  	 71.36  	 64.38  	 63.26  	 57.39  	 54.77  	 26.27
1998	   6	  29	   5	 27.80  	 47.28  	 70.12  	 71.92  	 73.50  	 69.17  	 63.56  	 64.41  	 59.87  	 55.53  	 26.87
1998	   7	  14	   5	 26.12  	 58.18  	 72.12  	 73.24  	 77.41  	 71.32  	 65.39  	 63.79  	 58.26  	 55.05  	 26.44
1998	   7	  30	   5	 22.81  	 52.20  	 66.44  	 67.59  	 69.47  	 62.77  	 61.93  	 62.98  	 57.96  	 54.50  	 25.73
1998	   8	  13	   5	 26.64  	 58.92  	 70.57  	 70.17  	 68.10  	 64.67  	 63.63  	 63.71  	 58.68  	 55.17  	 26.23
1998	   9	   1	   5	 28.94  	 57.06  	 63.82  	 66.20  	 65.89  	 61.19  	 56.98  	 61.27  	 58.33  	 55.71  	 26.10
1998	   9	  17	   5	 36.02  	 58.58  	 62.14  	 62.67  	 62.67  	 56.91  	 56.28  	 58.27  	 60.05  	 54.61  	 26.15
1998	   9	  29	   5	 35.13  	 51.13  	 59.08  	 64.40  	 64.00  	 59.71  	 55.18  	 57.80  	 57.57  	 55.26  	 26.44
1998	  10	  29	   5	 39.11  	 66.55  	 75.85  	 80.54  	 79.58  	 70.28  	 64.24  	 62.49  	 58.76  	 54.94  	 26.08
1998	  12	   1	   5	 36.76  	 64.72  	 73.22  	 73.30  	 76.88  	 69.41  	 63.92  	 63.45  	 57.96  	 55.90  	 26.40
1998	  12	  30	   5	 29.98  	 62.06  	 69.64  	 70.36  	 71.69  	 64.72  	 60.93  	 60.63  	 57.86  	 53.36  	 25.81
1999	   1	  28	   5	 46.88  	 93.19  	 86.37  	 81.37  	 80.58  	 74.71  	 64.32  	 65.83  	 60.83  	 55.44  	 26.13
1999	   2	  24	   5	 35.33  	 67.11  	 72.94  	 77.96  	 71.00  	 62.71  	 62.20  	 58.41  	 57.49  	 54.12  	 25.42
1999	   3	  16	   5	 43.74  	 73.74  	 82.08  	 81.29  	 80.03  	 74.05  	 64.93  	 64.61  	 59.11  	 54.15  	 26.13
1999	   3	  30	   5	 32.39  	 65.73  	 74.78  	 76.75  	 78.62  	 72.18  	 61.88  	 62.92  	 57.72  	 53.98  	 25.95
1999	   4	  15	   5	 40.30  	 60.73  	 65.74  	 68.46  	 68.46  	 68.17  	 58.82  	 60.66  	 53.96  	 51.38  	 25.07
1999	   4	  28	   5	 39.33  	 86.65  	 84.59  	 79.02  	 79.33  	 70.57  	 59.84  	 61.80  	 57.47  	 53.14  	 26.00
1999	   5	  12	   5	 44.19  	 86.22  	 84.97  	 81.33  	 78.52  	 71.55  	 61.47  	 62.61  	 56.89  	 54.71  	 25.12
1999	   5	  27	   5	 27.97  	 64.28  	 72.88  	 74.23  	 76.93  	 70.91  	 62.10  	 61.79  	 57.54  	 52.77  	 25.24
1999	   6	  15	   5	 35.60  	 70.67  	 75.93  	 79.54  	 77.99  	 71.39  	 60.15  	 61.91  	 56.65  	 53.87  	 25.95
1999	   6	  28	   5	 28.02  	 60.78  	 73.08  	 75.01  	 76.86  	 75.09  	 64.40  	 64.40  	 58.53  	 55.40  	 26.65
1999	   7	  13	   5	 26.58  	 51.49  	 63.71  	 67.61  	 70.45  	 65.71  	 61.50  	 63.39  	 58.23  	 55.07  	 26.48
1999	   7	  29	   5	 28.99  	 54.43  	 57.18  	 62.05  	 64.06  	 63.95  	 59.08  	 61.41  	 58.24  	 55.17  	 25.79
1999	   8	  13	   5	 36.11  	 40.96  	 50.23  	 57.92  	 62.13  	 60.55  	 52.86  	 58.23  	 57.29  	 54.97  	 26.80
1999	   8	  31	   5	 25.26  	 39.01  	 44.86  	 54.50  	 59.71  	 61.61  	 54.03  	 56.47  	 57.03  	 54.34  	 25.87
1999	   9	  15	   5	 24.35  	 33.97  	 43.57  	 50.98  	 56.93  	 56.62  	 51.61  	 55.68  	 54.74  	 53.80  	 25.39
1999	   9	  29	   5	 36.97  	 63.55  	 72.98  	 70.74  	 59.95  	 57.23  	 51.79  	 55.23  	 54.59  	 55.31  	 26.82
1999	  10	  28	   5	 22.16  	 48.91  	 64.97  	 64.24  	 62.03  	 57.41  	 51.95  	 54.58  	 54.89  	 55.21  	 25.82
1999	  12	   1	   5	 23.29  	 36.63  	 57.92  	 64.53  	 61.35  	 60.87  	 53.45  	 56.08  	 55.21  	 55.05  	 26.89
1999	  12	  28	   5	 37.60  	 60.67  	 64.59  	 60.77  	 59.54  	 57.06  	 52.32  	 54.79  	 52.83  	 53.45  	 25.44
2000	   2	   1	   5	 42.20  	 59.41  	 67.49  	 68.26  	 65.00  	 62.83  	 53.43  	 57.93  	 57.86  	 53.90  	 26.02
2000	   2	  28	   5	 38.86  	 72.33  	 82.47  	 76.72  	 75.36  	 68.25  	 62.29  	 62.18  	 56.74  	 53.29  	 25.70
2000	   3	  14	   5	 35.37  	 61.24  	 73.42  	 75.16  	 77.78  	 75.96  	 63.37  	 65.27  	 58.94  	 55.70  	 26.19
2000	   3	  30	   5	 31.02  	 60.16  	 72.01  	 71.93  	 72.81  	 75.11  	 65.17  	 65.49  	 60.00  	 55.71  	 26.58
2000	   4	  13	   5	 30.41  	 52.59  	 70.71  	 70.39  	 70.55  	 71.27  	 65.76  	 66.00  	 60.09  	 56.42  	 26.45
2000	   4	  27	   5	 31.13  	 65.26  	 75.93  	 74.14  	 78.58  	 70.01  	 62.08  	 63.14  	 57.96  	 54.79  	 26.07
2000	   5	  16	   5	 33.46  	 53.70  	 67.35  	 71.67  	 72.54  	 75.18  	 65.36  	 65.12  	 60.01  	 56.10  	 26.85
2000	   5	  31	   5	 43.06  	 60.25  	 65.81  	 68.02  	 69.07  	 67.60  	 62.77  	 61.09  	 58.04  	 54.47  	 27.03
2000	   6	  14	   5	 44.84  	 70.81  	 77.46  	 78.09  	 79.25  	 71.02  	 62.69  	 62.69  	 58.57  	 54.46  	 25.96
2000	   6	  28	   5	 33.72  	 65.42  	 77.24  	 78.21  	 82.63  	 77.16  	 65.50  	 66.46  	 59.55  	 56.89  	 26.88
2000	   7	  14	   5	 30.30  	 66.01  	 77.23  	 80.79  	 83.61  	 76.67  	 64.64  	 66.09  	 60.52  	 55.92  	 27.44
2000	   7	  28	   5	 22.77  	 40.96  	 64.72  	 71.97  	 73.10  	 79.46  	 63.92  	 65.93  	 61.66  	 55.78  	 27.12
2000	   8	  16	   5	 29.94  	 51.96  	 69.61  	 71.71  	 71.06  	 70.58  	 65.34  	 65.10  	 61.15  	 55.99  	 26.62
2000	   8	  30	   5	 24.13  	 44.78  	 65.61  	 69.97  	 69.24  	 68.11  	 58.59  	 66.50  	 61.73  	 56.16  	 26.79
2000	   9	  14	   5	 39.51  	 66.67  	 59.15  	 63.60  	 63.28  	 63.70  	 57.56  	 63.39  	 59.79  	 55.34  	 27.09
2000	   9	  27	   5	 34.07  	 62.99  	 69.77  	 64.59  	 64.59  	 64.75  	 56.29  	 59.32  	 58.84  	 55.01  	 26.59
2000	  10	  31	   5	 25.07  	 44.78  	 64.02  	 66.61  	 66.12  	 64.59  	 57.39  	 62.00  	 61.27  	 57.39  	 26.96
2000	  11	  28	   5	 38.02  	 67.42  	 68.05  	 66.06  	 63.54  	 62.17  	 56.62  	 63.96  	 58.82  	 55.04  	 25.63
2000	  12	  26	   5	 38.34  	 63.83  	 69.22  	 68.44  	 65.00  	 62.89  	 55.78  	 61.17  	 57.97  	 54.30  	 25.55
2001	   1	  31	   5	 59.91  	 72.01  	 71.18  	 72.42  	 75.62  	 68.61  	 61.49  	 63.14  	 56.96  	 52.94  	 25.03
2001	   2	  28	   5	 42.47  	 92.61  	 86.73  	 82.35  	 79.57  	 76.46  	 65.49  	 66.12  	 61.11  	 55.78  	 27.30
2001	   3	  15	   5	 56.83  	 92.77  	 83.61  	 80.03  	 78.35  	 71.61  	 62.97  	 65.82  	 58.87  	 55.18  	 25.96
2001	   3	  29	   5	 40.76  	 79.08  	 78.66  	 80.35  	 77.93  	 71.40  	 63.50  	 62.87  	 58.55  	 55.39  	 25.43
2001	   4	  12	   5	 43.06  	 80.07  	 85.38  	 83.45  	 80.47  	 77.34  	 65.93  	 68.26  	 60.86  	 55.96  	 26.90
2001	   4	  26	   5	 35.16  	 70.99  	 75.22  	 74.90  	 78.92  	 71.21  	 62.86  	 63.71  	 58.64  	 55.15  	 25.83
2001	   5	  16	   5	 23.43  	 47.18  	 64.87  	 68.79  	 70.80  	 66.99  	 62.96  	 63.17  	 57.98  	 55.02  	 25.44
2001	   5	  30	   5	 30.00  	 48.57  	 55.18  	 67.44  	 68.48  	 69.69  	 63.24  	 68.24  	 61.79  	 55.83  	 27.23
2001	   6	  14	   5	 23.95  	 56.67  	 66.47  	 68.71  	 68.60  	 66.15  	 62.63  	 64.55  	 58.69  	 54.22  	 25.83
2001	   6	  28	   5	 22.91  	 37.45  	 54.04  	 63.35  	 66.99  	 68.44  	 62.78  	 66.34  	 60.43  	 55.34  	 27.14
2001	   7	  13	   5	 18.29  	 37.21  	 48.03  	 54.19  	 61.83  	 60.77  	 57.48  	 60.13  	 58.22  	 55.04  	 25.93
2001	   7	  31	   5	 18.05  	 34.23  	 42.19  	 48.24  	 54.93  	 55.46  	 52.17  	 57.05  	 56.63  	 55.25  	 25.77
2001	   8	  14	   5	 18.16  	 33.77  	 41.93  	 46.81  	 52.54  	 53.49  	 52.11  	 57.20  	 54.13  	 54.13  	 26.21
2001	   8	  30	   5	 17.78  	 28.10  	 39.41  	 45.87  	 50.96  	 55.08  	 51.93  	 55.89  	 54.92  	 55.73  	 26.81
2001	   9	  13	   5	 24.61  	 43.50  	 40.94  	 45.85  	 47.13  	 50.65  	 50.97  	 54.92  	 53.32  	 54.17  	 26.07
2001	   9	  27	   5	 29.75  	 57.47  	 72.35  	 61.35  	 47.53  	 51.49  	 49.71  	 54.72  	 54.80  	 54.16  	 26.55
2001	  10	  30	   5	 37.09  	 62.90  	 69.33  	 68.17  	 65.85  	 61.95  	 52.45  	 55.41  	 53.83  	 52.56  	 25.49
2001	  11	  28	   5	 36.94  	 65.81  	 71.63  	 70.59  	 66.53  	 64.77  	 55.61  	 64.61  	 58.71  	 55.05  	 26.53
2001	  12	  27	   5	 35.94  	 66.37  	 73.06  	 72.11  	 67.64  	 71.47  	 64.06  	 66.13  	 59.83  	 55.29  	 26.01
2002	   1	  30	   5	 35.12  	 65.54  	 69.55  	 68.39  	 65.75  	 62.79  	 61.84  	 62.69  	 57.62  	 53.72  	 24.96
2002	   2	  28	   5	 36.88  	 65.91  	 75.55  	 76.51  	 78.98  	 75.08  	 63.92  	 67.11  	 60.10  	 56.20  	 26.62
2002	   3	  13	   5	 42.49  	 75.51  	 86.59  	 81.85  	 79.52  	 78.24  	 65.31  	 66.43  	 61.62  	 56.80  	 26.95
2002	   3	  26	   5	 37.72  	 67.76  	 76.72  	 76.56  	 79.84  	 76.96  	 65.44  	 66.64  	 60.32  	 55.60  	 26.80
2002	   4	  12	   5	 44.17  	 77.59  	 81.07  	 78.85  	 77.69  	 71.26  	 63.46  	 63.36  	 57.56  	 54.92  	 26.09
2002	   4	  30	   5	 39.56  	 63.84  	 75.76  	 76.72  	 79.92  	 74.32  	 64.00  	 65.36  	 59.76  	 56.00  	 27.48
2002	   5	  15	   5	 42.12  	 77.11  	 83.13  	 83.02  	 79.80  	 70.65  	 62.90  	 63.33  	 58.49  	 54.83  	 28.01
2002	   5	  30	   5	 33.65  	 68.71  	 74.99  	 75.74  	 79.36  	 68.39  	 63.81  	 61.25  	 58.48  	 54.75  	 27.11
2002	   6	  12	   5	 39.98  	 71.96  	 79.33  	 82.06  	 80.77  	 75.16  	 64.51  	 65.15  	 59.78  	 55.53  	 27.69
2002	   6	  26	   5	 25.50  	 62.36  	 71.17  	 72.02  	 72.87  	 68.73  	 62.36  	 60.55  	 56.31  	 55.04  	 27.68
2002	   7	  12	   5	 20.91  	 33.44  	 57.89  	 67.04  	 68.42  	 68.18  	 63.64  	 64.61  	 60.57  	 55.46  	 28.38
2002	   7	  31	   5	 23.14  	 36.95  	 46.39  	 58.26  	 62.08  	 58.26  	 56.03  	 59.11  	 57.31  	 54.34  	 26.90
2002	   8	  15	   5	 36.54  	 61.60  	 70.81  	 63.21  	 63.70  	 60.54  	 55.77  	 60.95  	 60.14  	 55.37  	 28.13
2002	   8	  29	   5	 25.92  	 62.21  	 68.17  	 61.78  	 60.82  	 56.99  	 55.07  	 57.63  	 57.20  	 54.86  	 27.53
2002	   9	  12	   5	 20.16  	 47.44  	 58.24  	 61.09  	 60.14  	 57.39  	 54.32  	 57.50  	 55.80  	 54.22  	 26.63
2002	   9	  27	   5	 24.82  	 41.14  	 52.05  	 58.30  	 58.94  	 56.40  	 53.64  	 56.71  	 54.59  	 54.07  	 26.77
2002	  10	  31	   5	 35.95  	 46.91  	 49.22  	 56.99  	 59.20  	 54.68  	 53.42  	 55.00  	 54.37  	 54.05  	 26.50
2002	  11	  27	   5	 35.60  	 42.61  	 50.35  	 58.17  	 61.13  	 58.41  	 52.59  	 56.10  	 55.14  	 54.98  	 27.21
2002	  12	  30	   5	 41.60  	 49.70  	 49.17  	 56.21  	 58.63  	 54.53  	 52.85  	 54.11  	 53.69  	 53.06  	 26.58
2003	   1	  30	   5	 34.18  	 56.05  	 50.79  	 58.13  	 59.88  	 58.44  	 53.26  	 55.33  	 54.30  	 54.30  	 27.67
2003	   2	  27	   5	 41.03  	 68.12  	 54.89  	 57.10  	 59.41  	 54.89  	 53.11  	 54.37  	 53.00  	 53.32  	 27.03
2003	   3	  14	   5	 43.03  	 78.44  	 59.41  	 59.49  	 61.24  	 58.70  	 53.92  	 54.88  	 53.92  	 54.80  	 27.56
2003	   3	  28	   5	 41.32  	 69.58  	 69.58  	 65.89  	 65.15  	 55.56  	 53.87  	 53.87  	 52.50  	 54.08  	 27.04
2003	   4	  15	   5	 24.29  	 61.52  	 73.01  	 69.51  	 65.51  	 59.56  	 54.51  	 57.52  	 56.62  	 55.65  	 28.88
2003	   4	  30	   5	 36.60  	 55.92  	 64.76  	 64.13  	 60.45  	 55.39  	 53.92  	 54.34  	 53.81  	 54.55  	 27.06
2003	   5	  14	   5	 40.02  	 74.56  	 74.56  	 77.71  	 76.45  	 66.55  	 60.55  	 60.76  	 56.65  	 56.13  	 27.17
2003	   5	  29	   5	 30.30  	 69.09  	 71.53  	 72.81  	 76.21  	 66.54  	 62.18  	 59.62  	 56.12  	 55.16  	 27.31
2003	   6	  12	   5	 27.10  	 54.54  	 69.29  	 68.97  	 70.41  	 71.69  	 62.83  	 64.83  	 59.00  	 54.85  	 28.46
2003	   6	  26	   5	 28.24  	 42.69  	 56.81  	 64.94  	 65.91  	 61.20  	 62.27  	 60.88  	 56.92  	 55.00  	 27.98
2003	   7	  15	   5	 38.08  	 64.94  	 62.59  	 61.69  	 65.34  	 64.61  	 59.74  	 64.61  	 59.58  	 56.66  	 29.51
2003	   7	  31	   5	 22.53  	 39.37  	 54.47  	 60.33  	 63.78  	 62.82  	 56.32  	 61.21  	 60.33  	 57.44  	 28.12
2003	   8	  14	   5	 20.49  	 36.01  	 51.85  	 64.61  	 64.61  	 64.21  	 55.40  	 59.28  	 59.04  	 56.53  	 28.87
2003	   8	  27	   5	 17.16  	 33.69  	 43.40  	 55.77  	 59.40  	 55.13  	 54.81  	 56.62  	 54.81  	 54.38  	 27.09
2003	   9	  16	   5	 24.72  	 27.40  	 37.34  	 50.11  	 59.09  	 59.82  	 53.67  	 56.50  	 56.91  	 56.42  	 27.85
2003	   9	  30	   5	 28.70  	 33.30  	 37.82  	 51.80  	 58.42  	 52.64  	 52.54  	 54.95  	 52.85  	 53.06  	 26.64
2003	  10	  30	   5	 28.77  	 38.38  	 38.14  	 49.98  	 59.49  	 57.87  	 53.52  	 56.51  	 54.57  	 54.09  	 27.41
2003	  11	  26	   5	 34.98  	 61.29  	 69.82  	 62.09  	 58.79  	 57.42  	 53.40  	 55.41  	 54.28  	 55.17  	 27.26
2003	  12	  30	   5	 37.87  	 66.86  	 74.97  	 69.59  	 67.74  	 67.02  	 63.01  	 63.89  	 58.84  	 56.75  	 27.57
2004	   1	  29	   5	 43.76  	 67.52  	 64.69  	 64.59  	 64.06  	 58.83  	 58.31  	 59.15  	 56.95  	 55.28  	 27.53
2004	   2	  26	   5	 47.64  	 79.31  	 76.36  	 75.48  	 78.36  	 70.13  	 62.54  	 63.34  	 58.62  	 56.22  	 28.27
2004	   3	  12	   5	 45.34  	 75.55  	 81.58  	 78.09  	 79.68  	 69.83  	 62.36  	 62.12  	 58.95  	 55.93  	 28.08
2004	   3	  31	   5	 46.21  	 85.56  	 80.46  	 76.60  	 75.98  	 64.20  	 61.70  	 59.20  	 55.25  	 52.64  	 26.68
2004	   4	  15	   5	 34.28  	 71.39  	 73.50  	 72.34  	 77.10  	 65.15  	 62.83  	 60.71  	 55.21  	 54.26  	 26.76
2004	   4	  29	   5	 31.18  	 67.17  	 73.88  	 73.64  	 77.12  	 72.11  	 65.15  	 64.67  	 60.14  	 56.58  	 27.85
2004	   5	  12	   5	 36.78  	 69.68  	 71.27  	 68.83  	 72.76  	 67.35  	 61.83  	 60.87  	 56.20  	 53.87  	 26.99
2004	   5	  27	   5	 46.13  	 82.05  	 85.51  	 83.34  	 81.57  	 72.07  	 63.22  	 64.27  	 59.92  	 56.38  	 28.35
2004	   6	  15	   5	 39.35  	 80.90  	 80.69  	 78.60  	 77.24  	 65.11  	 62.70  	 59.46  	 54.65  	 55.38  	 27.33
2004	   6	  30	   5	 31.72  	 69.89  	 73.18  	 73.18  	 77.75  	 67.13  	 62.46  	 60.34  	 56.52  	 54.19  	 27.04
