# Station Name: Brownstown
# Station Code: BRW
# Station Latitude: 38.950000
# Station Longitude: 88.950000
# Station Altitude: 177.000000
Year	  MO	  DY	 Sta	 0-10cm 	 10-30  	 30-50  	 50-70  	 70-90  	 90-110 	 110-130	 130-150	 150-170	 170-190	 190-200
1981	   4	  30	   3	 28.25  	 33.81  	 41.43  	 41.32  	 61.78  	 48.97  	 48.39  	 52.41  	 50.62  	 49.51  	 27.02
1981	   6	   4	   3	 27.92  	 58.90  	 58.05  	 74.35  	 71.15  	 61.69  	 63.15  	 62.73  	 62.57  	 59.20  	 29.60
1981	   6	  13	   3	 32.36  	 60.05  	 57.43  	 73.33  	 70.41  	 62.43  	 61.91  	 64.37  	 61.56  	 58.26  	 29.13
1981	   6	  23	   3	 33.62  	 59.61  	 57.20  	 71.11  	 70.60  	 62.94  	 61.75  	 64.82  	 62.40  	 57.87  	 28.94
1981	   6	  30	   3	 30.72  	 48.67  	 46.72  	 70.84  	 71.04  	 61.15  	 62.83  	 64.70  	 65.28  	 59.26  	 29.63
1981	   7	   8	   3	 26.14  	 52.19  	 48.12  	 72.01  	 69.61  	 61.73  	 62.89  	 63.50  	 64.72  	 59.17  	 29.59
1981	   7	  28	   3	 20.18  	 63.52  	 64.27  	 74.26  	 67.14  	 59.92  	 60.53  	 60.96  	 61.04  	 58.40  	 29.20
1981	   8	  12	   3	 22.20  	 52.48  	 48.68  	 72.91  	 66.90  	 61.71  	 62.47  	 64.02  	 63.56  	 58.67  	 29.33
1981	   8	  24	   3	 20.29  	 46.58  	 45.21  	 71.61  	 68.14  	 61.55  	 62.07  	 61.28  	 59.76  	 57.83  	 28.92
1981	   9	  16	   3	 30.85  	 58.79  	 53.68  	 71.99  	 67.74  	 61.41  	 61.76  	 63.32  	 62.85  	 59.48  	 29.74
1981	   9	  29	   3	 20.80  	 50.90  	 48.20  	 69.18  	 69.49  	 63.14  	 64.61  	 59.00  	 62.41  	 56.36  	 28.18
1981	  10	  14	   3	 21.67  	 42.38  	 43.46  	 67.48  	 64.94  	 59.48  	 59.22  	 58.57  	 56.19  	 55.97  	 27.99
1981	  10	  27	   3	 38.72  	 60.99  	 57.46  	 75.90  	 68.65  	 62.30  	 62.09  	 63.60  	 61.69  	 59.67  	 29.84
1981	  11	  13	   3	 31.98  	 61.37  	 55.76  	 75.39  	 70.70  	 63.12  	 62.48  	 62.94  	 60.57  	 61.73  	 30.87
1981	  12	   1	   3	 21.64  	 58.94  	 55.35  	 71.56  	 65.80  	 57.79  	 59.49  	 58.59  	 57.61  	 57.75  	 28.88
1981	  12	  29	   3	 34.47  	 64.60  	 65.55  	 77.82  	 75.04  	 63.66  	 62.81  	 65.46  	 64.51  	 60.90  	 30.45
1982	   1	  26	   3	 35.01  	 69.86  	 52.10  	 73.51  	 68.22  	 60.45  	 60.07  	 62.97  	 61.46  	 61.20  	 30.60
1982	   2	  24	   3	 40.93  	 66.05  	 60.48  	 63.55  	 65.86  	 59.77  	 59.19  	 59.75  	 58.33  	 56.66  	 28.33
1982	   3	  15	   3	 53.12  	 69.38  	 66.22  	 77.12  	 69.71  	 63.81  	 63.97  	 65.00  	 63.47  	 60.33  	 30.17
1982	   3	  30	   3	 35.96  	 65.84  	 63.12  	 77.05  	 70.75  	 62.24  	 64.04  	 64.86  	 62.90  	 60.81  	 30.41
1982	   4	  16	   3	 44.79  	 63.13  	 61.08  	 77.56  	 72.21  	 64.64  	 64.43  	 67.23  	 64.13  	 62.88  	 31.44
1982	   4	  27	   3	 27.87  	 55.44  	 51.75  	 70.36  	 66.11  	 58.30  	 59.48  	 59.95  	 58.22  	 56.68  	 28.34
1982	   5	  13	   3	 20.96  	 35.61  	 37.20  	 55.76  	 55.86  	 51.05  	 51.70  	 50.50  	 49.91  	 49.08  	 24.54
1982	   5	  20	   3	 11.85  	 32.71  	 44.58  	 73.69  	 71.82  	 64.54  	 65.95  	 66.11  	 64.73  	 62.30  	 31.15
1982	   5	  26	   3	 28.63  	 32.11  	 40.73  	 47.44  	 48.04  	 42.50  	 42.92  	 43.50  	 42.93  	 41.20  	 20.60
1982	   6	  14	   3	 26.05  	 51.56  	 51.01  	 71.65  	 68.36  	 61.35  	 62.04  	 61.89  	 62.23  	 60.03  	 30.02
1982	   6	  29	   3	 35.18  	 54.90  	 51.76  	 72.52  	 69.45  	 64.13  	 64.70  	 64.34  	 64.53  	 61.90  	 30.95
1982	   7	  13	   3	 36.15  	 57.41  	 59.29  	 73.00  	 66.95  	 62.18  	 61.90  	 62.23  	 61.43  	 58.45  	 29.23
1982	   7	  30	   3	 26.51  	 53.10  	 55.96  	 75.47  	 71.55  	 64.99  	 64.67  	 66.03  	 64.32  	 61.75  	 30.87
1982	   8	  10	   3	 19.37  	 34.20  	 44.94  	 72.75  	 70.51  	 65.77  	 66.18  	 65.35  	 64.59  	 60.30  	 30.15
1982	   8	  31	   3	 29.79  	 43.43  	 39.17  	 70.71  	 69.70  	 64.56  	 63.62  	 64.69  	 63.45  	 60.20  	 30.10
1982	   9	  14	   3	 36.50  	 52.58  	 49.92  	 71.02  	 69.17  	 63.75  	 65.30  	 65.67  	 65.77  	 60.29  	 30.14
1982	   9	  28	   3	 33.13  	 57.51  	 57.55  	 77.63  	 71.89  	 65.98  	 65.63  	 66.17  	 66.13  	 62.20  	 31.10
1982	  10	  26	   3	 37.33  	 56.39  	 58.64  	 77.77  	 69.94  	 63.89  	 66.18  	 65.29  	 63.75  	 61.24  	 30.62
1982	  11	  29	   3	 43.25  	 66.34  	 66.14  	 75.10  	 70.17  	 62.85  	 62.83  	 64.21  	 62.25  	 60.00  	 30.00
1982	  12	  13	   3	 39.62  	 64.23  	 68.62  	 79.58  	 71.82  	 66.13  	 66.71  	 66.80  	 65.08  	 62.59  	 31.29
1982	  12	  28	   3	 44.98  	 71.16  	 69.57  	 78.35  	 71.30  	 65.34  	 66.13  	 66.10  	 64.74  	 63.14  	 31.57
1983	   1	  25	   3	 36.43  	 62.18  	 61.75  	 79.60  	 72.28  	 65.77  	 64.38  	 64.76  	 63.97  	 60.90  	 30.45
1983	   2	  22	   3	 35.64  	 62.25  	 65.64  	 79.10  	 73.30  	 67.28  	 66.38  	 66.31  	 65.36  	 62.69  	 31.35
1983	   3	  15	   3	 36.88  	 63.35  	 64.02  	 79.35  	 73.23  	 65.24  	 66.21  	 64.92  	 63.69  	 60.96  	 30.48
1983	   3	  28	   3	 40.83  	 67.86  	 67.87  	 80.18  	 74.53  	 67.31  	 66.60  	 66.02  	 63.90  	 63.48  	 31.74
1983	   4	  12	   3	 41.69  	 72.68  	 71.73  	 80.32  	 76.12  	 66.36  	 69.17  	 68.33  	 66.98  	 64.38  	 32.19
1983	   4	  26	   3	 32.49  	 61.15  	 60.96  	 79.63  	 73.21  	 65.66  	 66.75  	 66.95  	 64.34  	 60.93  	 30.47
1983	   5	  16	   3	 42.66  	 66.75  	 66.98  	 81.91  	 75.01  	 67.96  	 67.78  	 67.39  	 66.69  	 62.60  	 31.30
1983	   5	  31	   3	 34.69  	 58.93  	 56.83  	 74.28  	 74.08  	 65.16  	 64.84  	 65.68  	 63.97  	 61.56  	 30.78
1983	   6	  13	   3	 31.78  	 56.83  	 56.92  	 78.31  	 73.45  	 66.63  	 67.18  	 66.64  	 62.60  	 62.35  	 31.17
1983	   6	  27	   3	 29.09  	 39.86  	 47.17  	 76.15  	 77.29  	 66.69  	 67.76  	 66.56  	 66.25  	 62.52  	 31.26
1983	   7	  11	   3	 24.88  	 42.90  	 47.68  	 72.88  	 73.58  	 65.91  	 67.75  	 65.49  	 63.97  	 61.50  	 30.75
1983	   7	  26	   3	 10.68  	 15.36  	 28.21  	 65.95  	 72.01  	 65.66  	 66.12  	 66.94  	 64.22  	 62.17  	 31.09
1983	   8	  15	   3	  0.57  	  8.93  	 12.46  	 49.96  	 61.61  	 65.04  	 63.94  	 65.12  	 61.15  	 59.99  	 30.00
1983	   8	  29	   3	  7.16  	 13.98  	 19.47  	 47.67  	 62.27  	 64.49  	 65.85  	 65.48  	 62.31  	 62.69  	 31.34
1983	   9	  12	   3	 19.69  	 20.16  	 22.67  	 49.17  	 59.97  	 62.22  	 64.91  	 63.96  	 58.62  	 59.24  	 29.62
1983	   9	  27	   3	 13.06  	 27.20  	 23.83  	 48.43  	 61.55  	 64.03  	 66.30  	 66.64  	 62.05  	 62.36  	 31.18
1983	  10	  25	   3	 30.93  	 62.05  	 65.97  	 74.90  	 69.42  	 62.55  	 64.35  	 63.66  	 62.46  	 60.52  	 30.26
1983	  11	  30	   3	 36.53  	 65.39  	 68.29  	 75.57  	 71.38  	 64.70  	 64.11  	 64.89  	 62.53  	 61.83  	 30.91
1983	  12	  29	   3	 31.92  	 60.16  	 58.16  	 71.31  	 69.38  	 62.24  	 63.04  	 63.34  	 60.67  	 60.00  	 30.00
1984	   1	  30	   3	 41.59  	 61.51  	 56.38  	 68.36  	 69.16  	 63.18  	 64.30  	 63.07  	 62.80  	 61.24  	 29.86
1984	   2	  13	   3	999.99  	 66.58  	 63.51  	 72.17  	 67.30  	 60.14  	 62.76  	 60.82  	 59.31  	 59.75  	 29.87
1984	   3	   7	   3	 42.66  	 75.98  	 80.35  	 81.65  	 80.81  	 72.82 -	999.99 -	999.99 -	999.99 -	999.99 -	999.99
1984	   3	  19	   3	 53.43  	 81.50  	 76.65  	 84.51  	 79.12  	 71.63  	 70.44  	 72.63  	 73.27  	 68.52  	 32.21
1984	   4	   2	   3	 46.36  	 73.38  	 76.82  	 86.39  	 76.72  	 70.03  	 72.17  	 73.93  	 74.12  	 69.56  	 31.95
1984	   4	  19	   3	 42.94  	 72.95  	 75.10  	 87.30  	 77.80  	 71.18  	 72.77  	 72.95  	 74.26  	 68.30  	 32.66
1984	   4	  30	   3	 46.05  	 77.94  	 76.83  	 84.60  	 75.81  	 70.72  	 71.09  	 73.22  	 74.23  	 67.66  	 32.12
1984	   5	  18	   3	 38.33  	 68.07  	 67.05  	 85.00  	 79.88  	 70.96  	 72.17  	 73.84  	 74.77  	 68.45  	 32.22
1984	   6	   4	   3	 34.98  	 64.13  	 63.10  	 84.53  	 76.30  	 70.49  	 72.74  	 74.61  	 74.80  	 67.22  	 32.67
1984	   6	  14	   3	 27.13  	 52.78  	 54.38  	 79.72  	 75.67  	 71.25  	 73.22  	 73.41  	 75.39  	 68.33  	 32.94
1984	   6	  27	   3	 20.40  	 42.08  	 56.90  	 82.24  	 76.58  	 73.93  	 75.29  	 76.37  	 75.51  	 69.14  	 35.64
1984	   7	  16	   3	999.99  	 18.33  	 28.61  	 69.73  	 74.90  	 73.83  	 74.11  	 75.84  	 77.28  	 69.01  	 34.47
1984	   7	  30	   3	  8.72  	 16.57  	 23.34  	 62.46  	 65.34  	 72.47  	 75.21  	 75.72  	 73.92  	 71.18  	 34.69
1984	   8	  16	   3	  8.78  	 16.54  	 23.13  	 58.52  	 61.79  	 69.76  	 74.04  	 76.00  	 73.82  	 70.42  	 34.88
1984	   8	  30	   3	  9.55 -	999.99 -	999.99 -	999.99 -	999.99 -	999.99 -	999.99 -	999.99 -	999.99 -	999.99 -	999.99
1984	   9	  12	   3	 27.68  	 33.46  	 21.99  	 55.87  	 60.09  	 61.43  	 69.89  	 71.43  	 69.48  	 68.81  	 33.90
1984	   9	  26	   3	 34.49  	 67.84  	 67.05  	 80.35  	 60.97  	 61.69  	 69.70  	 74.00  	 74.00  	 68.31  	 33.69
1984	  10	  29	   3	 38.94  	 72.01  	 76.25  	 87.19  	 76.78  	 69.22  	 71.68 -	999.99 -	999.99 -	999.99 -	999.99
1984	  11	  29	   3	 43.72 -	999.99 -	999.99 -	999.99 -	999.99 -	999.99 -	999.99 -	999.99 -	999.99 -	999.99 -	999.99
1985	   1	   2	   3	999.99  	 77.11  	 80.69  	 86.69  	 77.17  	 70.27  	 72.42  	 75.02  	 75.22  	 67.40  	 33.70
1985	   3	  19	   3	 43.78  	 73.20  	 72.28  	 84.98  	 76.67  	 71.10  	 72.80  	 75.23  	 74.24  	 67.63  	 33.65
1985	   3	  26	   3	 37.90  	 70.74  	 66.77  	 84.50  	 77.36  	 72.85  	 73.58  	 76.23  	 75.70  	 68.88  	 33.81
1985	   4	  15	   3	 39.09  	 80.73  	 78.88  	 87.48  	 78.75  	 72.13  	 73.98  	 75.44  	 76.43  	 68.55  	 34.34
1985	   4	  30	   3	 28.92  	 58.28  	 57.68  	 83.36  	 76.71  	 72.12  	 73.45  	 74.84  	 75.11  	 68.46  	 34.13
1985	   5	  15	   3	 34.10  	 62.81  	 61.42  	 82.17  	 76.33  	 72.55  	 72.69  	 75.40  	 75.60  	 68.05  	 33.53
1985	   5	  28	   3	 25.20  	 53.71  	 54.37  	 81.07  	 76.95  	 72.37  	 72.37  	 75.76  	 74.56  	 67.52  	 33.89
1985	   6	  12	   3	 32.94  	 69.68  	 66.90  	 83.97  	 77.02  	 72.26  	 72.85  	 75.63  	 75.44  	 68.95  	 33.58
1985	   6	  27	   3	 25.70  	 57.95  	 57.75  	 83.84  	 77.06  	 73.04  	 73.78  	 75.66  	 75.92  	 69.89  	 34.17
1985	   7	  15	   3	 19.94  	 52.88  	 54.62  	 80.63  	 77.28  	 73.59  	 74.33  	 75.74  	 75.87  	 68.77  	 34.12
1985	   7	  30	   3	 16.17  	 40.06  	 48.99  	 78.32  	 76.58  	 73.89  	 73.02  	 75.30  	 75.30  	 68.79  	 34.06
1985	   8	  16	   3	 22.14  	 56.40  	 53.49  	 77.83  	 75.98  	 71.55  	 72.74  	 73.47  	 75.05  	 68.18  	 33.76
1985	   8	  28	   3	 26.51  	 62.56  	 60.97  	 80.82  	 75.64  	 71.99  	 72.52  	 76.44  	 74.51  	 68.07  	 34.00
1985	   9	  11	   3	 19.48  	 50.32  	 52.46  	 80.29  	 74.23  	 72.10  	 72.50  	 72.63  	 70.70  	 69.04  	 33.55
1985	   9	  26	   3	 15.10  	 37.15  	 46.68  	 77.04  	 74.72  	 71.62  	 72.01  	 73.80  	 69.37  	 68.57  	 33.26
1985	  10	  15	   3	 15.45  	 26.70  	 41.78  	 74.48  	 73.08  	 71.49  	 71.89  	 73.02  	 69.56  	 67.90  	 33.72
1985	  10	  25	   3	 16.87  	 29.22  	 40.52  	 73.08  	 74.61  	 70.82  	 72.68  	 72.35  	 69.43  	 68.03  	 33.95
1985	  10	  28	   3	 10.50  	 28.32  	 39.32  	 73.86  	 74.86  	 72.20  	 71.26  	 72.13  	 69.33  	 67.79  	 34.20
1985	  11	  21	   3	 32.35  	 72.93  	 79.25  	 85.77  	 75.63  	 71.61  	 71.28  	 75.89  	 73.06  	 67.59  	 33.96
1986	   1	   2	   3	 35.88  	 68.12  	 65.22  	 84.52  	 78.72  	 72.80  	 73.52  	 75.03  	 75.56  	 68.25  	 33.34
1986	   1	  29	   3	 31.80  	 66.12  	 64.94  	 84.43  	 78.53  	 72.09  	 73.01  	 73.67  	 74.59  	 69.47  	 33.75
1986	   2	  26	   3	 39.29  	 76.61  	 76.68  	 88.73  	 78.07  	 73.17  	 72.37  	 73.70  	 75.29  	 68.60  	 34.53
1986	   4	   1	   3	 35.44  	 65.12  	 64.13  	 83.99  	 78.22  	 73.05  	 71.41  	 72.72  	 74.69  	 67.15  	 33.25
1986	   4	  18	   3	 16.63  	 48.70  	 53.84  	 80.01  	 76.58  	 72.04  	 73.22  	 74.47  	 74.34  	 67.88  	 34.44
1986	   4	  30	   3	 13.57  	 30.76  	 47.68  	 79.32  	 76.97  	 72.60  	 74.89  	 76.23  	 76.30  	 69.11  	 34.59
1986	   5	  14	   3	 12.25  	 21.98  	 32.70  	 72.99  	 76.27  	 73.73  	 72.86  	 75.34  	 74.87  	 68.83  	 34.75
1986	   5	  29	   3	 24.67  	 23.46  	 31.30  	 71.80  	 75.26  	 72.20  	 73.73  	 73.33  	 75.46  	 68.74  	 33.81
1986	   6	  17	   3	  8.82  	 18.13  	 25.79  	 65.75  	 71.80  	 71.53  	 73.81  	 73.54  	 72.67  	 68.97  	 34.49
1986	   6	  30	   3	 26.55  	 13.02  	 21.28  	 54.35  	 61.89  	 66.96  	 67.82  	 67.77  	 65.67  	 62.54  	 33.54
1986	   7	   2	   3	 26.55 -	999.99 -	999.99 -	999.99 -	999.99 -	999.99 -	999.99 -	999.99 -	999.99 -	999.99 -	999.99
1986	   7	  15	   3	 24.28 -	999.99 -	999.99 -	999.99 -	999.99 -	999.99 -	999.99 -	999.99 -	999.99 -	999.99 -	999.99
1986	   7	  29	   3	 21.41 -	999.99 -	999.99 -	999.99 -	999.99 -	999.99 -	999.99 -	999.99 -	999.99 -	999.99 -	999.99
1986	   8	  13	   3	 17.97  	 23.22  	 25.22  	 54.45  	 58.22  	 61.75  	 63.88  	 65.41  	 63.82  	 61.02  	 30.15
1986	   8	  27	   3	 13.70  	 18.34  	 24.93  	 58.40  	 63.71  	 68.08  	 70.30  	 71.31  	 70.50  	 67.48  	 33.84
1986	   9	  15	   3	 14.83  	 21.38  	 23.20  	 57.12  	 61.57  	 66.76  	 70.27  	 71.55  	 68.92  	 68.58  	 34.06
1986	   9	  29	   3	 11.74  	 19.30  	 23.15  	 57.29  	 61.48  	 65.12  	 69.30  	 71.46  	 69.51  	 68.97  	 34.31
1986	  10	  28	   3	 30.21  	 66.53  	 65.33  	 75.62  	 62.72  	 65.93  	 69.27  	 70.81  	 72.94  	 67.87  	 34.23
1986	  11	  24	   3	 29.80  	 63.41  	 62.02  	 80.15  	 63.94  	 65.07  	 69.96  	 70.62  	 67.45  	 67.51  	 33.86
1986	  12	  29	   3	 34.92  	 65.56  	 66.27  	 84.82  	 76.88  	 70.70  	 72.06  	 70.11  	 72.32  	 66.66  	 33.33
1987	   1	  28	   3	 55.06  	 67.68  	 67.42  	 85.38  	 78.73  	 71.37  	 72.55  	 73.08  	 73.54  	 69.33  	 33.71
1987	   2	  25	   3	 36.58  	 69.69  	 70.35  	 87.38  	 79.06  	 71.14  	 72.46  	 74.11  	 75.56  	 67.91  	 34.05
1987	   3	  16	   3	 33.80  	 70.43  	 68.52  	 86.47  	 78.88  	 70.96  	 71.95  	 75.18  	 75.25  	 67.80  	 33.80
1987	   3	  30	   3	 31.76  	 68.10  	 66.85  	 84.80  	 79.14  	 72.11  	 72.83  	 73.62  	 74.87  	 67.04  	 33.55
1987	   4	  14	   3	 38.11  	 76.89  	 73.96  	 85.85  	 77.48  	 71.37  	 73.43  	 74.36  	 74.69  	 68.58  	 34.62
1987	   4	  30	   3	 21.56  	 57.54  	 57.67  	 81.17  	 76.97  	 71.49  	 73.23  	 74.43  	 75.56  	 67.89  	 34.64
1987	   5	  14	   3	 31.86  	 45.85  	 52.20  	 79.28  	 76.65  	 73.47  	 73.67  	 76.85  	 76.58  	 70.43  	 34.41
1987	   5	  27	   3	 17.37  	 48.22  	 44.18  	 77.24  	 75.63  	 71.32  	 73.34  	 77.65  	 76.10  	 69.36  	 34.41
1987	   6	  15	   3	 10.40  	 18.55  	 26.61  	 68.39  	 74.28  	 72.79  	 73.60  	 73.33  	 75.43  	 70.02  	 34.84
1987	   6	  29	   3	 12.75  	 17.95  	 25.51  	 65.53  	 72.48  	 71.87  	 72.88  	 72.75  	 70.92  	 69.17  	 34.92
1987	   7	  14	   3	 30.66  	 52.33  	 31.19  	 65.86  	 70.40  	 70.60  	 72.40  	 75.26  	 76.60  	 66.79  	 34.70
1987	   8	   5	   3	 15.50  	 19.46  	 27.78  	 65.91  	 69.53  	 70.20  	 71.88  	 72.28  	 70.81  	 68.59  	 34.36
1987	   8	  13	   3	 25.75  	 18.14  	 25.11  	 61.85  	 69.70  	 70.92  	 71.39  	 73.49  	 70.85  	 68.34  	 35.02
1987	   8	  27	   3	 26.84  	 17.50  	 22.70  	 57.82  	 64.08  	 67.84  	 70.14  	 70.93  	 67.64  	 66.98  	 33.49
1987	   9	  14	   3	 11.76  	 16.60  	 22.47  	 59.72  	 64.18  	 69.24  	 71.40  	 72.68  	 68.76  	 67.82  	 34.25
1987	   9	  28	   3	 19.04  	 16.36  	 22.40  	 58.08  	 62.64  	 67.74  	 70.02  	 70.36  	 67.54  	 68.48  	 34.41
1987	  10	  27	   3	 40.18  	 20.48  	 23.81  	 58.08  	 62.87  	 66.39  	 69.79  	 69.65  	 66.79  	 67.19  	 34.23
1987	  11	  30	   3	 36.56  	 64.10  	 61.27  	 64.76  	 60.15  	 64.57  	 67.33  	 68.52  	 66.54  	 65.09  	 33.76
1988	   1	   4	   3	 46.28  	 69.59  	 72.40  	 86.45  	 77.50  	 68.34  	 71.68  	 71.22  	 73.64  	 68.41  	 33.16
1988	   1	  25	   3	 43.60  	 72.69  	 75.37  	 84.12  	 78.24  	 70.47  	 71.58  	 72.17  	 74.19  	 67.08  	 33.08
1988	   2	  29	   3	 50.90  	 74.76  	 77.27  	 87.24  	 78.85  	 71.92  	 71.98  	 73.90  	 75.68  	 67.62  	 34.31
1988	   3	  14	   3	 43.53  	 74.18  	 77.57  	 87.11  	 77.84  	 70.13  	 72.54  	 72.94  	 80.71  	 66.86  	 33.53
1988	   3	  29	   3	 37.60  	 76.89  	 76.76  	 87.22  	 77.29  	 70.64  	 71.83  	 72.55  	 72.94  	 67.48  	 33.74
1988	   4	  14	   3	 38.77  	 65.13  	 63.55  	 84.01  	 78.47  	 72.20  	 72.59  	 73.85  	 76.09  	 66.72  	 33.89
1988	   4	  27	   3	 28.41  	 52.58  	 54.84  	 80.67  	 76.62  	 71.84  	 72.24  	 75.56  	 74.36  	 67.59  	 34.09
1988	   5	  11	   3	 26.45  	 30.27  	 46.88  	 78.17  	 76.36  	 72.40  	 72.34  	 74.95  	 76.09  	 68.12  	 33.66
1988	   5	  25	   3	 14.13  	 19.96  	 30.32  	 72.34  	 74.95  	 72.81  	 71.67  	 72.81  	 75.68  	 69.00  	 33.83
1988	   6	  14	   3	  8.39  	 17.21  	 23.35  	 61.00  	 69.84  	 71.46  	 72.14  	 74.16  	 70.18  	 68.22  	 34.28
1988	   7	   6	   3	 10.07  	 14.66  	 20.43  	 54.49  	 61.00  	 69.82  	 73.35  	 72.94  	 70.64  	 69.35  	 34.40
1988	   7	  13	   3	  8.28  	 14.96  	 20.62  	 53.98  	 58.36  	 68.27  	 72.18  	 71.77  	 69.48  	 68.74  	 34.57
1988	   7	  27	   3	 17.16  	 20.51  	 21.80  	 54.46  	 58.87  	 68.78  	 71.16  	 73.13  	 69.94  	 68.65  	 34.73
1988	   8	  15	   3	  8.23  	 14.81  	 20.42  	 51.73  	 56.80  	 65.25  	 70.53  	 70.19  	 72.08  	 68.97  	 33.74
1988	   8	  30	   3	 17.19  	 21.43  	 22.77  	 52.58  	 56.73  	 63.56  	 68.12  	 70.33  	 67.92  	 67.58  	 34.39
1988	   9	  14	   3	 20.62  	 19.62  	 22.04  	 53.36  	 56.25  	 63.64  	 69.16  	 70.16  	 68.69  	 67.14  	 33.94
1988	   9	  28	   3	 11.70  	 17.05  	 21.23  	 54.11  	 57.08  	 62.27  	 69.68  	 69.34  	 66.99  	 67.26  	 34.34
1988	  10	  26	   3	 22.36  	 24.63  	 21.99  	 52.40  	 55.44  	 60.07  	 67.20  	 67.54  	 65.62  	 65.22  	 33.07
1988	  11	  29	   3	 34.49  	 63.18  	 63.12  	 71.74  	 56.40  	 60.22  	 67.59  	 67.66  	 65.29  	 64.70  	 33.04
1989	   1	   3	   3	 51.44  	 67.01  	 64.20  	 81.73  	 68.78  	 60.02  	 64.40  	 67.41  	 63.68  	 64.79  	 32.95
1989	   1	  30	   3	 37.15  	 68.49  	 69.55  	 85.76  	 78.88  	 71.20  	 70.74  	 73.58  	 73.38  	 66.50  	 33.61
1989	   2	  28	   3	 46.13  	 66.98  	 67.96  	 82.27  	 79.38  	 70.91  	 70.32  	 72.75  	 72.49  	 66.52  	 33.65
1989	   3	  15	   3	 51.79  	 77.16  	 78.15  	 86.36  	 80.20  	 71.80  	 72.46  	 73.91  	 73.85  	 67.43  	 33.68
1989	   3	  29	   3	 37.50  	 72.09  	 73.93  	 86.76  	 79.06  	 71.04  	 71.63  	 74.85  	 72.55  	 66.30  	 33.81
1989	   4	  12	   3	 46.65  	 72.22  	 75.77  	 87.35  	 80.58  	 71.43  	 71.89  	 74.46  	 73.80  	 66.43  	 34.20
1989	   4	  26	   3	 34.26  	 64.01  	 62.28  	 83.71  	 78.03  	 71.89  	 72.09  	 74.90  	 74.50  	 68.09  	 34.04
1989	   5	  10	   3	 38.17  	 62.66  	 60.27  	 81.36  	 76.85  	 71.21  	 72.47  	 74.86  	 74.92  	 68.09  	 33.65
1989	   5	  17	   3	 27.62  	 55.96  	 53.61  	 76.61  	 73.98  	 70.32  	 70.04  	 72.10  	 73.60  	 66.00  	 33.33
1989	   5	  30	   3	 38.29  	 68.75  	 69.29  	 86.11  	 79.64  	 71.63  	 72.96  	 75.30  	 74.76  	 68.22  	 33.64
1989	   6	  13	   3	 38.29  	 61.64  	 60.31  	 81.55  	 77.09  	 71.83  	 72.90  	 76.49  	 74.83  	 67.04  	 33.55
1989	   6	  28	   3	 20.07  	 52.60  	 54.56  	 83.69  	 84.90  	 74.99  	 70.94  	 66.29  	 67.10  	 67.98 -	999.99
1989	   7	  12	   3	 13.94  	 36.66  	 46.84  	 80.53  	 83.90  	 73.79  	 71.57  	 66.04  	 66.65  	 68.74 -	999.99
1989	   7	  26	   3	 21.79  	 38.79  	 45.23  	 80.69  	 84.49  	 74.45  	 71.54  	 66.93  	 68.69  	 69.10 -	999.99
1989	   8	  15	   3	  8.72  	 18.99  	 31.80  	 74.86  	 80.01  	 73.30  	 70.86  	 67.26  	 67.81  	 68.21  	 34.99
1989	   8	  29	   3	 45.70  	 56.63  	 57.97  	 82.11  	 82.31  	 72.39  	 68.90  	 65.55  	 66.49  	 68.70 -	999.99
1989	   9	  12	   3	 33.61  	 58.99  	 59.06  	 81.47  	 81.67  	 71.50  	 68.96  	 65.82  	 67.29  	 68.02 -	999.99
1989	   9	  26	   3	 32.95  	 60.23  	 60.90  	 84.64  	 84.98  	 72.77  	 70.49  	 66.87  	 66.67  	 68.34 -	999.99
1989	  10	  24	   3	 28.04  	 60.09  	 60.15  	 84.09  	 84.36  	 74.25  	 71.01  	 67.10  	 68.18  	 68.72 -	999.99
1989	  11	  28	   3	 22.51  	 61.58  	 61.84  	 85.35  	 85.28  	 75.49  	 70.03  	 66.31  	 66.90  	 68.04 -	999.99
1990	   1	   2	   3	 38.52  	 62.66  	 60.82  	 83.69  	 83.49  	 73.83  	 70.68  	 65.55  	 65.95  	 68.25 -	999.99
1990	   1	  30	   3	 37.90  	 67.63  	 67.63  	 86.33  	 85.27  	 75.32  	 71.28  	 67.36  	 68.16  	 69.29 -	999.99
1990	   2	  27	   3	 48.22  	 75.46  	 70.22  	 86.53  	 85.34  	 74.99  	 70.61  	 68.56  	 68.69  	 68.89 -	999.99
1990	   3	  14	   3	 44.98  	 68.94  	 68.08  	 85.72  	 84.66  	 75.84  	 70.48  	 67.41  	 67.51  	 67.70  	 34.66
1990	   3	  27	   3	 56.44  	 75.42  	 69.25  	 88.51  	 86.18  	 74.69  	 70.97  	 66.99  	 68.12  	 69.12 -	999.99
1990	   4	  17	   3	 50.18  	 77.53  	 69.36  	 86.84  	 86.37  	 74.61  	 72.02  	 68.56  	 67.90  	 68.90 -	999.99
1990	   5	   1	   3	 44.48  	 67.75  	 65.08  	 87.52  	 84.98  	 74.70  	 71.02  	 68.29  	 68.95  	 69.02 -	999.99
1990	   5	  15	   3	 62.36  	 77.20  	 70.22  	 86.77  	 85.31  	 75.08  	 71.49  	 66.77  	 68.43  	 68.76 -	999.99
1990	   5	  29	   3	 49.14  	 76.38  	 70.91  	 88.06  	 85.12  	 74.18  	 71.64  	 67.24  	 68.77  	 68.31 -	999.99
1990	   6	  13	   3	 39.10  	 64.20  	 62.79  	 87.09  	 85.34  	 75.78  	 72.21  	 68.38  	 68.44  	 69.72 -	999.99
1990	   6	  27	   3	 33.85  	 65.53  	 62.24  	 86.79  	 85.45  	 75.86  	 72.10  	 68.34  	 69.35  	 69.55 -	999.99
1990	   7	  16	   3	 22.24  	 42.86  	 48.45  	 83.03  	 85.18  	 75.01  	 72.11  	 68.13  	 69.95  	 70.02 -	999.99
1990	   7	  30	   3	 19.18  	 35.32  	 44.59  	 81.06  	 85.03  	 75.69  	 71.46  	 66.96  	 68.44  	 69.71 -	999.99
1990	   8	  14	   3	 17.37  	 33.25  	 41.29  	 80.95  	 85.68  	 75.21  	 71.22  	 67.64  	 69.80  	 70.01 -	999.99
1990	   8	  29	   3	 15.88  	 26.83  	 38.35  	 79.08  	 84.29  	 75.35  	 72.84  	 68.71  	 70.27  	 70.95 -	999.99
1990	   9	  12	   3	 15.17  	 22.17  	 33.20  	 76.55  	 80.92  	 73.86  	 71.58  	 68.21  	 69.02  	 70.43 -	999.99
1990	   9	  26	   3	 14.68  	 28.60  	 34.35  	 76.41  	 80.81  	 73.64  	 71.61  	 69.45  	 68.77  	 70.39 -	999.99
1990	  10	  29	   3	 21.87  	 55.70  	 56.71  	 82.54  	 82.21  	 73.44  	 72.09  	 68.52  	 69.26  	 69.39 -	999.99
1990	  11	  28	   3	 45.40  	 67.77  	 68.17  	 84.21  	 82.63  	 72.26  	 70.09  	 67.05  	 68.43  	 68.83 -	999.99
1991	   1	   2	   3	 47.79  	 70.58  	 67.38  	 85.94  	 83.06  	 73.00  	 71.24  	 67.32  	 67.51  	 67.78 -	999.99
1991	   1	  29	   3	 60.55  	 71.00  	 68.20  	 84.74  	 83.31  	 72.83  	 70.09  	 68.33  	 68.20  	 68.20 -	999.99
1991	   2	  28	   3	 47.49  	 73.04  	 71.11  	 85.94  	 84.21  	 75.35  	 70.24  	 67.07  	 69.18  	 69.86  	 35.31
1991	   3	  14	   3	 70.26  	 71.60  	 69.14  	 84.89  	 83.94  	 73.31  	 68.66  	 67.71  	 69.33  	 68.38  	 35.61
1991	   3	  28	   3	 49.44  	 71.22  	 68.15  	 85.22  	 83.40  	 74.00  	 70.45  	 68.44  	 69.59  	 68.72  	 33.69
1991	   4	  18	   3	 49.76  	 73.71  	 71.09  	 85.45  	 84.29  	 74.48  	 71.57  	 69.63  	 69.83  	 70.12  	 35.54
1991	   5	   2	   3	 41.37  	 68.83  	 63.48  	 85.44  	 84.27  	 75.92  	 71.93  	 69.41  	 69.12  	 69.89  	 35.09
1991	   5	  16	   3	 45.07  	 70.67  	 65.84  	 87.86  	 85.24  	 75.84  	 72.89  	 68.39  	 70.74  	 70.67 -	999.99
1991	   5	  31	   3	 32.91  	 57.97  	 54.87  	 82.57  	 84.22  	 74.82  	 71.63  	 67.07  	 69.40  	 68.43  	 34.60
1991	   6	  13	   3	 14.91  	 36.65  	 45.99  	 79.18  	 83.37  	 74.61  	 70.81  	 67.70  	 68.77  	 69.16  	 35.02
1991	   6	  28	   3	 19.45  	 46.29  	 47.36  	 78.01  	 81.91  	 76.26  	 71.40  	 67.70  	 69.55  	 69.06  	 34.77
1991	   7	  16	   3	 18.51  	 35.92  	 40.97  	 76.97  	 80.70  	 72.78  	 70.85  	 67.13  	 68.72  	 69.59 -	999.99
1991	   7	  30	   3	  9.10  	 12.40  	 29.48  	 73.51  	 75.78  	 66.77  	 65.71  	 68.57  	 69.04  	 70.71 -	999.99
1991	   8	  14	   3	 10.18  	 12.62  	 19.84  	 66.81  	 72.14  	 66.61  	 66.54  	 67.01  	 66.81  	 66.61 -	999.99
1991	   8	  29	   3	 23.31  	 17.92  	 23.68  	 70.59  	 73.01  	 70.31  	 73.37  	 71.94  	 74.86  	 73.37 -	999.99
1991	   9	  13	   3	 13.88  	 22.32  	 25.16  	 70.33  	 73.46  	 63.00  	 72.03  	 71.96  	 72.10  	 73.60 -	999.99
1991	  10	   1	   3	 14.57  	 22.19  	 25.11  	 70.73  	 73.08  	 63.12  	 70.52  	 71.80  	 73.15  	 74.58 -	999.99
1991	  10	  30	   3	 42.19  	 60.86  	 49.22  	 66.12  	 67.64  	 58.30  	 58.17  	 65.20  	 67.90 -	999.99 -	999.99
1991	  12	   4	   3	 34.34  	 58.72  	 61.37  	 83.20  	 82.61  	 68.01  	 65.42  	 63.23  	 65.95 -	999.99 -	999.99
1992	   1	   2	   3	 39.07  	 66.02  	 59.49  	 79.34  	 79.48  	 72.88  	 69.61  	 65.62  	 68.75 -	999.99 -	999.99
1992	   1	  30	   3	 53.11  	 79.29  	 74.81  	 93.09  	 89.25  	 78.72  	 70.75  	 70.47  	 73.17 -	999.99 -	999.99
1992	   2	  26	   3	 45.52  	 72.80  	 70.00  	 86.00  	 79.20  	 73.80  	 65.79  	 67.06  	 68.66 -	999.99 -	999.99
1992	   3	  16	   3	 40.97  	 72.09  	 71.66  	 93.58  	 89.03  	 78.70  	 70.73  	 72.23  	 73.01 -	999.99 -	999.99
1992	   3	  31	   3	 48.81  	 73.65  	 67.46  	 86.23  	 79.91  	 73.72  	 67.52  	 67.27  	 67.46 -	999.99 -	999.99
1992	   4	  14	   3	 48.03  	 72.91  	 70.98  	 87.12  	 85.79  	 75.25  	 71.18  	 68.98  	 68.11 -	999.99 -	999.99
1992	   4	  30	   3	 46.74  	 73.96  	 72.21  	 87.89  	 85.60  	 74.63  	 70.87  	 68.38  	 69.65 -	999.99 -	999.99
1992	   5	  14	   3	 47.41  	 72.85  	 68.06  	 87.15  	 84.36  	 74.58  	 70.39  	 68.06  	 69.85 -	999.99 -	999.99
1992	   5	  28	   3	 44.54  	 70.25  	 64.70  	 86.76  	 85.76  	 74.93  	 71.86  	 67.85  	 70.12 -	999.99 -	999.99
1992	   6	  11	   3	 34.98  	 55.03  	 55.57  	 84.30  	 85.31  	 73.98  	 70.88  	 69.46  	 70.00 -	999.99 -	999.99
1992	   6	  30	   3	 12.86  	 24.63  	 38.60  	 78.68  	 82.06  	 74.30  	 70.99  	 67.82  	 70.11 -	999.99 -	999.99
1992	   7	  14	   3	 14.24  	 23.67  	 32.48  	 73.44  	 76.87  	 71.83  	 70.21  	 67.66  	 69.74  	 69.67 -	999.99
1992	   7	  29	   3	 23.75  	 30.16  	 29.96  	 71.40  	 74.16  	 69.64  	 70.11  	 68.90  	 69.78  	 70.99 -	999.99
1992	   8	  13	   3	 15.58  	 22.92  	 29.00  	 71.25  	 73.19  	 66.91  	 68.51  	 66.37  	 67.11  	 68.18  	 37.43
1992	   8	  31	   3	 21.94  	 33.39  	 27.12  	 70.40  	 71.60  	 66.13  	 66.46  	 66.53  	 67.13  	 71.46  	 36.93
1992	   9	  14	   3	 21.74  	 36.37  	 29.83  	 70.65  	 71.87  	 67.01  	 66.67  	 66.67  	 67.82  	 72.27  	 37.86
1992	   9	  28	   3	 28.75  	 37.38  	 30.57  	 70.62  	 71.49  	 65.35  	 65.48  	 65.22  	 67.55  	 68.89  	 37.35
1992	  10	  28	   3	 20.13  	 27.49  	 30.18  	 70.76  	 71.36  	 65.39  	 65.59  	 65.53  	 66.94  	 69.95  	 37.26
1992	  11	  30	   3	 43.88  	 69.27  	 67.35  	 85.49  	 82.06  	 72.63  	 69.40  	 67.49  	 71.24  	 71.84  	 36.87
1992	  12	  28	   3	 49.54  	 69.37  	 70.30  	 87.20  	 82.36  	 73.28  	 69.84  	 68.18  	 70.43  	 73.62  	 37.27
1993	   1	  27	   3	 54.97  	 75.46  	 71.20  	 88.26  	 84.00  	 74.60  	 71.26  	 68.46  	 72.40  	 74.73  	 37.66
1993	   2	  23	   3	 54.88  	 75.51  	 70.04  	 86.53  	 82.77  	 73.80  	 70.30  	 69.31  	 70.96  	 73.40  	 37.13
1993	   3	  15	   3	 50.15  	 72.77  	 67.12  	 86.91  	 82.53  	 72.97  	 72.44  	 68.38  	 72.30  	 74.69  	 37.78
1993	   3	  29	   3	 53.91  	 75.45  	 71.24  	 86.82  	 83.88  	 74.05  	 71.50  	 68.69  	 71.90  	 73.91  	 37.62
1993	   4	  14	   3	 72.96  	 76.87  	 70.05  	 87.10  	 83.49  	 74.00  	 71.59  	 69.98  	 72.46  	 72.79  	 38.10
1993	   4	  27	   3	 55.45  	 75.12  	 71.10  	 86.29  	 83.48  	 73.11  	 71.30  	 71.70  	 72.31  	 75.65  	 37.79
1993	   5	  12	   3	 54.72  	 75.25  	 70.64  	 88.19  	 84.19  	 73.71  	 71.31  	 69.24  	 71.04  	 73.31  	 37.42
1993	   5	  26	   3	 52.39  	 74.70  	 70.32  	 86.72  	 84.69  	 74.70  	 72.21  	 69.17  	 72.21  	 73.89  	 37.79
1993	   6	  14	   3	 48.89  	 69.71  	 66.47  	 87.32  	 84.62  	 74.30  	 71.73  	 69.84  	 71.94  	 75.24  	 38.40
1993	   6	  28	   3	 44.89  	 61.25  	 60.36  	 85.82  	 84.81  	 74.08  	 72.65  	 70.48  	 71.84  	 74.69  	 38.19
1993	   7	  15	   3	 51.75  	 69.99  	 66.29  	 86.48  	 84.66  	 74.57  	 72.88  	 70.39  	 72.14  	 73.29  	 37.92
1993	   7	  28	   3	 44.80  	 68.84  	 66.27  	 87.75  	 83.01  	 75.42  	 72.50  	 70.61  	 72.71  	 74.06  	 38.12
1993	   8	  16	   3	 48.38  	 68.13  	 63.85  	 87.39  	 83.80  	 75.25  	 73.01  	 70.30  	 73.62  	 74.44  	 38.24
1993	   8	  30	   3	 42.78  	 64.28  	 62.16  	 87.01  	 86.95  	 74.76  	 73.06  	 70.81  	 74.01  	 75.85  	 38.23
1993	   9	  14	   3	 42.86  	 62.70  	 60.17  	 86.46  	 83.72  	 73.71  	 71.44  	 68.98  	 71.38  	 73.25  	 37.42
1993	   9	  28	   3	 52.12  	 75.07  	 69.10  	 87.74  	 83.98  	 74.06  	 71.98  	 69.84  	 72.52  	 73.73  	 37.67
1993	  10	  27	   3	 47.12  	 72.55  	 69.31  	 87.06  	 83.76  	 72.94  	 71.09  	 69.31  	 70.96  	 72.74  	 37.63
1993	  11	  29	   3	 60.32  	 75.62  	 70.66  	 87.57  	 83.94  	 72.38  	 70.79  	 68.55  	 71.52  	 71.85  	 37.61
1993	  12	  27	   3	 50.97  	 75.01  	 71.34  	 86.94  	 83.80  	 73.64  	 70.88  	 67.67  	 71.61  	 72.72  	 37.24
1994	   1	  26	   3	 64.37  	 73.06  	 69.36  	 86.06  	 84.21  	 73.58  	 71.54  	 69.43  	 70.88  	 73.58  	 37.45
1994	   1	  26	   3	 64.37  	 73.06  	 69.36  	 86.06  	 84.21  	 73.58  	 71.54  	 69.43  	 70.88  	 73.58  	 37.45
1994	   2	  28	   3	 53.05  	 74.99  	 71.49  	 87.46  	 84.02  	 73.47  	 71.16  	 69.64  	 72.48  	 73.54  	 37.36
1994	   3	  15	   3	 52.66  	 75.84  	 71.49  	 88.29  	 83.80  	 74.77  	 72.36  	 71.82  	 72.36  	 73.89  	 37.85
1994	   3	  30	   3	 49.37  	 75.20  	 70.80  	 88.40  	 83.73  	 76.00  	 72.46  	 70.60  	 73.73  	 73.20  	 37.53
1994	   4	  14	   3	 52.46  	 75.25  	 71.23  	 89.14  	 85.52  	 74.11  	 71.23  	 70.83  	 72.10  	 74.58  	 38.40
1994	   4	  26	   3	 43.92  	 64.88  	 62.72  	 87.69  	 85.47  	 75.17  	 71.54  	 69.52  	 72.68  	 75.51  	 38.23
1994	   5	  11	   3	 46.13  	 68.26  	 65.10  	 88.39  	 83.22  	 74.63  	 71.48  	 70.47  	 72.48  	 73.36  	 37.32
1994	   5	  25	   3	 28.39  	 48.22  	 53.81  	 85.39  	 84.72  	 74.01  	 72.26  	 70.04  	 74.08  	 73.94  	 38.22
1994	   6	  14	   3	 30.52  	 39.52  	 43.46  	 82.09  	 85.49  	 75.64  	 71.91  	 71.23  	 72.31  	 75.10  	 37.79
1994	   6	  28	   3	 26.79  	 44.21  	 39.67  	 80.83  	 82.72  	 74.79  	 72.01  	 69.77  	 73.30  	 73.77  	 37.94
1994	   7	  14	   3	 26.10  	 27.74  	 35.63  	 78.46  	 82.20  	 75.34  	 72.35  	 69.49  	 73.91  	 75.40  	 38.31
1994	   7	  27	   3	 18.95  	 23.86  	 63.74  	 73.59  	 77.55  	 72.59  	 70.44  	 69.77  	 71.65  	 72.86  	 37.23
1994	   8	  11	   3	  9.68  	 15.30  	 23.89  	 67.52  	 70.94  	 69.40  	 70.87  	 69.53  	 71.14  	 72.55  	 37.55
1994	   8	  29	   3	 14.57  	 14.21  	 21.79  	 62.17  	 64.72  	 63.65  	 68.41  	 68.61  	 71.83  	 73.84  	 37.89
1994	   9	  15	   3	 11.10  	 14.99  	 21.92  	 59.99  	 63.42  	 59.72  	 64.97  	 67.52  	 70.01  	 73.51  	 37.16
1994	   9	  28	   3	 26.32  	 35.56  	 23.30  	 60.00  	 60.74  	 57.65  	 63.37  	 66.60  	 69.70  	 73.14  	 37.78
1994	  10	  26	   3	 26.72  	 38.90  	 28.47  	 60.89  	 60.76  	 58.75  	 60.49  	 64.57  	 68.25  	 70.25  	 38.27
1994	  11	  28	   3	 39.62  	 63.61  	 62.80  	 83.38  	 72.12  	 59.18  	 60.72  	 65.42  	 67.49  	 72.12  	 37.63
1994	  12	  27	   3	 35.56  	 62.40  	 61.80  	 84.52  	 83.25  	 67.22  	 61.39  	 64.48  	 67.29  	 74.13  	 38.00
1995	   1	  30	   3	 51.11  	 73.00  	 69.49  	 84.67  	 84.74  	 72.27  	 67.76  	 66.57  	 70.75  	 73.27  	 37.69
1995	   2	  27	   3	 56.68  	 74.01  	 69.22  	 86.74  	 84.14  	 72.75  	 69.48  	 68.02  	 71.55  	 73.15  	 37.21
1995	   3	  14	   3	 49.86  	 73.56  	 69.28  	 86.08  	 83.27  	 72.09  	 68.74  	 67.60  	 71.08  	 73.76  	 37.22
1995	   3	  29	   3	 49.33  	 75.24  	 71.40  	 87.15  	 84.60  	 74.23  	 69.99  	 69.05  	 72.82  	 74.57  	 38.19
1995	   4	  13	   3	 44.51  	 70.57  	 68.82  	 87.77  	 84.95  	 73.86  	 69.90  	 68.42  	 72.25  	 74.06  	 37.97
1995	   4	  26	   3	 54.83  	 76.86  	 70.87  	 88.43  	 85.87  	 73.15  	 70.06  	 67.97  	 72.82  	 74.84  	 38.09
1995	   5	  15	   3	 53.09  	 73.35  	 71.13  	 87.32  	 84.56  	 74.23  	 70.52  	 69.57  	 73.62  	 74.16  	 37.79
1995	   5	  30	   3	 49.10  	 73.05  	 70.96  	 86.73  	 84.51  	 73.32  	 70.56  	 68.60  	 71.10  	 74.67  	 38.35
1995	   6	  14	   3	 43.99  	 63.34  	 60.77  	 86.48  	 84.52  	 72.54  	 71.05  	 69.77  	 72.54  	 74.84  	 38.20
1995	   6	  28	   3	 44.52  	 63.68  	 60.65  	 83.90  	 84.37  	 72.85  	 71.43  	 69.21  	 72.58  	 74.33  	 38.24
1995	   7	  13	   3	 34.22  	 52.51  	 54.15  	 83.77  	 85.89  	 74.42  	 71.42  	 70.67  	 72.24  	 75.44  	 38.27
1995	   7	  31	   3	 31.76  	 47.76  	 49.94  	 81.22  	 84.42  	 73.58  	 71.75  	 70.25  	 72.77  	 74.54  	 38.63
1995	   8	  16	   3	 32.77  	 50.53  	 52.73  	 81.10  	 84.05  	 73.91  	 71.30  	 70.00  	 72.26  	 74.80  	 38.43
1995	   8	  29	   3	 22.91  	 37.31 -	999.99 -	999.99 -	999.99 -	999.99 -	999.99 -	999.99 -	999.99 -	999.99 -	999.99
1995	   9	  14	   3	 12.85  	 36.88  	 44.02  	 73.55  	 79.88  	 72.39  	 70.35  	 67.56  	 66.61  	 68.38  	 38.88
1995	   9	  27	   3	 12.39  	 23.87  	 34.62  	 70.60  	 76.68  	 71.48  	 69.99  	 67.49  	 67.62  	 77.63  	 38.78
1995	  10	  31	   3	 27.33  	 41.50  	 37.99  	 68.90  	 75.72  	 70.65  	 69.03  	 67.62  	 69.44  	 79.22  	 38.23
1995	  11	  28	   3	 28.07  	 46.03  	 48.09  	 70.08  	 73.35  	 68.95  	 68.95  	 66.75  	 67.62  	 75.68  	 37.61
1995	  12	  26	   3	 37.50  	 55.36  	 56.23  	 71.64  	 74.11  	 68.37  	 68.64  	 66.17  	 66.84  	 71.78  	 38.32
1996	   1	  29	   3	 48.22  	 68.00  	 72.13  	 94.40  	 86.33  	 72.13  	 71.06  	 70.06  	 75.06  	 76.53  	 37.93
1996	   2	  29	   3	 45.15  	 70.28  	 69.99  	 91.44  	 81.67  	 72.36  	 69.71  	 70.75  	 73.12  	 73.69  	 37.46
1996	   3	  14	   3	 46.02  	 72.18  	 72.66  	 94.60  	 85.39  	 74.49  	 72.39  	 72.52  	 76.45  	 78.21  	 38.56
1996	   3	  27	   3	 49.93  	 72.42  	 72.55  	 94.03  	 84.03  	 74.57  	 72.15  	 72.22  	 75.71  	 77.32  	 37.85
1996	   4	  11	   3	 44.51  	 65.18  	 65.80  	 86.84  	 85.35  	 75.78  	 72.79  	 73.40  	 77.34  	 79.17  	 38.43
1996	   4	  29	   3	 57.36  	 77.14  	 72.74  	 94.13  	 85.53  	 75.38  	 73.15  	 72.61  	 77.14  	 78.43  	 38.37
1996	   5	  14	   3	 51.65  	 75.61  	 73.86  	 95.70  	 85.52  	 73.46  	 71.91  	 72.44  	 76.49  	 78.38  	 37.91
1996	   5	  29	   3	 44.90  	 65.12  	 64.38  	 84.11  	 84.99  	 75.02  	 70.98  	 72.53  	 75.36  	 78.59  	 38.32
1996	   6	  13	   3	 47.93  	 69.83  	 70.78  	 95.05  	 85.26  	 74.86  	 72.41  	 72.41  	 75.95  	 78.33  	 39.06
1996	   6	  25	   3	 38.36  	 50.60  	 56.21  	 83.18  	 83.66  	 75.31  	 73.80  	 73.39  	 76.47  	 79.28  	 39.44
1996	   7	  16	   3	 17.56  	 23.18  	 37.37  	 74.87  	 83.78  	 74.11  	 72.13  	 73.77  	 77.33  	 78.02  	 38.32
1996	   7	  29	   3	 14.25  	 18.95  	 31.51  	 70.75  	 75.03  	 73.47  	 72.11  	 72.59  	 75.71  	 78.42  	 38.53
1996	   8	  15	   3	  9.60  	 14.50  	 24.62  	 62.49  	 67.28  	 69.53  	 71.17  	 72.27  	 76.37  	 77.87  	 38.80
1996	   8	  28	   3	 13.71  	 15.81  	 22.83  	 59.62  	 63.16  	 64.25  	 68.13  	 69.43  	 77.33  	 78.42  	 38.36
1996	   9	  12	   3	  9.74  	 14.12  	 21.31  	 56.39  	 60.19  	 59.24  	 64.87  	 68.26  	 71.11  	 76.88  	 38.03
1996	   9	  27	   3	 27.78  	 37.77  	 30.91  	 62.64  	 64.92  	 62.57  	 66.60  	 69.42  	 75.88  	 77.49  	 37.84
1996	  10	  29	   3	 26.58  	 41.96  	 32.75  	 60.53  	 65.23  	 61.40  	 63.15  	 66.85  	 68.93  	 77.81  	 38.13
1996	  11	  26	   3	 36.11  	 60.17  	 58.03  	 64.71  	 64.17  	 59.83  	 63.24  	 64.37  	 66.84  	 69.98  	 38.16
1996	  12	  30	   3	 39.67  	 63.58  	 62.91  	 81.89  	 80.75  	 71.17  	 66.97  	 68.90  	 74.76  	 77.23  	 38.05
1997	   1	  27	   3	 60.55  	 75.74  	 71.35  	 90.83  	 83.32  	 72.22  	 69.43  	 68.03  	 75.41  	 76.07  	 38.20
1997	   2	  25	   3	 57.19  	 78.08  	 72.90  	 91.40  	 83.66  	 73.64  	 70.08  	 69.94  	 76.33  	 78.01  	 38.13
1997	   3	  13	   3	 58.35  	 77.60  	 72.10  	 91.28  	 83.84  	 72.17  	 70.22  	 71.56  	 75.72  	 77.13  	 37.96
1997	   3	  26	   3	 52.89  	 78.93  	 73.03  	 94.05  	 85.03  	 73.64  	 71.67  	 71.20  	 76.21  	 77.91  	 38.55
1997	   4	  15	   3	 50.80  	 71.31  	 71.38  	 91.77  	 84.28  	 73.13  	 72.12  	 71.92  	 75.63  	 76.51  	 38.73
1997	   4	  28	   3	 47.66  	 67.75  	 68.08  	 91.93  	 84.65  	 72.80  	 71.25  	 71.18  	 75.76  	 76.84  	 38.35
1997	   5	  14	   3	 42.29  	 58.76  	 59.98  	 82.76  	 83.09  	 73.05  	 71.16  	 71.03  	 75.21  	 77.23  	 38.21
1997	   5	  28	   3	 34.60  	 48.65  	 52.43  	 82.42  	 83.90  	 73.39  	 71.57  	 71.70  	 75.41  	 77.03  	 38.08
1997	   6	  12	   3	 38.23  	 53.87  	 63.48  	 80.48  	 81.16  	 73.29  	 72.32  	 70.77  	 74.65  	 77.47  	 37.81
1997	   6	  25	   3	 29.42  	 45.65  	 59.58  	 80.14  	 80.33  	 73.90  	 73.51  	 70.00  	 74.58  	 77.70  	 38.07
1997	   7	  14	   3	 13.21  	 22.79  	 36.64  	 72.46  	 78.53  	 73.07  	 70.55  	 72.32  	 75.73  	 77.85  	 38.79
1997	   7	  29	   3	 18.33  	 33.26  	 37.04  	 73.79  	 77.77  	 71.59  	 69.32  	 72.14  	 78.18  	 78.87  	 38.71
1997	   8	  14	   3	 20.50  	 19.14  	 28.29  	 65.64  	 68.04  	 65.15  	 66.94  	 68.59  	 76.02  	 78.43  	 39.21
1997	   8	  27	   3	 21.87  	 40.39  	 34.91  	 75.55  	 80.41  	 70.00  	 68.06  	 71.39  	 77.42  	 77.91  	 38.99
1997	   9	  11	   3	 23.08  	 30.77  	 32.55  	 72.21  	 75.98  	 66.60  	 66.87  	 66.73  	 72.28  	 79.06  	 39.22
1997	   9	  24	   3	 25.29  	 27.57  	 30.88  	 69.72  	 73.99  	 65.80  	 65.66  	 65.38  	 71.44  	 79.43  	 38.99
1997	  10	  28	   3	 28.03  	 35.00  	 32.07  	 72.24  	 76.67  	 67.13  	 64.62  	 66.11  	 74.49  	 77.41  	 39.08
1997	  11	  24	   3	 28.24  	 44.24  	 39.76  	 68.46  	 71.25  	 63.31  	 63.04  	 64.33  	 65.55  	 71.18  	 38.30
1997	  12	  30	   3	 34.63  	 59.93  	 61.02  	 75.49  	 75.08  	 64.62  	 63.19  	 63.12  	 65.91  	 76.17  	 38.39
1998	   1	  27	   3	 41.07  	 64.75  	 67.47  	 92.53  	 84.22  	 73.47  	 70.74  	 70.61  	 75.85  	 78.44  	 38.71
1998	   2	  24	   3	 48.52  	 76.14  	 73.80  	 92.82  	 85.47  	 73.94  	 72.29  	 72.57  	 75.93  	 77.92  	 38.96
1998	   3	  12	   3	 57.46  	 71.94  	 73.95  	 91.50  	 84.13  	 72.94  	 70.60  	 71.27  	 73.95  	 77.09  	 38.28
1998	   3	  30	   3	 48.68  	 73.84  	 73.56  	 94.57  	 86.14  	 76.12  	 71.83  	 72.59  	 75.70  	 78.12  	 39.65
1998	   4	  14	   3	 50.45  	 72.77  	 71.69  	 89.71  	 85.45  	 74.20  	 72.10  	 72.50  	 75.82  	 77.31  	 38.49
1998	   4	  28	   3	 46.68  	 64.98  	 65.39  	 85.19  	 84.78  	 73.69  	 72.12  	 71.78  	 75.86  	 77.91  	 38.92
1998	   5	  14	   3	 48.61  	 67.33  	 68.57  	 86.15  	 85.33  	 74.68  	 72.69  	 72.89  	 76.53  	 78.18  	 39.61
1998	   5	  27	   3	 47.54  	 69.32  	 69.45  	 92.85  	 85.40  	 74.15  	 72.49  	 72.91  	 76.77  	 78.22  	 38.80
1998	   6	  15	   3	 57.41  	 75.27  	 71.18  	 91.09  	 84.54  	 73.57  	 72.48  	 73.50  	 76.36  	 77.45  	 39.00
1998	   6	  29	   3	 40.54  	 55.75  	 59.34  	 84.92  	 85.48  	 74.65  	 73.34  	 73.75  	 77.06  	 78.10  	 38.60
1998	   7	  14	   3	 37.90  	 54.75  	 58.59  	 82.12  	 84.66  	 74.44  	 72.66  	 71.83  	 77.25  	 76.91  	 38.73
1998	   7	  28	   3	 36.95  	 54.06  	 57.92  	 81.97  	 84.24  	 75.22  	 71.84  	 72.73  	 76.32  	 77.97  	 38.50
1998	   8	  13	   3	 40.32  	 60.61  	 61.81  	 85.40  	 85.05  	 75.82  	 74.06  	 75.61  	 77.93  	 80.47  	 40.34
1998	   8	  31	   3	 30.15  	 46.47  	 52.68  	 79.63  	 82.25  	 74.25  	 71.08  	 73.08  	 75.70  	 78.66  	 39.26
1998	   9	  16	   3	 31.23  	 41.21  	 48.47  	 80.13  	 82.34  	 73.15  	 70.73  	 70.45  	 77.78  	 78.54  	 39.16
1998	   9	  28	   3	 36.44  	 56.13  	 58.07  	 82.02  	 81.60  	 73.11  	 70.49  	 68.97  	 76.29  	 79.05  	 38.66
1998	  10	  28	   3	 36.01  	 55.97  	 58.24  	 78.76  	 80.62  	 71.78  	 70.82  	 70.68  	 72.54  	 78.14  	 39.41
1998	  12	   1	   3	 41.91  	 60.81  	 62.65  	 82.05  	 81.99  	 71.33  	 69.55  	 69.48  	 74.61  	 78.23  	 39.25
1998	  12	  28	   3	 41.73  	 60.43  	 60.64  	 81.82  	 82.36  	 70.75  	 68.78  	 68.78  	 75.17  	 77.13  	 38.40
1999	   1	  27	   3	 53.54  	 74.54  	 76.47  	 90.27  	 85.33  	 74.20  	 70.49  	 70.21  	 76.74  	 78.32  	 38.61
1999	   2	  24	   3	 53.01  	 74.21  	 70.31  	 88.42  	 83.44  	 73.20  	 71.18  	 72.40  	 75.90  	 75.83  	 38.05
1999	   3	  16	   3	 49.99  	 74.47  	 72.83  	 89.52  	 85.88  	 74.95  	 72.41  	 72.41  	 76.67  	 79.01  	 39.06
1999	   3	  29	   3	 51.94  	 72.48  	 72.55  	 89.77  	 86.11  	 73.72  	 72.27  	 73.58  	 76.54  	 78.68  	 38.82
1999	   4	  14	   3	 51.95  	 71.34  	 69.79  	 88.45  	 84.59  	 73.37  	 71.07  	 72.35  	 75.47  	 77.16  	 38.44
1999	   4	  28	   3	 55.59  	 77.39  	 73.27  	 89.94  	 85.83  	 74.71  	 73.14  	 72.79  	 77.25  	 79.38  	 38.42
1999	   5	  12	   3	 53.26  	 67.07  	 66.10  	 86.87  	 85.21  	 76.14  	 72.26  	 73.58  	 77.66  	 78.77  	 39.32
1999	   5	  26	   3	 47.57  	 68.81  	 68.12  	 88.72  	 86.24  	 74.73  	 73.77  	 73.01  	 77.97  	 78.59  	 39.30
1999	   6	  14	   3	 44.15  	 60.86  	 61.90  	 84.33  	 85.09  	 74.90  	 72.29  	 72.63  	 77.66  	 78.35  	 39.17
1999	   6	  28	   3	 42.59  	 62.08  	 62.63  	 85.52  	 84.29  	 74.87  	 72.53  	 73.36  	 76.93  	 77.82  	 38.71
1999	   7	  14	   3	 43.33  	 63.21  	 63.69  	 85.33  	 85.94  	 73.79  	 72.34  	 72.96  	 76.95  	 78.39  	 38.95
1999	   7	  27	   3	 43.12  	 60.12  	 61.71  	 85.49  	 85.55  	 75.08  	 72.73  	 72.73  	 76.73  	 77.97  	 38.88
1999	   8	  12	   3	 36.27  	 54.01  	 58.58  	 85.22  	 88.13  	 75.60  	 73.04  	 73.32  	 76.29  	 78.02  	 39.29
1999	   8	  30	   3	 31.33  	 52.14  	 57.13  	 83.47  	 86.38  	 75.57  	 71.83  	 74.25  	 78.06  	 79.66  	 39.41
1999	   9	  14	   3	 24.60  	 43.52  	 50.81  	 80.82  	 85.37  	 73.80  	 70.91  	 72.77  	 76.01  	 78.00  	 38.90
1999	   9	  28	   3	 20.34  	 39.86  	 49.37  	 81.30  	 84.49  	 75.88  	 72.14  	 71.09  	 77.76  	 78.03  	 39.23
1999	  10	  27	   3	 31.59  	 50.23  	 55.20  	 81.41  	 83.68  	 74.85  	 71.75  	 70.23  	 70.72  	 78.58  	 38.91
1999	  11	  30	   3	 33.13  	 48.31  	 52.18  	 79.43  	 82.49  	 73.72  	 71.21  	 69.65  	 68.90  	 72.91  	 38.83
1999	  12	  27	   3	 39.80  	 55.39  	 58.70  	 81.61  	 83.16  	 73.46  	 69.55  	 69.28  	 69.14  	 71.84  	 38.24
2000	   1	  26	   3	 41.65  	 57.33  	 58.87  	 81.39  	 83.81  	 73.79  	 70.03  	 67.81  	 69.56  	 73.46  	 37.67
2000	   2	  28	   3	 50.63  	 71.27  	 70.93  	 88.91  	 83.80  	 74.67  	 71.88  	 68.68  	 72.15  	 77.60  	 38.09
2000	   3	  13	   3	 49.32  	 73.49  	 70.92  	 89.68  	 83.95  	 74.23  	 71.53  	 72.00  	 75.65  	 76.93  	 38.09
2000	   3	  28	   3	 42.70  	 71.17  	 71.37  	 89.58  	 83.63  	 73.81  	 71.91  	 71.51  	 75.57  	 78.01  	 37.78
2000	   4	  13	   3	 48.22  	 65.61  	 66.98  	 86.04  	 85.97  	 75.69  	 72.54  	 73.22  	 76.79  	 78.71  	 38.94
2000	   4	  26	   3	 47.76  	 69.60  	 70.22  	 91.82  	 84.16  	 75.62  	 73.63  	 72.95  	 75.62  	 78.08  	 38.36
2000	   5	  15	   3	 47.44  	 66.64  	 66.85  	 87.34  	 86.45  	 75.42  	 74.04  	 73.29  	 76.65  	 77.47  	 39.39
2000	   5	  30	   3	 45.96  	 69.77  	 69.43  	 91.14  	 86.73  	 76.04  	 73.84  	 73.22  	 78.04  	 78.25  	 39.12
2000	   6	  15	   3	 39.62  	 54.03  	 57.40  	 83.34  	 85.96  	 76.58  	 73.68  	 72.44  	 76.51  	 78.10  	 38.74
2000	   6	  28	   3	 47.07  	 70.26  	 71.79  	 91.08  	 86.57  	 76.37  	 72.62  	 75.33  	 77.76  	 77.76  	 39.40
2000	   7	  13	   3	 45.18  	 63.81  	 64.15  	 87.13  	 86.22  	 75.54  	 73.87  	 74.29  	 78.45  	 78.38  	 39.43
2000	   7	  26	   3	 38.89  	 56.21  	 59.75  	 86.15  	 86.01  	 76.56  	 73.99  	 74.62  	 77.60  	 78.44  	 39.32
2000	   8	  15	   3	 30.39  	 45.80  	 53.21  	 81.33  	 86.46  	 75.58  	 73.65  	 73.92  	 76.55  	 77.87  	 39.18
2000	   8	  29	   3	 44.87  	 67.21  	 67.84  	 88.05  	 87.35  	 76.41  	 74.39  	 75.79  	 78.09  	 78.50  	 39.60
2000	   9	  13	   3	 46.02  	 65.64  	 65.91  	 87.35  	 87.28  	 75.77  	 72.21  	 72.49  	 76.12  	 77.69  	 38.54
2000	   9	  27	   3	 44.09  	 65.57  	 66.39  	 87.55  	 87.00  	 75.42  	 73.29  	 73.35  	 76.11  	 77.49  	 38.85
2000	  10	  30	   3	 39.26  	 58.96  	 61.36  	 83.49  	 85.81  	 74.54  	 72.42  	 72.63  	 75.97  	 76.38  	 38.50
2000	  11	  28	   3	 49.38  	 73.33  	 70.69  	 90.60  	 86.88  	 75.09  	 72.79  	 71.64  	 75.30  	 76.52  	 38.56
2000	  12	  27	   3	 51.16  	 70.44  	 70.04  	 88.76  	 86.13  	 75.83  	 72.06  	 72.46  	 75.63  	 76.37  	 38.39
2001	   1	  29	   3	 60.26  	 75.03  	 72.78  	 92.37  	 86.30  	 75.99  	 73.74  	 73.46  	 77.15  	 77.01  	 38.44
2001	   2	  26	   3	 57.61  	 76.02  	 73.23  	 92.11  	 86.93  	 75.61  	 73.70  	 73.36  	 76.57  	 76.50  	 38.83
2001	   3	  13	   3	 48.73  	 73.36  	 72.75  	 91.57  	 87.13  	 75.89  	 72.95  	 73.16  	 76.64  	 78.20  	 38.25
2001	   3	  28	   3	 46.74  	 71.45  	 71.93  	 92.30  	 87.17  	 76.51  	 73.02  	 73.43  	 76.37  	 76.98  	 38.22
2001	   4	  11	   3	 60.73  	 76.14  	 72.98  	 92.41  	 86.43  	 76.21  	 73.87  	 74.42  	 76.96  	 77.58  	 38.82
2001	   4	  25	   3	 44.77  	 66.73  	 68.24  	 88.77  	 87.81  	 76.34  	 73.39  	 74.08  	 75.79  	 76.69  	 38.82
2001	   5	  14	   3	 23.64  	 50.05  	 57.12  	 83.69  	 87.46  	 75.73  	 72.23  	 73.25  	 75.86  	 76.41  	 38.52
2001	   5	  29	   3	 28.84  	 56.07  	 58.98  	 82.48  	 87.18  	 76.26  	 73.91  	 73.77  	 77.22  	 77.91  	 39.13
2001	   6	  13	   3	 36.81  	 60.23  	 62.86  	 84.57  	 88.24  	 77.63  	 74.23  	 74.72  	 76.94  	 78.88  	 39.13
2001	   6	  27	   3	 27.43  	 51.01  	 56.63  	 83.37  	 85.29  	 74.73  	 72.47  	 72.47  	 77.40  	 78.29  	 38.87
2001	   7	  12	   3	 16.93  	 37.44  	 49.06  	 77.76  	 86.41  	 75.89  	 73.40  	 74.79  	 76.65  	 77.00  	 38.43
2001	   7	  30	   3	 15.71  	 33.65  	 44.11  	 73.20  	 82.14  	 75.61  	 72.86  	 72.86  	 76.98  	 76.78  	 38.70
2001	   8	  14	   3	  9.67  	 18.01  	 31.63  	 65.73  	 69.74  	 73.33  	 73.13  	 73.82  	 77.21  	 77.00  	 38.36
2001	   8	  29	   3	 21.02  	 41.13  	 39.55  	 67.97  	 72.36  	 68.86  	 71.06  	 74.35  	 77.03  	 77.79  	 38.45
2001	   9	  13	   3	 15.25  	 26.86  	 32.39  	 66.42  	 70.15  	 66.70  	 71.47  	 70.78  	 77.14  	 77.48  	 39.05
2001	   9	  27	   3	 14.05  	 24.33  	 31.08  	 65.80  	 68.48  	 64.69  	 69.31  	 70.14  	 76.06  	 77.85  	 38.79
2001	  10	  29	   3	 32.90  	 60.49  	 60.56  	 77.57  	 75.78  	 66.00  	 67.72  	 69.79  	 77.64  	 77.92  	 38.92
2001	  11	  28	   3	 37.05  	 60.51  	 59.42  	 76.17  	 71.85  	 64.62  	 66.31  	 67.66  	 75.29  	 75.90  	 38.15
2001	  12	  27	   3	 40.88  	 69.45  	 71.02  	 91.64  	 85.18  	 73.40  	 71.02  	 72.04  	 77.96  	 77.14  	 38.20
2002	   1	  29	   3	 40.03  	 66.57  	 67.81  	 91.39  	 85.08  	 72.40  	 71.17  	 72.26  	 78.02  	 77.54  	 38.46
2002	   2	  26	   3	 51.24  	 72.76  	 71.53  	 90.30  	 85.02  	 74.47  	 72.14  	 73.72  	 77.76  	 78.17  	 38.71
2002	   3	  13	   3	 58.48  	 72.95  	 71.34  	 90.11  	 85.20  	 73.09  	 71.74  	 72.14  	 76.72  	 75.64  	 38.19
2002	   3	  26	   3	 63.19  	 73.67  	 71.18  	 89.30  	 84.05  	 73.14  	 71.59  	 72.26  	 76.77  	 76.71  	 38.18
2002	   4	  11	   3	 57.05  	 73.98  	 72.34  	 92.71  	 85.05  	 74.86  	 72.47  	 73.57  	 76.37  	 78.01  	 38.29
2002	   4	  29	   3	 52.78  	 74.93  	 72.89  	 90.59  	 84.22  	 73.64  	 72.96  	 72.62  	 76.28  	 76.28  	 38.28
2002	   5	  14	   3	 55.57  	 75.73  	 73.48  	 90.49  	 85.05  	 73.89  	 72.67  	 73.08  	 76.55  	 77.02  	 37.56
2002	   5	  29	   3	 44.05  	 62.25  	 63.08  	 85.15  	 85.15  	 74.25  	 71.92  	 73.08  	 76.72  	 76.85  	 38.80
2002	   6	  13	   3	 40.13  	 53.50  	 55.01  	 79.31  	 81.58  	 72.84  	 72.36  	 73.39  	 76.07  	 78.55  	 38.69
2002	   6	  26	   3	 26.09  	 46.20  	 50.40  	 73.91  	 77.01  	 72.53  	 71.08  	 72.94  	 76.39  	 77.77  	 39.02
2002	   7	  11	   3	 17.23  	 25.90  	 37.43  	 68.49  	 69.32  	 68.21  	 68.90  	 73.18  	 78.01  	 77.67  	 38.87
2002	   7	  29	   3	 10.29  	 17.63  	 28.30  	 62.95  	 66.49  	 61.71  	 62.54  	 68.71  	 76.19  	 77.79  	 38.75
2002	   8	  14	   3	 16.02  	 21.52  	 26.63  	 63.19  	 64.16  	 58.01  	 56.56  	 60.91  	 67.75  	 77.71  	 39.10
2002	   8	  28	   3	 11.60  	 22.21  	 27.05  	 61.40  	 63.12  	 58.36  	 55.11  	 56.83  	 64.78  	 73.08  	 38.16
2002	   9	  12	   3	  8.88  	 13.60  	 22.62  	 58.21  	 60.74  	 56.85  	 52.20  	 52.54  	 55.07  	 66.34  	 37.78
2002	   9	  25	   3	 16.39  	 29.05  	 27.39  	 62.85  	 63.47  	 55.94  	 52.90  	 51.86  	 54.69  	 64.64  	 38.44
2002	  10	  29	   3	 35.07  	 52.29  	 37.54  	 71.46  	 73.64  	 61.40  	 55.28  	 54.33  	 54.60  	 62.62  	 36.58
2002	  11	  25	   3	 28.10  	 48.31  	 49.26  	 68.77  	 66.66  	 57.93  	 52.13  	 52.33  	 55.06  	 62.23  	 36.67
2002	  12	  30	   3	 38.70  	 57.34  	 55.03  	 69.82  	 63.92  	 56.79  	 53.06  	 52.59  	 55.30  	 62.43  	 36.74
2003	   1	  29	   3	 42.54  	 52.10  	 51.56  	 73.25  	 65.75  	 57.10  	 52.24  	 51.76  	 53.79  	 61.22  	 36.69
2003	   2	  26	   3	 47.47  	 63.06  	 65.37  	 86.79  	 82.66  	 71.54  	 67.26  	 62.72  	 71.60  	 73.98  	 37.29
2003	   3	  13	   3	 54.70  	 69.21  	 68.74  	 88.01  	 82.85  	 72.40  	 69.14  	 66.16  	 71.25  	 74.50  	 38.03
2003	   3	  26	   3	 50.12  	 70.89  	 70.21  	 87.88  	 82.90  	 73.75  	 69.80  	 69.93  	 73.82  	 76.07  	 37.76
2003	   4	  14	   3	 41.05  	 59.75  	 63.05  	 85.73  	 85.04  	 74.04  	 70.40  	 70.61  	 73.98  	 75.21  	 38.64
2003	   4	  28	   3	 45.10  	 64.56  	 65.80  	 86.55  	 83.74  	 74.32  	 71.57  	 71.23  	 74.66  	 75.08  	 37.78
2003	   5	  13	   3	 48.72  	 70.30  	 70.10  	 89.11  	 85.06  	 73.80  	 71.33  	 71.13  	 75.38  	 75.18  	 38.45
2003	   5	  27	   3	 46.02  	 68.80  	 71.00  	 88.13  	 85.72  	 74.51  	 69.97  	 71.07  	 74.78  	 75.47  	 38.25
2003	   6	  12	   3	 55.09  	 71.83  	 70.59  	 90.84  	 85.72  	 75.22  	 73.08  	 72.80  	 77.09  	 75.84  	 38.68
2003	   6	  25	   3	 36.18  	 53.45  	 58.99  	 82.45  	 85.15  	 73.46  	 71.31  	 72.28  	 74.91  	 75.32  	 38.67
2003	   7	  14	   3	 17.07  	 38.32  	 45.69  	 75.16  	 76.55  	 70.01  	 68.41  	 68.14  	 68.76  	 75.43  	 38.48
2003	   7	  29	   3	 19.97  	 23.78  	 35.66  	 69.13  	 70.31  	 66.42  	 66.00  	 64.27  	 64.82  	 70.87  	 38.52
2003	   8	  13	   3	 11.80  	 24.20  	 31.93  	 66.88  	 68.61  	 63.98  	 63.08  	 61.15  	 63.08  	 67.57  	 37.96
2003	   8	  27	   3	 10.27  	 17.14  	 26.29  	 63.02  	 64.34  	 59.00  	 58.80  	 58.87  	 58.66  	 64.48  	 37.68
2003	   9	  15	   3	 16.88  	 35.45  	 39.10  	 65.57  	 63.43  	 60.33  	 57.02  	 57.64  	 57.36  	 63.15  	 37.75
2003	   9	  29	   3	 25.21  	 42.41  	 37.76  	 64.95  	 62.83  	 59.27  	 56.46  	 56.39  	 56.32  	 62.55  	 36.28
2003	  10	  29	   3	 24.18  	 42.09  	 40.25  	 64.57  	 64.57  	 58.21  	 56.03  	 55.89  	 55.89  	 61.90  	 36.86
2003	  11	  24	   3	 38.08  	 63.96  	 64.70  	 84.95  	 80.79  	 65.86  	 60.68  	 58.77  	 57.21  	 62.46  	 36.99
2003	  12	  29	   3	 55.78  	 70.02  	 69.88  	 89.79  	 83.56  	 71.84  	 68.73  	 68.93  	 72.66  	 74.28  	 37.92
2004	   1	  28	   3	 60.24  	 67.33  	 67.74  	 90.93  	 84.42  	 73.16  	 69.64  	 70.11  	 74.86  	 73.84  	 38.11
2004	   2	  25	   3	 65.83  	 70.47  	 71.96  	 90.12  	 84.29  	 73.11  	 70.54  	 70.54  	 74.40  	 73.93  	 38.45
2004	   3	  11	   3	 51.86  	 71.83  	 71.08  	 90.35  	 85.14  	 74.03  	 71.15  	 71.83  	 74.92  	 74.92  	 38.32
2004	   3	  29	   3	 56.04  	 72.42  	 72.90  	 92.00  	 85.98  	 74.77  	 71.59  	 72.35  	 76.02  	 77.75  	 39.05
2004	   4	  14	   3	 42.38  	 59.80  	 63.32  	 85.15  	 85.15  	 74.34  	 70.07  	 71.10  	 74.34  	 74.54  	 38.37
2004	   4	  28	   3	 36.39  	 56.28  	 58.56  	 83.93  	 84.83  	 73.42  	 71.07  	 72.52  	 75.84  	 76.19  	 37.92
2004	   5	  11	   3	 38.19  	 56.89  	 60.14  	 85.88  	 84.78  	 74.35  	 71.46  	 71.94  	 75.60  	 76.77  	 38.39
2004	   5	  27	   3	 41.71  	 61.90  	 62.24  	 83.42  	 84.18  	 74.42  	 72.49  	 72.14  	 75.32  	 75.74  	 38.53
2004	   6	  14	   3	 28.97  	 48.34  	 55.30  	 81.42  	 84.31  	 73.49  	 71.22  	 71.22  	 74.87  	 76.11  	 38.92
2004	   6	  28	   3	 18.57  	 41.88  	 50.58  	 78.34  	 81.52  	 71.99  	 69.43  	 69.57  	 74.61  	 74.34  	 38.34
