# Station Name: Olney
# Station Code: OLN
# Station Latitude: 38.730000
# Station Longitude: 88.100000
# Station Altitude: 134.000000
Year	  MO	  DY	 Sta	 0-10cm 	 10-30  	 30-50  	 50-70  	 70-90  	 90-110 	 110-130	 130-150	 150-170	 170-190	 190-200
1982	   7	  23	  12	 15.21  	 50.21  	 60.07  	 67.25  	 63.93  	 63.49  	 64.41  	 64.39  	 62.23  	 61.65  	 30.82
1982	   7	  30	  12	  6.23  	 45.83  	 60.34  	 67.45  	 64.42  	 64.53  	 65.02  	 64.89  	 61.72  	 61.93  	 30.97
1982	   8	  10	  12	  3.33  	 40.26  	 57.98  	 66.65  	 62.96  	 64.28  	 65.44  	 64.80  	 62.64  	 62.29  	 31.14
1982	   8	  31	  12	 19.01  	 45.51  	 57.16  	 67.15  	 64.18  	 63.71  	 65.35  	 64.35  	 62.35  	 62.78  	 31.39
1982	   9	  14	  12	 25.78  	 53.20  	 60.89  	 67.61  	 64.76  	 64.22  	 65.01  	 65.20  	 62.68  	 62.44  	 31.22
1982	   9	  28	  12	 26.25  	 56.20  	 64.86  	 68.82  	 65.10  	 65.23  	 64.67  	 65.11  	 63.01  	 63.73  	 31.86
1982	  10	  26	  12	 23.63  	 55.76  	 64.32  	 68.78  	 65.41  	 65.74  	 66.06  	 66.31  	 63.58  	 63.78  	 31.89
1982	  11	  30	  12	 37.27  	 59.66  	 65.88  	 68.03  	 64.49  	 65.11  	 64.77  	 64.95  	 63.03  	 62.41  	 31.21
1982	  12	  13	  12	 38.55  	 61.32  	 66.93  	 68.92  	 65.04  	 65.86  	 66.14  	 66.73  	 63.97  	 63.80  	 31.90
1982	  12	  28	  12	 50.55  	 54.21  	 66.29  	 68.73  	 64.04  	 65.17  	 65.77  	 65.85  	 62.90  	 62.78  	 31.39
1983	   1	  26	  12	 45.00  	 62.13  	 66.58  	 69.36  	 64.79  	 65.44  	 66.56  	 66.28  	 63.03  	 63.79  	 31.89
1983	   2	  22	  12	 33.98  	 60.46  	 66.01  	 69.54  	 64.89  	 65.37  	 65.58  	 65.77  	 63.17  	 62.91  	 31.45
1983	   3	  16	  12	 38.86  	 61.37  	 66.04  	 70.02  	 65.72  	 65.80  	 66.81  	 66.36  	 63.08  	 62.49  	 31.25
1983	   3	  29	  12	 48.23  	 63.75  	 66.61  	 70.08  	 65.04  	 66.31  	 66.34  	 65.28  	 64.26  	 63.25  	 31.63
1983	   4	  13	  12	 46.82  	 64.93  	 67.03  	 69.88  	 66.27  	 66.01  	 66.79  	 65.79  	 63.27  	 63.43  	 31.71
1983	   4	  26	  12	 31.21  	 59.38  	 64.53  	 69.75  	 65.81  	 65.62  	 66.06  	 65.35  	 62.79  	 63.53  	 31.77
1983	   5	  16	  12	 40.88  	 62.28  	 66.39  	 69.21  	 65.96  	 65.27  	 66.05  	 65.85  	 63.17  	 62.86  	 31.43
1983	   6	   1	  12	 34.45  	 61.06  	 65.75  	 70.21  	 65.12  	 66.00  	 66.00  	 66.16  	 63.78  	 63.28  	 31.64
1983	   6	  13	  12	 27.64  	 56.12  	 63.70  	 69.44  	 65.18  	 65.55  	 66.52  	 65.25  	 63.66  	 62.86  	 31.43
1983	   6	  27	  12	 15.85  	 47.37  	 60.69  	 69.49  	 65.80  	 65.90  	 66.73  	 66.28  	 63.40  	 63.06  	 31.53
1983	   7	  12	  12	  5.63  	 40.56  	 58.51  	 68.43  	 65.19  	 65.35  	 66.75  	 65.38  	 62.82  	 62.64  	 31.32
1983	   7	  27	  12	 11.17  	 38.98  	 56.30  	 67.67  	 64.99  	 65.88  	 65.84  	 65.41  	 62.93  	 63.20  	 31.60
1983	   8	  16	  12	  0.03  	 37.78  	 53.34  	 67.11  	 64.20  	 65.20  	 65.81  	 65.57  	 63.32  	 63.18  	 31.59
1983	   8	  30	  12	 19.95  	 47.15  	 52.62  	 66.20  	 64.21  	 64.64  	 65.11  	 65.02  	 62.92  	 62.87  	 31.43
1983	   9	  12	  12	 27.56  	 45.46  	 53.03  	 67.10  	 65.26  	 65.29  	 65.89  	 66.07  	 62.84  	 62.89  	 31.44
1983	   9	  28	  12	 17.55  	 45.54  	 55.16  	 67.54  	 64.85  	 65.25  	 66.34  	 65.73  	 63.73  	 63.47  	 31.74
1983	  10	  26	  12	 36.63  	 61.45  	 62.63  	 67.34  	 63.89  	 63.40  	 64.26  	 64.03  	 61.68  	 62.24  	 31.12
1983	  11	  30	  12	 41.77  	 63.35  	 64.33  	 69.55  	 65.98  	 65.21  	 65.96  	 66.82  	 63.47  	 63.05  	 31.52
1983	  12	  30	  12	 39.77  	 61.22  	 58.79  	 68.66  	 65.69  	 64.71  	 65.99  	 65.84  	 63.01  	 63.03  	 31.51
1984	   1	  31	  12	 50.95  	 62.96  	 59.78  	 68.23  	 64.99  	 65.28  	 66.65  	 66.79  	 62.97  	 63.35  	 31.68
1984	   2	  14	  12	 54.79  	 64.60  	 63.12  	 68.59  	 65.40  	 65.65  	 66.55  	 66.24  	 63.55  	 63.10  	 31.55
1984	   3	   8	  12	 44.39  	 65.93  	 67.91  	 74.48  	 71.50  	 69.61  	 70.60  	 72.07  	 69.66  	 67.63  	 33.91
1984	   3	  20	  12	 53.19  	 69.27  	 67.12  	 75.05  	 69.41  	 69.64  	 69.64  	 71.23  	 68.01  	 66.79  	 33.65
1984	   4	   4	  12	 60.13  	 68.50  	 67.33  	 74.14  	 69.35  	 68.97  	 70.95  	 72.54  	 68.03  	 67.56  	 33.71
1984	   4	  23	  12	 56.22  	 67.94  	 67.48  	 74.35  	 69.47  	 69.19  	 69.80  	 70.87  	 67.38  	 66.55  	 33.90
1984	   5	   2	  12	 40.35  	 66.14  	 66.98  	 73.98  	 69.22  	 69.31  	 70.20  	 71.04  	 67.77  	 66.70  	 33.54
1984	   5	  22	  12	 36.58  	 64.86  	 65.72  	 74.13  	 70.19  	 70.71  	 70.42  	 72.09  	 68.33  	 67.38  	 34.12
1984	   6	   5	  12	 28.83  	 62.10  	 65.56  	 72.77  	 69.88  	 70.31  	 70.69  	 71.54  	 67.98  	 67.32  	 33.97
1984	   6	  19	  12	 17.64  	 54.42  	 65.57  	 72.87  	 69.48  	 70.48  	 70.63  	 71.86  	 68.34  	 67.29  	 34.45
1984	   7	   2	  12	  9.09  	 47.58  	 67.23  	 72.67  	 69.75  	 71.37  	 74.25  	 71.45  	 68.92  	 66.12  	 34.39
1984	   7	  17	  12	  8.48  	 41.15  	 60.37  	 72.88  	 70.02  	 70.67  	 72.45  	 72.37  	 69.40  	 68.57  	 35.21
1984	   7	  31	  12	  8.15  	 40.48  	 57.76  	 72.66  	 69.80  	 70.38  	 71.72  	 72.22  	 68.75  	 68.32  	 34.70
1984	   8	  14	  12	 10.30  	 41.99  	 59.04  	 72.93  	 70.32  	 70.94  	 72.01  	 72.81  	 69.62  	 68.99  	 35.03
1984	   8	  29	  12	  8.23  	 41.16  	 54.09  	 65.62  	 64.57  	 65.07  	 66.12  	 67.67  	 66.22  	 64.72  	 33.36
1984	   9	  13	  12	 18.27  	 50.68  	 55.61  	 70.95  	 69.25  	 69.66  	 70.13  	 70.95  	 68.33  	 68.00  	 34.68
1984	   9	  27	  12	 29.65  	 62.80  	 66.49  	 73.09  	 68.69  	 68.79  	 69.86  	 70.69  	 68.56  	 67.53  	 34.36
1984	  10	  31	  12	 32.81  	 67.05  	 70.82  	 75.13  	 70.01  	 70.72  	 71.26  	 72.24  	 68.60  	 67.66  	 34.60
1984	  11	  28	  12	 47.35 -	999.99 -	999.99 -	999.99 -	999.99 -	999.99 -	999.99 -	999.99 -	999.99 -	999.99 -	999.99
1985	   1	   4	  12	 32.24  	 67.94  	 71.18  	 74.05  	 69.21  	 69.07  	 70.62  	 70.57  	 66.67  	 66.53  	 33.92
1985	   1	  29	  12	999.99  	 62.95  	 66.24  	 73.49  	 69.90  	 69.57  	 70.96  	 70.46  	 67.92  	 67.13  	 34.36
1985	   3	  20	  12	 34.69  	 65.89  	 68.40  	 74.70  	 70.06  	 70.76  	 71.33  	 71.97  	 68.33  	 67.33  	 34.55
1985	   3	  27	  12	 33.41  	 64.32  	 67.80  	 74.30  	 70.48  	 70.81  	 71.69  	 71.72  	 68.44  	 68.10  	 34.40
1985	   4	  16	  12	 42.21  	 69.70  	 72.05  	 75.07  	 70.33  	 71.34  	 71.78  	 71.88  	 68.45  	 68.08  	 34.60
1985	   4	  25	  12	 27.02  	 63.53  	 67.35  	 74.22  	 70.40  	 70.44  	 71.88  	 72.21  	 68.29  	 67.99  	 34.55
1985	   5	  14	  12	 33.42  	 64.32  	 67.31  	 73.68  	 70.19  	 70.60  	 71.37  	 71.97  	 68.32  	 67.58  	 34.28
1985	   5	  29	  12	 23.29  	 59.43  	 65.52  	 73.49  	 70.06  	 70.26  	 70.73  	 71.74  	 68.38  	 67.84  	 34.79
1985	   6	  13	  12	 27.73  	 63.49  	 67.54  	 73.90  	 70.70  	 70.64  	 72.05  	 72.36  	 67.87  	 67.81  	 34.32
1985	   6	  26	  12	999.99  	 63.54  	 67.31  	 74.01  	 70.48  	 71.35  	 72.43  	 72.23  	 68.12  	 68.22  	 34.35
1985	   7	  14	  12	 27.44  	 58.19  	 65.92  	 73.78  	 69.97  	 70.98  	 71.69  	 72.16  	 68.31  	 68.04  	 34.51
1985	   7	  31	  12	 17.20  	 46.94  	 61.98  	 72.90  	 69.77  	 71.33  	 72.08  	 72.08  	 68.71  	 68.44  	 34.58
1985	   8	  16	  12	 32.97  	 63.77  	 67.70  	 74.13  	 70.02  	 71.10  	 71.57  	 71.50  	 68.38  	 67.77  	 34.66
1985	   8	  29	  12	 25.74  	 60.52  	 66.03  	 73.43  	 69.70  	 70.94  	 71.65  	 71.78  	 68.29  	 67.95  	 34.45
1985	   9	  13	  12	 13.82  	 52.49  	 63.25  	 72.41  	 69.28  	 70.38  	 70.15  	 70.91  	 68.52  	 67.32  	 34.36
1985	   9	  30	  12	 14.43  	 46.68  	 60.80  	 71.69  	 69.13  	 69.76  	 70.62  	 70.82  	 67.70  	 67.37  	 34.42
1985	  10	  16	  12	 20.11  	 46.84  	 59.56  	 72.02  	 69.54  	 70.38  	 70.51  	 70.95  	 68.03  	 68.19  	 34.45
1985	  10	  30	  12	 29.32  	 51.27  	 60.34  	 71.71  	 68.77  	 69.35  	 70.12  	 71.10  	 68.50  	 68.00  	 34.64
1985	  11	  26	  12	 52.81  	 67.83  	 69.78  	 74.63  	 69.71  	 70.30  	 71.16  	 71.86  	 67.40  	 67.73  	 34.41
1986	   1	   3	  12	 48.16  	 64.87  	 69.26  	 74.48  	 69.46  	 70.15  	 71.18  	 71.15  	 67.74  	 67.21  	 34.22
1986	   1	  30	  12	 33.66  	 63.09  	 67.51  	 73.91  	 69.55  	 70.87  	 70.91  	 71.83  	 67.90  	 67.38  	 34.05
1986	   3	  13	  12	 38.35  	 68.24  	 70.34  	 74.94  	 70.14  	 70.64  	 71.34  	 72.37  	 68.04  	 67.57  	 34.60
1986	   4	   2	  12	 33.55  	 63.71  	 67.77  	 74.75  	 69.75  	 70.96  	 71.46  	 72.33  	 68.14  	 67.97  	 34.56
1986	   4	  22	  12	 32.76  	 67.38  	 70.66  	 75.04  	 69.79  	 70.96  	 72.03  	 71.89  	 67.71  	 67.78  	 34.52
1986	   5	   1	  12	 28.76  	 62.66  	 67.78  	 74.07  	 69.89  	 70.89  	 71.49  	 72.09  	 68.65  	 67.41  	 34.42
1986	   5	  15	  12	 30.61  	 60.08  	 65.20  	 72.83  	 69.95  	 70.15  	 71.36  	 72.13  	 68.04  	 67.64  	 34.32
1986	   5	  28	  12	 24.00  	 59.15  	 65.57  	 72.71  	 69.68  	 70.86  	 71.83  	 72.00  	 68.37  	 68.16  	 34.64
1986	   6	  16	  12	 15.88  	 52.90  	 63.44  	 72.77  	 69.53  	 70.17  	 71.45  	 72.50  	 67.95  	 67.88  	 34.68
1986	   7	   3	  12	 17.10 -	999.99 -	999.99 -	999.99 -	999.99 -	999.99 -	999.99 -	999.99 -	999.99 -	999.99 -	999.99
1986	   7	  16	  12	 17.55 -	999.99 -	999.99 -	999.99 -	999.99 -	999.99 -	999.99 -	999.99 -	999.99 -	999.99 -	999.99
1986	   7	  30	  12	  8.22 -	999.99 -	999.99 -	999.99 -	999.99 -	999.99 -	999.99 -	999.99 -	999.99 -	999.99 -	999.99
1986	   8	  14	  12	  7.69  	 45.47  	 59.39  	 71.80  	 73.32  	 70.03  	 70.76  	 71.48  	 69.14  	 68.27  	 34.77
1986	   8	  28	  12	 12.32  	 41.59  	 56.97  	 70.48  	 68.59  	 68.83  	 69.74  	 70.14  	 67.88  	 67.48  	 34.11
1986	   9	  16	  12	 13.91  	 49.66  	 57.61  	 71.13  	 68.98  	 68.91  	 69.65  	 70.05  	 67.69  	 67.66  	 34.34
1986	   9	  30	  12	  8.58  	 43.69  	 58.13  	 71.11  	 68.62  	 69.17  	 70.26  	 70.50  	 67.47  	 68.05  	 34.74
1986	  10	  29	  12	 20.59  	 57.01  	 63.50  	 71.60  	 68.71  	 68.98  	 69.52  	 69.82  	 67.91  	 68.24  	 34.34
1986	  11	  25	  12	 21.38  	 57.02  	 63.67  	 71.78  	 68.24  	 68.34  	 69.24  	 69.24  	 67.37  	 67.84  	 34.41
1987	   1	   6	  12	 27.28  	 62.31  	 67.04  	 72.99  	 69.07  	 69.23  	 70.73  	 71.23  	 67.70  	 67.17  	 34.12
1987	   1	  29	  12	 35.96  	 63.83  	 68.11  	 74.71  	 70.17  	 70.04  	 70.40  	 71.03  	 68.18  	 67.25  	 34.14
1987	   2	  26	  12	 22.44  	 64.51  	 69.00  	 74.38  	 70.19  	 70.23  	 70.52  	 71.49  	 67.70  	 67.27  	 34.55
1987	   3	  18	  12	 40.49  	 67.37  	 70.63  	 75.09  	 70.03  	 70.00  	 70.93  	 71.40  	 67.70  	 67.44  	 34.47
1987	   4	   1	  12	 31.70  	 65.14  	 68.40  	 75.16  	 69.57  	 70.17  	 70.77  	 71.43  	 68.17  	 67.20  	 34.23
1987	   4	  15	  12	 40.23  	 67.71  	 70.04  	 74.98  	 70.23  	 70.93  	 70.57  	 71.40  	 67.91  	 67.35  	 34.52
1987	   5	  13	  12	 18.18  	 52.40  	 64.10  	 72.29  	 69.73  	 67.85  	 67.51  	 67.04  	 67.79  	 68.47  	 34.54
1987	   6	  16	  12	 18.09  	 49.01  	 57.31  	 71.42  	 69.29  	 67.02  	 67.60  	 67.33  	 67.60  	 68.31  	 34.63
1987	   6	  30	  12	 17.60  	 52.65  	 61.50  	 70.95  	 68.59  	 67.23  	 67.37  	 67.30  	 67.47  	 68.42  	 34.56
1987	   7	  15	  12	 30.45  	 63.80  	 68.04  	 73.10  	 69.09  	 68.04  	 67.40  	 67.50  	 67.44  	 68.21  	 34.44
1987	   8	   5	  12	 13.38  	 56.55  	 64.29  	 72.52  	 70.06  	 67.77  	 68.05  	 67.81  	 67.37  	 68.59  	 34.57
1987	   8	  14	  12	  8.14  	 54.66  	 62.93  	 71.90  	 68.70  	 67.28  	 67.25  	 67.45  	 67.18  	 68.16  	 34.26
1987	   8	  31	  12	 11.40  	 54.65  	 62.57  	 71.54  	 69.01  	 67.66  	 67.42  	 67.56  	 67.29  	 68.50  	 34.25
1987	   9	  15	  12	 11.40  	 52.93  	 62.20  	 71.73  	 69.33  	 67.88  	 67.47  	 67.20  	 67.47  	 67.84  	 34.50
1987	   9	  29	  12	 25.18  	 55.79  	 62.29  	 71.54  	 68.96  	 67.62  	 66.65  	 66.99  	 67.05  	 67.59  	 34.23
1987	  10	  28	  12	 22.21  	 60.04  	 64.32  	 71.44  	 68.57  	 67.16  	 67.06  	 67.03  	 66.86  	 67.66  	 34.22
1987	  12	   1	  12	 31.55  	 63.30  	 66.79  	 73.02  	 69.13  	 67.33  	 66.96  	 66.86  	 66.86  	 67.46  	 33.95
1988	   1	   5	  12	 40.18  	 62.93  	 66.44  	 72.88  	 69.17  	 67.30  	 67.17  	 67.00  	 66.54  	 67.49  	 33.99
1988	   1	  26	  12	 47.63  	 64.74  	 67.72  	 72.77  	 69.06  	 67.89  	 67.33  	 67.10  	 66.84  	 67.49  	 34.07
1988	   3	   1	  12	 34.79  	 65.50  	 68.81  	 73.75  	 69.78  	 67.77  	 67.31  	 67.31  	 67.74  	 68.44  	 34.36
1988	   3	  17	  12	 40.86  	 65.45  	 69.38  	 73.61  	 70.08  	 68.20  	 67.87  	 67.37  	 67.97  	 67.57  	 34.24
1988	   3	  30	  12	 54.76  	 65.85  	 69.52  	 74.66  	 70.23  	 68.64  	 67.57  	 67.20  	 67.74  	 68.01  	 34.44
1988	   4	  12	  12	 34.54  	 64.94  	 68.72  	 73.41  	 70.10  	 68.42  	 67.25  	 67.45  	 67.02  	 67.92  	 34.36
1988	   4	  28	  12	 22.88  	 61.11  	 65.38  	 73.35  	 70.02  	 68.58  	 68.34  	 67.60  	 67.70  	 68.48  	 34.64
1988	   5	  12	  12	 26.30  	 55.84  	 63.98  	 72.09  	 69.93  	 68.00  	 67.66  	 68.00  	 67.70  	 68.17  	 34.64
1988	   5	  26	  12	 18.90  	 53.61  	 63.10  	 72.27  	 70.11  	 68.29  	 67.68  	 67.48  	 67.21  	 68.22  	 34.35
1988	   6	  15	  12	  8.14  	 48.88  	 61.62  	 71.89  	 69.52  	 68.20  	 67.93  	 67.46  	 67.76  	 67.56  	 34.36
1988	   7	   7	  12	  6.77  	 41.71  	 55.19  	 70.95  	 69.49  	 68.02  	 68.06  	 67.17  	 67.82  	 68.70  	 34.57
1988	   7	  14	  12	  6.91  	 40.82  	 53.18  	 70.07  	 69.32  	 68.00  	 68.00  	 67.19  	 67.70  	 67.97  	 34.68
1988	   7	  28	  12	 20.14  	 49.33  	 54.01  	 69.01  	 68.23  	 67.86  	 67.96  	 67.35  	 67.83  	 68.47  	 34.59
1988	   8	   1	  12	 14.46  	 49.97  	 55.03  	 68.95  	 67.60  	 66.44  	 66.93  	 67.21  	 66.78  	 67.55  	 34.28
1988	   8	  16	  12	  8.44  	 40.75  	 52.28  	 67.35  	 66.59  	 67.35  	 67.86  	 67.48  	 68.14  	 68.86  	 34.81
1988	   8	  31	  12	  8.26  	 40.96  	 49.83  	 64.36  	 62.20  	 62.67  	 65.40  	 66.04  	 66.82  	 68.03  	 34.52
1988	   9	  16	  12	  7.83  	 40.38  	 49.39  	 63.86  	 60.60  	 58.44  	 63.33  	 65.02  	 66.68  	 67.38  	 34.21
1988	   9	  30	  12	  8.43  	 40.86  	 49.97  	 64.80  	 60.75  	 59.29  	 62.42  	 65.92  	 67.15  	 68.10  	 34.49
1988	  10	  28	  12	 20.80  	 52.72  	 51.01  	 64.46  	 60.38  	 59.17  	 63.02  	 65.90  	 67.04  	 67.54  	 34.19
1988	  11	  30	  12	 33.89  	 64.39  	 68.43  	 72.95  	 67.83  	 69.34  	 66.66  	 66.39  	 66.76  	 67.76  	 34.32
1989	   1	   4	  12	 50.18  	 65.26  	 68.04  	 72.55  	 68.59  	 66.11  	 66.79  	 66.63  	 66.66  	 67.28  	 33.76
1989	   1	  31	  12	 38.71  	 65.79  	 68.76  	 73.20  	 69.10  	 67.46  	 67.13  	 66.83  	 67.13  	 68.03  	 34.21
1989	   2	  27	  12	 41.80  	 66.07  	 69.74  	 73.87  	 69.44  	 67.14  	 67.01  	 66.91  	 67.31  	 68.01  	 34.59
1989	   3	  16	  12	 43.79  	 66.07  	 69.51  	 74.17  	 68.97  	 67.54  	 67.27  	 66.67  	 67.11  	 68.01  	 34.30
1989	   3	  30	  12	 52.41  	 66.16  	 69.48  	 73.71  	 69.61  	 67.73  	 67.33  	 66.76  	 67.10  	 68.31  	 34.56
1989	   4	  13	  12	 36.45  	 65.81  	 69.87  	 74.03  	 69.27  	 67.44  	 67.54  	 67.44  	 67.11  	 68.07  	 34.18
1989	   4	  27	  12	 34.02  	 64.28  	 67.99  	 73.96  	 69.67  	 67.52  	 67.52  	 67.21  	 67.55  	 69.91  	 34.65
1989	   5	  11	  12	 37.09  	 63.71  	 67.70  	 73.99  	 69.30  	 67.40  	 67.60  	 67.34  	 66.67  	 68.94  	 34.23
1989	   5	  17	  12	 36.16  	 60.97  	 65.71  	 71.38  	 67.75  	 66.64  	 65.62  	 65.71  	 65.90  	 66.83  	 33.83
1989	   5	  31	  12	 33.61  	 62.07  	 67.22  	 73.78  	 69.71  	 67.42  	 67.83  	 67.42  	 67.56  	 67.86  	 34.40
1989	   6	  14	  12	 38.62  	 63.22  	 66.69  	 73.16  	 69.73  	 68.01  	 67.71  	 66.86  	 67.94  	 68.35  	 34.29
1989	   6	  29	  12	 14.08  	 51.05  	 62.67  	 72.40  	 69.00  	 67.82  	 67.48  	 67.31  	 67.55  	 68.62  	 34.51
1989	   7	  13	  12	 11.23  	 45.65  	 59.76  	 71.40  	 69.20  	 67.45  	 67.38  	 67.41  	 67.01  	 68.53  	 34.52
1989	   7	  27	  12	  8.26  	 42.24  	 53.82  	 67.66  	 66.31  	 66.82  	 67.86  	 67.19  	 67.29  	 68.13  	 34.27
1989	   8	  15	  12	 14.10  	 41.19  	 50.76  	 65.21  	 62.30  	 63.28  	 65.51  	 67.17  	 67.98  	 68.59  	 34.55
1989	   8	  31	  12	 29.25  	 61.63  	 65.26  	 68.89  	 62.74  	 63.28  	 65.60  	 66.37  	 67.71  	 68.29  	 34.26
1989	   9	  14	  12	 35.60  	 63.47  	 68.54  	 71.83  	 66.39  	 65.29  	 67.10  	 67.13  	 67.53  	 68.31  	 34.54
1989	   9	  28	  12	 23.67  	 58.55  	 64.62  	 71.81  	 68.28  	 66.72  	 67.28  	 67.18  	 66.82  	 68.42  	 34.16
1989	  10	  26	  12	 29.30  	 60.22  	 64.68  	 71.68  	 67.92  	 66.07  	 66.33  	 66.50  	 66.86  	 67.59  	 34.22
1989	  11	  30	  12	 30.75  	 60.35  	 65.37  	 72.21  	 67.63  	 66.06  	 67.19  	 66.60  	 67.82  	 68.02  	 34.44
1990	   1	   3	  12	 30.11  	 63.65  	 67.63  	 72.68  	 67.83  	 67.20  	 67.43  	 67.36  	 67.33  	 68.00  	 34.55
1990	   2	   1	  12	 45.41  	 65.21  	 68.54  	 72.86  	 68.48  	 66.86  	 67.09  	 67.12  	 67.19  	 67.78  	 34.22
1990	   3	   1	  12	 44.48  	 65.93  	 69.35  	 73.64  	 68.85  	 67.03  	 67.26  	 66.93  	 67.49  	 68.26  	 34.36
1990	   3	  13	  12	 41.30  	 64.53  	 68.34  	 73.31  	 69.40  	 66.89  	 67.28  	 67.09  	 67.04  	 68.20  	 34.34
1990	   3	  30	  12	 53.54  	 65.61  	 68.10  	 73.92  	 69.29  	 67.30  	 67.17  	 67.17  	 67.37  	 68.23  	 34.54
1990	   4	  19	  12	 39.88  	 65.96  	 69.49  	 73.26  	 69.06  	 67.08  	 67.21  	 67.05  	 67.71  	 68.40  	 34.45
1990	   5	   3	  12	 51.00  	 66.93  	 70.34  	 73.95  	 69.47  	 67.36  	 67.76  	 67.60  	 67.93  	 68.70  	 34.38
1990	   5	  16	  12	 60.50  	 66.68  	 70.00  	 74.49  	 69.57  	 67.49  	 68.09  	 67.29  	 67.59  	 68.12  	 34.45
1990	   5	  30	  12	 38.23  	 65.18  	 69.80  	 74.32  	 69.60  	 67.42  	 67.19  	 67.32  	 67.55  	 68.56  	 34.48
1990	   6	  14	  12	 37.30  	 64.29  	 68.16  	 73.65  	 69.54  	 67.36  	 67.56  	 67.93  	 68.03  	 68.77  	 34.79
1990	   6	  28	  12	 33.85  	 61.61  	 66.96  	 73.50  	 69.26  	 68.38  	 67.71  	 67.33  	 67.47  	 68.28  	 34.61
1990	   7	  17	  12	 23.67  	 54.56  	 63.76  	 72.06  	 69.18  	 67.71  	 67.64  	 67.24  	 67.24  	 68.08  	 34.27
1990	   7	  31	  12	 11.42  	 46.92  	 61.20  	 72.32  	 69.19  	 67.40  	 68.14  	 67.54  	 68.38  	 68.45  	 34.95
1990	   8	  15	  12	  9.89  	 41.91  	 56.91  	 70.53  	 68.24  	 67.74  	 67.60  	 67.13  	 67.70  	 68.58  	 34.47
1990	   8	  30	  12	 19.17  	 44.50  	 55.90  	 69.98  	 68.22  	 67.13  	 67.51  	 67.27  	 67.68  	 68.69  	 34.35
1990	   9	  13	  12	 33.19  	 60.19  	 62.64  	 68.99  	 67.58  	 66.87  	 66.87  	 67.11  	 67.31  	 68.35  	 34.68
1990	   9	  28	  12	 17.67  	 53.82  	 61.95  	 69.65  	 67.34  	 66.14  	 66.74  	 67.07  	 67.44  	 68.35  	 34.49
1990	  10	  30	  12	 28.25  	 60.35  	 64.68  	 72.35  	 68.05  	 67.32  	 66.82  	 67.15  	 67.95  	 68.25  	 34.49
1990	  11	  29	  12	 38.88  	 64.97  	 68.95  	 72.75  	 68.52  	 66.26  	 67.62  	 67.46  	 67.26  	 67.82  	 34.14
1991	   1	   4	  12	 40.09  	 65.25  	 68.57  	 73.43  	 69.19  	 67.15  	 67.06  	 67.06  	 66.79  	 67.98  	 34.23
1991	   1	  31	  12	 39.50  	 65.38  	 68.48  	 73.19  	 69.27  	 67.45  	 67.02  	 67.22  	 67.19  	 67.88  	 34.24
1991	   2	  27	  12	 45.88  	 66.00  	 69.17  	 72.82  	 68.98  	 67.05  	 67.58  	 67.01  	 67.10  	 67.77  	 33.94
1991	   3	  13	  12	 50.95  	 64.84  	 67.90  	 73.88  	 68.47  	 66.56  	 67.56  	 66.27  	 65.79  	 67.71  	 34.86
1991	   3	  27	  12	 43.10  	 65.74  	 69.60  	 72.88  	 70.37  	 68.24  	 66.75  	 66.89  	 68.73  	 68.10  	 34.48
1991	   4	  17	  12	 36.96  	 64.10  	 67.46  	 73.94  	 70.19  	 67.46  	 67.51  	 67.85  	 67.42  	 67.95  	 34.49
1991	   5	   1	  12	 35.09  	 62.12  	 66.22  	 73.17  	 69.11  	 66.89  	 67.18  	 67.14  	 67.04  	 67.42  	 34.36
1991	   5	  16	  12	 38.03  	 64.42  	 68.49  	 73.34  	 69.37  	 67.78  	 68.29  	 67.65  	 68.05  	 68.49  	 34.60
1991	   5	  30	  12	 24.97  	 55.92  	 63.75  	 72.02  	 69.05  	 67.40  	 67.40  	 67.11  	 66.86  	 67.98  	 34.36
1991	   6	  12	  12	  8.72  	 44.72  	 59.69  	 71.30  	 69.84  	 67.20  	 67.64  	 67.25  	 67.79  	 67.98  	 34.24
1991	   6	  27	  12	  9.27  	 43.03  	 55.57  	 70.17  	 69.33  	 67.41  	 67.41  	 67.46  	 67.75  	 68.54  	 34.64
1991	   7	  16	  12	 10.80  	 41.89  	 54.06  	 69.33  	 67.94  	 66.58  	 67.33  	 67.73  	 67.90  	 68.99  	 34.58
1991	   7	  30	  12	  9.10  	 40.36  	 52.37  	 69.42  	 68.92  	 65.35  	 69.14  	 69.31  	 69.81  	 70.82  	 35.32
1991	   8	  14	  12	 10.62  	 41.24  	 52.69  	 65.58  	 67.70  	 67.88  	 69.14  	 69.29  	 69.79  	 70.58  	 35.72
1991	   8	  29	  12	 10.99  	 40.76  	 50.80  	 63.59  	 65.54  	 64.20  	 65.61  	 66.88  	 67.32  	 68.09  	 34.48
1991	   9	  13	  12	 11.11  	 41.75  	 52.70  	 65.71  	 67.22  	 67.15  	 67.87  	 69.85  	 70.03  	 70.07  	 35.27
1991	  10	   1	  12	 10.52  	 42.74  	 52.70  	 65.75  	 66.18  	 66.14  	 65.53  	 65.53  	 69.13  	 70.74  	 35.35
1991	  10	  30	  12	 37.33  	 63.01  	 63.21  	 69.61  	 64.31  	 63.11  	 65.10  	 63.05  	 66.33  	 67.59  	 33.89
1991	  12	   3	  12	 51.09  	 65.76  	 68.90  	 75.58  	 66.25  	 69.03  	 69.03  	 68.87  	 68.87  	 66.19  	 33.11
1992	   1	   3	  12	 56.15  	 63.26  	 68.68  	 73.33  	 66.77  	 66.71  	 66.57  	 66.54  	 66.74  	 67.51  	 34.06
1992	   1	  31	  12	 50.16  	 67.24  	 70.02  	 74.20  	 68.85  	 67.48  	 67.44  	 67.38  	 67.34  	 68.08  	 34.36
1992	   2	  26	  12	 49.77  	 63.43  	 69.92  	 74.04  	 68.75  	 67.48  	 67.21  	 67.38  	 67.31  	 67.31  	 34.39
1992	   3	  17	  12	 44.92  	 64.49  	 67.64  	 74.06  	 67.70  	 67.70  	 67.70  	 67.51  	 67.45  	 67.70  	 33.79
1992	   4	   1	  12	 46.58  	 67.66  	 67.69  	 73.88  	 67.63  	 67.76  	 67.69  	 67.50  	 67.50  	 67.76  	 33.86
1992	   4	  14	  12	 46.37  	 66.93  	 71.10  	 78.22  	 72.43  	 71.06  	 70.54  	 70.84  	 71.17  	 71.58  	 36.25
1992	   5	   1	  12	 43.58  	 64.54  	 67.87  	 74.34  	 69.69  	 67.60  	 67.54  	 67.71  	 67.57  	 68.65  	 34.54
1992	   5	  14	  12	 32.38  	 58.15  	 64.48  	 72.28  	 68.91  	 67.77  	 67.64  	 67.20  	 67.60  	 68.64  	 34.41
1992	   5	  29	  12	 34.49  	 59.21  	 64.39  	 72.01  	 68.83  	 67.40  	 67.86  	 66.73  	 67.40  	 68.10  	 34.45
1992	   6	  12	  12	 20.89  	 54.06  	 62.99  	 71.68  	 69.31  	 67.75  	 67.11  	 67.28  	 67.48  	 68.16  	 34.49
1992	   7	   1	  12	  9.42  	 42.36  	 56.14  	 69.69  	 67.26  	 67.22  	 67.46  	 67.39  	 67.66  	 68.30  	 34.36
1992	   7	  14	  12	  9.18  	 42.41  	 53.94  	 67.91  	 66.99  	 65.53  	 66.95  	 67.09  	 67.87  	 69.03  	 34.70
1992	   7	  30	  12	 24.38  	 55.14  	 59.75  	 68.72  	 65.78  	 65.41  	 66.93  	 67.91  	 67.30  	 68.72  	 34.69
1992	   8	  13	  12	 10.77  	 46.25  	 58.22  	 68.53  	 65.52  	 65.18  	 66.50  	 67.31  	 67.92  	 68.02  	 34.77
1992	   9	   1	  12	 14.19  	 43.39  	 54.26  	 67.54  	 64.76  	 64.62  	 66.35  	 67.37  	 67.85  	 68.32  	 34.72
1992	   9	  15	  12	 27.94  	 59.54  	 64.97  	 71.45  	 65.48  	 64.30  	 65.92  	 66.80  	 67.44  	 68.69  	 34.56
1992	   9	  29	  12	 34.86  	 61.80  	 65.95  	 71.60  	 65.35  	 64.28  	 66.11  	 66.48  	 66.45  	 67.82  	 34.21
1992	  10	  29	  12	 23.18  	 55.07  	 62.34  	 71.01  	 65.57  	 64.27  	 65.54  	 67.01  	 66.91  	 68.27  	 34.44
1992	  12	   1	  12	 40.55  	 65.42  	 69.10  	 73.15  	 68.53  	 66.49  	 67.10  	 66.79  	 66.93  	 68.27  	 34.47
1992	  12	  29	  12	 54.87  	 66.44  	 69.37  	 73.71  	 69.07  	 67.31  	 66.61  	 66.57  	 67.91  	 68.01  	 34.49
1993	   1	  28	  12	 56.36  	 67.43  	 69.06  	 73.79  	 69.09  	 66.83  	 67.09  	 67.09  	 67.19  	 68.26  	 34.51
1993	   3	   2	  12	 64.50  	 67.93  	 69.95  	 74.02  	 69.27  	 67.19  	 67.66  	 67.59  	 67.56  	 68.63  	 34.49
1993	   3	  16	  12	 54.17  	 67.21  	 70.25  	 74.07  	 69.48  	 67.54  	 67.58  	 66.87  	 67.24  	 68.41  	 34.73
1993	   3	  30	  12	 46.51  	 67.39  	 69.62  	 74.49  	 69.25  	 67.46  	 67.70  	 67.33  	 67.56  	 68.51  	 35.40
1993	   4	  15	  12	 59.75  	 67.77  	 69.17  	 73.54  	 69.27  	 67.14  	 67.61  	 66.44  	 67.21  	 67.61  	 34.42
1993	   4	  28	  12	 48.47  	 66.25  	 69.47  	 73.30  	 69.64  	 67.39  	 67.32  	 67.62  	 67.76  	 68.30  	 34.32
1993	   5	  19	  12	 44.18  	 67.49  	 76.84  	 75.22  	 74.19  	 72.71  	 70.54  	 72.12  	 70.00  	 72.95  	 35.34
1993	   5	  27	  12	 34.50  	 65.09  	 70.96  	 75.20  	 73.84  	 72.92  	 70.89  	 72.59  	 70.08  	 73.37  	 35.24
1993	   6	  14	  12	 45.67  	 66.91  	 70.28  	 75.24  	 73.37  	 73.17  	 71.37  	 73.34  	 70.38  	 73.68  	 35.61
1993	   6	  29	  12	 54.09  	 67.35  	 70.38  	 75.48  	 73.95  	 73.44  	 71.30  	 73.17  	 70.11  	 73.30  	 35.38
1993	   7	  15	  12	 47.30  	 63.91  	 68.97  	 74.00  	 72.09  	 73.25  	 70.84  	 73.08  	 69.89  	 72.88  	 35.40
1993	   7	  29	  12	 43.10  	 64.07  	 69.64  	 74.77  	 72.94  	 73.17  	 70.73  	 72.73  	 70.32  	 73.28  	 35.28
1993	   8	  16	  12	 40.93  	 65.94  	 70.12  	 75.52  	 73.31  	 73.41  	 70.83  	 72.60  	 70.39  	 72.83  	 35.28
1993	   8	  31	  12	 35.66  	 58.12  	 66.12  	 72.43  	 72.20  	 72.43  	 70.85  	 72.54  	 70.31  	 73.11  	 35.24
1993	   9	  14	  12	 25.14  	 55.52  	 65.61  	 72.06  	 71.42  	 72.57  	 70.37  	 72.87  	 69.73  	 72.64  	 35.04
1993	   9	  29	  12	 46.74  	 66.75  	 70.49  	 74.94  	 72.82  	 73.26  	 70.56  	 72.45  	 69.85  	 73.33  	 35.48
1993	  10	  28	  12	 38.64  	 65.01  	 68.89  	 75.16  	 72.43  	 72.43  	 70.02  	 72.69  	 68.92  	 72.53  	 34.89
1993	  11	  30	  12	 48.09  	 67.07  	 72.33  	 75.06  	 73.13  	 72.59  	 70.70  	 72.93  	 69.47  	 72.66  	 35.00
1993	  12	  28	  12	 42.63  	 67.12  	 74.22  	 76.07  	 73.49  	 73.02  	 70.57  	 73.42  	 69.50  	 73.42  	 35.40
1994	   1	  27	  12	 62.11  	 66.40  	 72.13  	 75.94  	 73.53  	 72.93  	 70.42  	 73.10  	 69.99  	 73.13  	 35.18
1994	   3	   1	  12	 56.32  	 67.92  	 73.71  	 76.01  	 73.05  	 72.85  	 70.48  	 72.81  	 69.55  	 73.28  	 34.94
1994	   3	  15	  12	 43.43  	 65.86  	 69.74  	 76.30  	 73.98  	 73.78  	 69.97  	 73.10  	 70.14  	 73.44  	 35.32
1994	   3	  31	  12	 48.97  	 65.24  	 69.43  	 75.17  	 73.45  	 73.21  	 70.64  	 73.38  	 69.94  	 73.11  	 35.14
1994	   4	  14	  12	 50.87  	 67.65  	 71.39  	 75.93  	 73.68  	 73.00  	 70.65  	 72.97  	 69.87  	 73.71  	 35.31
1994	   4	  27	  12	 47.85  	 66.68  	 69.88  	 75.86  	 73.41  	 72.70  	 71.34  	 73.17  	 70.49  	 73.38  	 35.57
1994	   5	  11	  12	 44.46  	 66.55  	 71.02  	 75.58  	 73.27  	 73.43  	 70.44  	 72.69  	 69.77  	 73.06  	 35.31
1994	   5	  25	  12	 37.72  	 61.84  	 67.28  	 74.25  	 73.05  	 73.84  	 71.17  	 73.29  	 70.18  	 73.15  	 35.40
1994	   6	  14	  12	 15.88  	 50.02  	 63.82  	 71.63  	 71.45  	 72.93  	 71.25  	 73.37  	 70.50  	 73.47  	 35.62
1994	   6	  29	  12	 10.79  	 42.90  	 58.90  	 70.45  	 70.69  	 72.20  	 70.62  	 72.78  	 70.25  	 73.60  	 35.59
1994	   7	  14	  12	 18.03  	 50.95  	 59.78  	 70.51  	 70.82  	 72.54  	 71.09  	 73.43  	 70.65  	 73.67  	 35.72
1994	   7	  28	  12	 11.23  	 42.05  	 56.89  	 69.05  	 69.15  	 71.14  	 70.43  	 72.46  	 69.55  	 72.90  	 35.15
1994	   8	  11	  12	 18.96  	 47.80  	 55.34  	 68.74  	 68.81  	 70.99  	 69.52  	 72.46  	 70.14  	 73.24  	 35.34
1994	   8	  30	  12	 23.35  	 43.14  	 55.41  	 67.64  	 67.64  	 69.63  	 68.62  	 72.09  	 69.63  	 72.69  	 35.23
1994	   9	  15	  12	 11.34  	 41.67  	 55.16  	 67.56  	 67.18  	 68.65  	 68.93  	 71.83  	 70.19  	 73.36  	 35.50
1994	   9	  29	  12	 24.41  	 45.71  	 53.62  	 66.94  	 67.56  	 68.00  	 69.02  	 71.07  	 70.11  	 73.08  	 35.33
1994	  10	  27	  12	 15.05  	 42.69  	 54.17  	 66.36  	 66.46  	 67.40  	 67.37  	 70.44  	 69.77  	 72.30  	 35.47
1994	  11	  29	  12	 34.79  	 62.95  	 67.20  	 71.51  	 68.35  	 67.71  	 67.77  	 70.37  	 69.69  	 72.69  	 35.22
1994	  12	  28	  12	 34.62  	 63.47  	 67.02  	 72.02  	 70.26  	 72.16  	 70.13  	 72.09  	 70.57  	 72.83  	 35.13
1995	   1	  31	  12	 51.46  	 68.09  	 76.09  	 74.64  	 72.90  	 72.59  	 70.58  	 72.43  	 70.18  	 72.93  	 35.21
1995	   3	   1	  12	 52.22  	 67.24  	 75.51  	 75.31  	 72.16  	 72.13  	 70.09  	 72.50  	 69.89  	 72.60  	 34.88
1995	   3	  14	  12	 41.70  	 67.47  	 76.34  	 75.29  	 72.68  	 72.01  	 70.11  	 72.07  	 70.48  	 72.68  	 35.43
1995	   3	  30	  12	 40.62  	 64.14  	 67.27  	 73.42  	 72.14  	 72.28  	 70.73  	 72.31  	 70.33  	 72.95  	 35.03
1995	   4	  13	  12	 33.90  	 61.50  	 65.36  	 71.41  	 70.77  	 70.40  	 70.54  	 72.12  	 70.07  	 73.02  	 35.32
1995	   4	  27	  12	 39.87  	 64.89  	 67.50  	 74.37  	 72.78  	 72.37  	 70.31  	 72.84  	 70.61  	 73.35  	 35.30
1995	   5	  15	  12	 43.54  	 67.91  	 75.93  	 75.62  	 72.66  	 72.90  	 70.97  	 72.97  	 70.66  	 72.50  	 35.52
1995	   5	  31	  12	 45.29  	 67.11  	 69.64  	 75.12  	 72.91  	 72.74  	 70.97  	 72.60  	 70.18  	 73.08  	 35.60
1995	   6	  15	  12	 39.02  	 63.68  	 67.39  	 73.71  	 71.55  	 73.16  	 71.41  	 73.41  	 70.00  	 73.20  	 35.78
1995	   6	  29	  12	 44.77  	 64.40  	 68.11  	 73.60  	 72.98  	 73.15  	 70.57  	 72.57  	 70.16  	 73.09  	 35.62
1995	   7	  14	  12	 14.21  	 51.71  	 63.36  	 71.65  	 70.42  	 71.17  	 70.93  	 72.41  	 69.80  	 73.26  	 35.41
1995	   8	   1	  12	 27.70  	 61.45  	 66.17  	 72.33  	 70.89  	 72.33  	 71.20  	 73.21  	 70.62  	 72.67  	 35.53
1995	   8	  16	  12	 26.28  	 58.75  	 64.94  	 72.06  	 70.58  	 71.82  	 71.72  	 73.62  	 70.47  	 74.14  	 35.69
1995	   8	  30	  12	 13.47  	 49.98  	 62.25  	 71.00  	 70.38  	 71.28  	 70.48  	 72.90  	 70.52  	 73.00  	 35.60
1995	   9	  13	  12	 10.90  	 44.32  	 62.72  	 69.69  	 69.59  	 69.86  	 68.94  	 72.39  	 70.27  	 72.67  	 35.39
1995	   9	  28	  12	 10.06  	 42.66  	 57.79  	 69.29  	 68.30  	 69.32  	 68.68  	 71.43  	 70.11  	 73.20  	 35.60
1995	  11	   1	  12	 20.03  	 44.89  	 56.23  	 67.98  	 67.91  	 68.69  	 68.39  	 70.57  	 69.61  	 73.22  	 35.40
1995	  11	  30	  12	 23.11  	 55.65  	 60.01  	 68.13  	 67.75  	 67.69  	 68.36  	 70.05  	 70.05  	 72.79  	 35.14
1995	  12	  27	  12	 36.45  	 63.71  	 68.79  	 72.52  	 71.18  	 71.78  	 69.93  	 72.38  	 70.60  	 72.79  	 35.20
1996	   1	  30	  12	 50.61  	 65.98  	 72.63  	 74.16  	 71.62  	 71.56  	 70.49  	 71.59  	 69.89  	 72.59  	 34.78
1996	   2	  29	  12	 45.82  	 67.17  	 73.88  	 73.77  	 73.09  	 71.90  	 70.27  	 71.79  	 70.27  	 72.91  	 35.37
1996	   3	  14	  12	 38.38  	 65.99  	 68.72  	 74.75  	 73.07  	 72.49  	 70.44  	 72.49  	 70.26  	 73.65  	 35.49
1996	   3	  28	  12	 51.22  	 67.62  	 74.43  	 74.60  	 72.37  	 72.07  	 70.25  	 72.47  	 70.35  	 72.81  	 35.01
1996	   4	  11	  12	 43.14  	 66.16  	 69.35  	 75.86  	 73.25  	 72.50  	 70.82  	 73.12  	 70.68  	 73.05  	 35.39
1996	   4	  30	  12	 52.39  	 67.77  	 74.65  	 74.45  	 72.59  	 72.48  	 70.62  	 72.69  	 70.11  	 72.45  	 35.05
1996	   5	  14	  12	 51.77  	 68.44  	 75.21  	 74.97  	 73.17  	 72.49  	 70.41  	 72.73  	 70.11  	 73.27  	 35.34
1996	   5	  30	  12	 44.71  	 66.91  	 74.61  	 75.50  	 73.25  	 72.60  	 70.49  	 72.74  	 70.45  	 72.60  	 35.35
1996	   6	  14	  12	 42.17  	 66.71  	 74.64  	 75.16  	 73.30  	 73.23  	 70.86  	 72.72  	 70.42  	 73.23  	 35.43
1996	   6	  26	  12	 30.64  	 57.16  	 64.30  	 71.96  	 70.35  	 71.62  	 70.28  	 72.23  	 69.94  	 73.02  	 35.36
1996	   7	  16	  12	 11.04  	 43.01  	 59.09  	 70.37  	 69.52  	 70.72  	 69.86  	 72.57  	 70.31  	 73.29  	 35.27
1996	   7	  30	  12	 11.82  	 42.17  	 56.70  	 69.39  	 69.35  	 69.87  	 69.39  	 71.81  	 70.31  	 72.73  	 35.26
1996	   8	  15	  12	  8.32  	 40.80  	 53.94  	 69.14  	 69.27  	 69.96  	 69.27  	 71.05  	 70.33  	 72.63  	 35.35
1996	   8	  29	  12	  9.15  	 41.54  	 53.69  	 67.97  	 68.55  	 68.93  	 68.86  	 71.04  	 69.44  	 72.75  	 35.37
1996	   9	  13	  12	 17.23  	 48.15  	 54.23  	 67.74  	 68.53  	 69.58  	 69.21  	 70.78  	 70.61  	 73.24  	 35.32
1996	   9	  30	  12	 35.07  	 60.82  	 64.87  	 69.66  	 68.44  	 69.36  	 68.64  	 70.89  	 69.83  	 72.35  	 35.07
1996	  10	  30	  12	 35.17  	 62.57  	 65.77  	 70.52  	 68.04  	 69.27  	 68.31  	 70.56  	 69.57  	 72.87  	 35.28
1996	  11	  25	  12	 53.37  	 65.79  	 70.05  	 74.82  	 71.95  	 71.57  	 69.82  	 72.32  	 69.65  	 73.33  	 35.30
1997	   1	   2	  12	 50.13  	 67.68  	 71.57  	 73.80  	 72.68  	 71.87  	 70.62  	 72.51  	 70.11  	 73.36  	 35.19
1997	   1	  28	  12	 49.99  	 65.58  	 70.06  	 74.46  	 72.85  	 71.00  	 70.26  	 71.47  	 70.26  	 73.45  	 35.11
1997	   2	  26	  12	 58.98  	 69.39  	 75.11  	 74.33  	 72.86  	 72.49  	 70.70  	 72.25  	 69.83  	 72.79  	 35.23
1997	   3	  13	  12	 58.11  	 68.78  	 74.61  	 74.85  	 72.42  	 70.50  	 70.23  	 72.19  	 70.10  	 73.47  	 35.34
1997	   3	  27	  12	 49.40  	 66.52  	 70.93  	 75.10  	 73.15  	 72.98  	 70.49  	 73.05  	 70.04  	 73.19  	 35.26
1997	   4	  15	  12	 45.70  	 66.82  	 73.85  	 75.52  	 72.55  	 72.62  	 71.02  	 72.76  	 70.50  	 73.30  	 35.56
1997	   4	  29	  12	 43.16  	 65.47  	 69.08  	 75.63  	 73.28  	 72.32  	 70.79  	 72.39  	 69.70  	 73.55  	 35.41
1997	   5	  14	  12	 42.91  	 64.30  	 68.68  	 74.33  	 72.65  	 72.55  	 70.97  	 72.58  	 70.53  	 73.68  	 35.20
1997	   5	  29	  12	 30.55  	 58.26  	 65.93  	 70.27  	 69.40  	 69.79  	 69.31  	 72.30  	 69.69  	 72.15  	 35.02
1997	   6	  12	  12	 40.07  	 62.45  	 68.04  	 72.06  	 70.40  	 72.60  	 70.20  	 72.01  	 70.35  	 73.00  	 35.30
1997	   6	  27	  12	 35.22  	 60.55  	 66.86  	 71.36  	 69.90  	 72.24  	 70.39  	 72.73  	 70.24  	 72.83  	 35.00
1997	   7	  14	  12	 12.38  	 47.26  	 62.22  	 71.19  	 70.39  	 71.19  	 70.71  	 73.42  	 70.88  	 73.63  	 35.67
1997	   7	  30	  12	 13.92  	 50.04  	 62.01  	 70.88  	 70.32  	 71.19  	 70.18  	 73.63  	 70.39  	 73.56  	 35.51
1997	   8	  14	  12	 14.48  	 43.35  	 58.67  	 69.79  	 69.26  	 70.10  	 70.20  	 72.60  	 70.90  	 73.57  	 35.43
1997	   8	  28	  12	 18.54  	 48.28  	 58.34  	 69.43  	 68.78  	 69.43  	 69.29  	 72.21  	 70.87  	 73.17  	 35.21
1997	   9	  11	  12	 11.11  	 42.84  	 56.74  	 68.47  	 67.75  	 68.68  	 69.47  	 70.81  	 70.54  	 72.57  	 35.41
1997	   9	  25	  12	 16.41  	 43.04  	 55.47  	 68.48  	 67.72  	 68.52  	 69.11  	 70.94  	 70.42  	 73.50  	 35.42
1997	  10	  29	  12	 20.03  	 45.85  	 55.72  	 68.19  	 67.33  	 67.74  	 68.02  	 70.42  	 69.80  	 72.61  	 35.31
1997	  11	  25	  12	 27.20  	 56.83  	 60.37  	 67.93  	 67.00  	 67.76  	 68.34  	 70.20  	 70.10  	 73.09  	 35.56
1997	  12	  31	  12	 37.53  	 62.28  	 66.75  	 68.23  	 68.23  	 67.86  	 68.06  	 70.28  	 69.40  	 72.76  	 35.32
1998	   1	  28	  12	 51.78  	 68.42  	 74.26  	 74.99  	 72.75  	 72.34  	 69.87  	 72.72  	 70.45  	 73.44  	 35.52
1998	   2	  25	  12	 44.44  	 68.29  	 73.97  	 75.51  	 72.46  	 71.85  	 70.24  	 72.56  	 70.27  	 73.52  	 35.39
1998	   3	  12	  12	 52.15  	 68.70  	 73.99  	 74.94  	 72.53  	 71.85  	 70.53  	 72.36  	 69.86  	 73.48  	 35.23
1998	   3	  31	  12	 54.85  	 69.39  	 74.80  	 75.00  	 73.14  	 72.52  	 70.25  	 72.56  	 70.80  	 73.59  	 35.56
1998	   4	  14	  12	 49.11  	 68.76  	 74.39  	 75.49  	 73.21  	 72.87  	 70.41  	 73.73  	 70.62  	 74.14  	 35.45
1998	   4	  29	  12	 43.27  	 66.66  	 71.61  	 75.69  	 72.85  	 72.30  	 71.09  	 72.99  	 70.71  	 73.34  	 35.72
1998	   5	  14	  12	 45.35  	 65.61  	 69.90  	 74.54  	 73.16  	 72.60  	 70.77  	 72.95  	 70.84  	 73.12  	 35.50
1998	   5	  28	  12	 41.26  	 66.12  	 70.00  	 74.62  	 73.93  	 73.16  	 70.56  	 73.37  	 70.42  	 73.61  	 35.68
1998	   6	  15	  12	 53.91  	 67.17  	 73.87  	 75.48  	 73.45  	 72.77  	 70.74  	 72.87  	 69.95  	 73.14  	 35.44
1998	   6	  30	  12	 39.19  	 65.15  	 69.53  	 74.02  	 73.63  	 73.43  	 70.92  	 73.25  	 70.96  	 73.53  	 35.60
1998	   7	  14	  12	 40.11  	 63.13  	 66.88  	 72.71  	 71.63  	 72.88  	 70.56  	 73.09  	 70.84  	 73.23  	 35.71
1998	   7	  29	  12	 24.59  	 55.69  	 63.48  	 70.78  	 69.95  	 71.05  	 70.12  	 73.47  	 70.36  	 73.44  	 35.46
1998	   8	  13	  12	 41.40  	 65.94  	 69.18  	 74.72  	 75.25  	 73.50  	 74.03  	 71.79  	 73.92  	 70.92  	 36.96
1998	   9	   1	  12	 21.01  	 57.92  	 64.22  	 71.84  	 70.49  	 71.15  	 70.39  	 73.36  	 70.73  	 73.16  	 35.44
1998	   9	  16	  12	 13.05  	 53.94  	 61.75  	 70.93  	 70.07  	 69.49  	 69.53  	 71.00  	 70.66  	 72.44  	 35.29
1998	   9	  29	  12	 23.73  	 57.63  	 63.41  	 71.50  	 69.50  	 70.19  	 69.57  	 71.71  	 70.43  	 73.09  	 35.63
1998	  10	  29	  12	 26.10  	 62.52  	 66.76  	 72.32  	 70.53  	 70.80  	 70.01  	 73.01  	 70.01  	 73.56  	 35.78
1998	  11	  30	  12	 39.73  	 65.03  	 69.43  	 75.04  	 72.70  	 72.63  	 70.85  	 73.39  	 70.33  	 72.74  	 35.58
1998	  12	  29	  12	 48.83  	 66.34  	 73.48  	 74.77  	 73.34  	 71.85  	 70.83  	 72.97  	 70.76  	 73.45  	 35.43
1999	   1	  28	  12	 56.17  	 67.22  	 73.96  	 75.26  	 73.14  	 73.21  	 71.63  	 72.80  	 70.61  	 73.52  	 35.46
1999	   2	  25	  12	 42.46  	 67.28  	 74.00  	 75.26  	 73.11  	 72.98  	 70.76  	 73.08  	 70.39  	 73.21  	 35.40
1999	   3	  16	  12	 46.35  	 68.12  	 74.69  	 76.14  	 74.03  	 73.76  	 70.78  	 73.79  	 70.85  	 73.34  	 35.63
1999	   3	  30	  12	 44.98  	 65.19  	 69.69  	 75.13  	 73.74  	 73.47  	 67.69  	 73.33  	 70.94  	 74.02  	 35.70
1999	   4	  14	  12	 47.13  	 66.04  	 71.17  	 75.69  	 73.62  	 73.14  	 71.41  	 73.52  	 71.21  	 73.65  	 35.69
1999	   4	  29	  12	 48.91  	 68.03  	 74.28  	 75.46  	 74.01  	 73.11  	 71.10  	 73.38  	 70.97  	 73.42  	 35.48
1999	   5	  12	  12	 42.45  	 64.69  	 69.41  	 74.48  	 73.06  	 73.51  	 71.18  	 74.13  	 70.70  	 74.38  	 35.73
1999	   5	  27	  12	 40.24  	 63.67  	 68.24  	 73.61  	 71.46  	 73.50  	 71.70  	 73.88  	 71.11  	 73.09  	 35.59
1999	   6	  14	  12	 40.56  	 65.72  	 70.28  	 75.78  	 73.73  	 73.69  	 72.09  	 73.73  	 71.15  	 73.41  	 35.82
1999	   6	  29	  12	 39.40  	 62.79  	 66.74  	 72.00  	 70.52  	 72.37  	 70.86  	 73.13  	 70.59  	 73.23  	 35.59
1999	   7	  14	  12	 36.90  	 62.66  	 66.86  	 72.93  	 71.92  	 73.65  	 71.02  	 73.69  	 71.09  	 73.93  	 35.72
1999	   7	  28	  12	 13.52  	 51.48  	 62.93  	 72.12  	 71.11  	 71.07  	 71.28  	 73.87  	 71.25  	 73.48  	 35.85
1999	   8	  12	  12	 10.52  	 44.33  	 54.62  	 67.98  	 69.69  	 71.05  	 69.87  	 74.05  	 70.81  	 73.74  	 35.63
1999	   8	  31	  12	 10.11  	 43.60  	 52.83  	 65.74  	 66.23  	 69.06  	 70.11  	 72.35  	 70.84  	 73.64  	 35.74
1999	   9	  14	  12	  8.46  	 42.66  	 52.15  	 63.62  	 63.55  	 66.62  	 68.96  	 71.19  	 70.57  	 73.46  	 35.75
1999	   9	  29	  12	 10.63  	 41.94  	 51.13  	 62.79  	 62.62  	 66.24  	 68.37  	 71.05  	 70.30  	 72.70  	 35.80
1999	  10	  28	  12	 14.80  	 46.58  	 51.88  	 63.09  	 63.02  	 66.61  	 68.53  	 71.14  	 70.55  	 73.79  	 35.55
1999	  11	  30	  12	 10.68  	 46.06  	 52.17  	 62.69  	 62.93  	 65.92  	 68.05  	 70.00  	 69.80  	 72.58  	 35.86
1999	  12	  28	  12	 26.37  	 57.08  	 58.71  	 63.15  	 62.88  	 65.58  	 67.18  	 70.02  	 69.30  	 72.34  	 35.40
2000	   1	  27	  12	 38.21  	 59.00  	 63.32  	 67.23  	 62.88  	 65.80  	 67.02  	 69.88  	 69.71  	 71.95  	 35.07
2000	   2	  29	  12	 47.57  	 67.22  	 73.23  	 75.05  	 71.98  	 71.47  	 69.60  	 72.88  	 70.71  	 73.57  	 35.77
2000	   3	  13	  12	 50.97  	 67.02  	 72.11  	 74.70  	 71.60  	 72.35  	 69.75  	 72.93  	 69.96  	 73.00  	 35.44
2000	   3	  29	  12	 40.34  	 65.38  	 70.62  	 74.58  	 71.69  	 71.97  	 70.35  	 72.48  	 70.28  	 72.34  	 35.36
2000	   4	  13	  12	 40.47  	 64.26  	 69.64  	 73.81  	 71.78  	 72.47  	 70.22  	 72.95  	 70.29  	 73.54  	 35.47
2000	   4	  27	  12	 41.37  	 63.76  	 68.59  	 73.08  	 71.49  	 71.94  	 70.22  	 73.22  	 70.73  	 73.46  	 35.59
2000	   5	  15	  12	 36.97  	 63.68  	 68.22  	 73.21  	 71.85  	 72.69  	 71.29  	 73.49  	 70.66  	 73.35  	 35.77
2000	   5	  31	  12	 36.45  	 63.06  	 67.70  	 72.41  	 71.07  	 73.14  	 71.39  	 73.64  	 70.93  	 73.67  	 35.99
2000	   6	  15	  12	 20.21  	 53.54  	 62.27  	 70.40  	 69.60  	 69.81  	 69.88  	 72.87  	 69.85  	 72.49  	 35.41
2000	   6	  29	  12	 38.51  	 65.05  	 69.83  	 73.84  	 72.73  	 72.48  	 71.12  	 72.90  	 70.77  	 73.91  	 35.68
2000	   7	  13	  12	 39.60  	 65.71  	 70.65  	 75.45  	 73.24  	 73.73  	 71.14  	 73.91  	 70.83  	 73.35  	 35.54
2000	   7	  27	  12	 34.62  	 60.33  	 65.18  	 71.99  	 71.39  	 73.21  	 71.39  	 73.49  	 70.98  	 73.10  	 35.45
2000	   8	  15	  12	 37.13  	 64.26  	 68.81  	 73.81  	 71.92  	 73.60  	 71.15  	 73.53  	 70.87  	 73.81  	 35.51
2000	   8	  30	  12	 43.22  	 67.33  	 72.38  	 76.00  	 73.43  	 73.96  	 71.47  	 74.10  	 70.52  	 73.71  	 35.70
2000	   9	  13	  12	 35.73  	 63.10  	 67.11  	 72.04  	 70.22  	 71.18  	 70.46  	 73.54  	 70.19  	 72.99  	 35.38
2000	   9	  28	  12	 37.26  	 64.62  	 68.63  	 72.60  	 71.98  	 72.56  	 70.56  	 73.81  	 70.87  	 73.32  	 35.18
2000	  10	  31	  12	 33.61  	 61.81  	 67.20  	 72.94  	 70.93  	 72.87  	 70.69  	 72.97  	 70.62  	 74.42  	 35.48
2000	  11	  29	  12	 43.14  	 66.96  	 72.04  	 74.87  	 72.79  	 72.89  	 70.78  	 73.17  	 70.16  	 72.69  	 35.27
2000	  12	  28	  12	 47.87  	 66.88  	 72.78  	 74.90  	 73.23  	 72.99  	 70.39  	 72.51  	 70.19  	 73.26  	 35.28
2001	   1	  30	  12	 60.83  	 68.00  	 73.52  	 75.42  	 73.04  	 73.18  	 71.28  	 73.45  	 70.76  	 73.59  	 35.43
2001	   2	  27	  12	 53.07  	 68.39  	 73.10  	 75.07  	 72.15  	 72.42  	 70.25  	 72.73  	 69.68  	 73.17  	 35.14
2001	   3	  13	  12	 42.74  	 66.50  	 74.11  	 75.48  	 73.42  	 73.73  	 71.39  	 73.04  	 70.80  	 73.49  	 35.44
2001	   3	  29	  12	 41.18  	 64.14  	 70.13  	 73.93  	 73.24  	 72.69  	 70.47  	 72.83  	 70.40  	 73.00  	 35.39
2001	   4	  11	  12	 41.01  	 63.67  	 69.25  	 73.99  	 72.32  	 73.92  	 71.48  	 73.85  	 70.96  	 73.29  	 35.46
2001	   4	  26	  12	 30.28  	 58.68  	 64.78  	 71.56  	 70.42  	 71.22  	 70.94  	 69.91  	 70.80  	 72.59  	 35.40
2001	   5	  14	  12	 10.79  	 49.37  	 61.32  	 71.14  	 69.85  	 70.97  	 70.17  	 73.51  	 70.69  	 73.96  	 35.54
2001	   5	  30	  12	 19.66  	 50.24  	 59.99  	 70.12  	 68.80  	 70.85  	 69.80  	 73.10  	 70.95  	 73.07  	 35.54
2001	   6	  13	  12	 24.43  	 58.76  	 65.42  	 72.04  	 70.22  	 71.24  	 71.03  	 73.69  	 71.17  	 74.01  	 35.58
2001	   6	  28	  12	 10.70  	 46.74  	 59.75  	 69.73  	 68.83  	 69.87  	 70.15  	 73.63  	 70.25  	 73.42  	 35.42
2001	   7	  12	  12	 17.26  	 45.26  	 54.48  	 66.46  	 66.22  	 68.85  	 69.44  	 72.25  	 70.48  	 73.18  	 35.52
2001	   7	  31	  12	 28.86  	 59.88  	 61.60  	 66.96  	 66.86  	 68.43  	 69.73  	 72.82  	 70.96  	 73.48  	 35.97
2001	   8	  14	  12	 11.84  	 49.57  	 59.74  	 67.18  	 66.38  	 68.20  	 69.46  	 71.90  	 70.36  	 74.24  	 35.71
2001	   8	  30	  12	 20.88  	 51.73  	 57.89  	 67.20  	 65.64  	 67.20  	 68.46  	 71.69  	 70.58  	 73.08  	 35.53
2001	   9	  13	  12	 23.17  	 54.45  	 58.81  	 67.17  	 66.03  	 67.34  	 67.96  	 72.04  	 70.31  	 73.32  	 35.45
2001	   9	  25	  12	 26.30  	 58.55  	 62.61  	 68.05  	 66.02  	 67.05  	 68.70  	 71.77  	 69.87  	 73.01  	 35.40
2001	  10	  30	  12	 41.02  	 65.53  	 70.77  	 74.76  	 71.80  	 71.94  	 70.66  	 73.07  	 70.15  	 73.01  	 35.42
2001	  11	  29	  12	 40.77  	 65.84  	 71.67  	 74.35  	 71.88  	 71.64  	 70.37  	 72.87  	 69.58  	 74.04  	 35.65
2001	  12	  26	  12	 52.30  	 67.38  	 72.00  	 74.11  	 71.97  	 71.70  	 70.37  	 72.68  	 69.93  	 73.26  	 35.25
2002	   1	  30	  12	 46.09  	 66.74  	 72.44  	 73.94  	 71.83  	 72.31  	 70.78  	 72.54  	 70.13  	 73.39  	 35.49
2002	   2	  27	  12	 54.37  	 68.04  	 72.18  	 73.94  	 71.60  	 71.94  	 70.41  	 73.30  	 69.50  	 73.40  	 35.51
2002	   3	  13	  12	 56.45  	 68.63  	 72.69  	 75.18  	 72.62  	 73.06  	 70.85  	 73.30  	 70.23  	 73.34  	 35.99
2002	   3	  27	  12	 56.06  	 69.28  	 73.62  	 75.20  	 73.79  	 73.03  	 71.31  	 73.21  	 70.38  	 73.24  	 36.28
2002	   4	  11	  12	 51.94  	 68.82  	 73.76  	 75.28  	 73.04  	 73.04  	 70.97  	 73.83  	 70.52  	 73.32  	 35.29
2002	   4	  30	  12	 53.08  	 67.79  	 73.40  	 75.63  	 73.40  	 72.95  	 70.82  	 73.43  	 70.10  	 73.60  	 35.43
2002	   5	  14	  12	 54.22  	 68.34  	 73.09  	 75.96  	 73.12  	 73.68  	 71.04  	 73.68  	 69.94  	 73.64  	 35.56
2002	   5	  30	  12	 42.12  	 61.79  	 67.04  	 72.72  	 71.25  	 72.89  	 71.32  	 73.69  	 70.70  	 73.45  	 35.63
2002	   6	  13	  12	 36.95  	 55.86  	 62.52  	 70.95  	 69.87  	 70.50  	 71.12  	 73.79  	 70.64  	 73.10  	 35.46
2002	   6	  27	  12	 25.47  	 49.82  	 61.62  	 70.52  	 69.93  	 70.31  	 71.39  	 73.49  	 70.91  	 73.94  	 35.49
2002	   7	  11	  12	  9.88  	 43.04  	 56.14  	 69.56  	 68.79  	 70.51  	 70.69  	 73.92  	 70.37  	 73.99  	 35.85
2002	   7	  30	  12	 13.34  	 42.16  	 52.07  	 65.09  	 66.83  	 68.47  	 68.44  	 71.99  	 69.94  	 72.85  	 34.80
2002	   8	  14	  12	 16.52  	 41.88  	 51.99  	 64.83  	 66.68  	 68.64  	 69.34  	 72.35  	 70.53  	 73.78  	 35.30
2002	   8	  29	  12	 12.09  	 41.82  	 51.69  	 64.61  	 65.20  	 68.36  	 68.64  	 71.56  	 70.24  	 73.05  	 35.50
2002	   9	  12	  12	  6.44  	 41.41  	 51.17  	 63.78  	 64.19  	 66.83  	 68.26  	 70.76  	 70.13  	 72.60  	 35.22
2002	   9	  26	  12	 19.77  	 45.04  	 51.03  	 63.76  	 63.69  	 66.41  	 67.23  	 70.09  	 69.74  	 72.94  	 35.03
2002	  10	  30	  12	 34.73  	 62.19  	 64.91  	 64.26  	 63.52  	 65.63  	 67.19  	 70.09  	 69.75  	 73.09  	 35.01
2002	  11	  26	  12	 34.55  	 62.42  	 66.05  	 71.54  	 68.22  	 69.17  	 69.64  	 72.08  	 69.78  	 72.73  	 35.30
2002	  12	  31	  12	 56.81  	 67.86  	 72.49  	 74.12  	 71.57  	 71.43  	 70.28  	 72.79  	 69.66  	 73.54  	 35.41
2003	   1	  30	  12	 46.15  	 63.92  	 62.69  	 70.47  	 68.66  	 69.38  	 69.55  	 71.39  	 69.96  	 73.17  	 35.13
2003	   2	  27	  12	 57.36  	 67.87  	 71.28  	 73.64  	 71.59  	 71.79  	 70.67  	 73.16  	 70.33  	 74.05  	 35.42
2003	   3	  13	  12	 59.57  	 67.59  	 71.55  	 73.56  	 72.16  	 71.61  	 70.15  	 72.36  	 70.11  	 73.73  	 35.23
2003	   3	  27	  12	 49.85  	 67.57  	 72.34  	 74.10  	 72.17  	 72.62  	 70.34  	 73.03  	 70.23  	 73.31  	 35.72
2003	   4	  14	  12	 42.63  	 63.16  	 67.53  	 73.07  	 71.62  	 72.34  	 71.79  	 72.69  	 70.61  	 74.74  	 36.03
2003	   4	  29	  12	 45.70  	 66.97  	 72.08  	 74.98  	 74.17  	 72.71  	 71.31  	 72.81  	 70.85  	 74.77  	 35.71
2003	   5	  13	  12	 46.94  	 66.43  	 70.50  	 75.23  	 73.35  	 71.68  	 70.84  	 73.38  	 72.69  	 70.46  	 37.16
2003	   5	  28	  12	 41.10  	 63.74  	 67.72  	 73.83  	 71.42  	 72.57  	 71.74  	 73.24  	 71.25  	 74.49  	 35.66
2003	   6	  12	  12	 44.19  	 65.07  	 69.48  	 74.00  	 72.92  	 71.91  	 71.53  	 72.99  	 70.35  	 74.10  	 35.68
2003	   6	  26	  12	 24.95  	 54.81  	 61.34  	 70.76  	 69.79  	 69.79  	 71.04  	 72.98  	 71.21  	 74.41  	 35.50
2003	   7	  14	  12	 22.42  	 54.00  	 57.94  	 69.11  	 68.09  	 70.26  	 71.21  	 73.07  	 71.21  	 74.62  	 35.91
2003	   7	  30	  12	 15.51  	 46.95  	 56.02  	 67.95  	 66.97  	 69.00  	 69.90  	 72.48  	 70.04  	 74.61  	 35.84
2003	   8	  13	  12	 13.20  	 44.89  	 54.29  	 66.81  	 66.21  	 68.46  	 69.72  	 72.77  	 70.60  	 74.46  	 35.47
2003	   8	  28	  12	 14.94  	 41.70  	 49.85  	 64.07  	 63.20  	 64.67  	 67.32  	 71.10  	 70.61  	 74.31  	 35.39
2003	   9	  15	  12	 23.14  	 49.38  	 53.82  	 64.23  	 63.18  	 65.03  	 67.23  	 70.97  	 70.83  	 74.22  	 35.08
2003	   9	  30	  12	 29.90  	 54.41  	 53.58  	 64.48  	 63.06  	 64.17  	 67.14  	 70.50  	 70.40  	 74.06  	 35.42
2003	  10	  30	  12	 26.52  	 52.83  	 54.85  	 64.50  	 61.87  	 64.26  	 66.93  	 70.77  	 70.05  	 73.68  	 35.23
2003	  11	  25	  12	 38.85  	 62.81  	 68.38  	 72.17  	 70.80  	 68.38  	 69.51  	 72.31  	 69.95  	 73.88  	 35.86
2003	  12	  30	  12	 46.09  	 67.64  	 70.43  	 74.36  	 72.36  	 70.74  	 70.47  	 72.29  	 70.29  	 73.98  	 35.18
2004	   1	  29	  12	 57.49  	 62.49  	 67.39  	 72.74  	 71.15  	 70.00  	 70.37  	 71.69  	 69.70  	 73.08  	 34.97
2004	   2	  26	  12	 59.47  	 66.69  	 70.88  	 73.56  	 72.18  	 70.54  	 70.61  	 72.36  	 70.37  	 73.90  	 35.32
2004	   3	  11	  12	 44.98  	 65.39  	 69.89  	 74.21  	 72.53  	 71.22  	 71.22  	 72.46  	 71.19  	 73.76  	 35.42
2004	   3	  30	  12	 57.22  	 67.28  	 71.33  	 74.11  	 72.25  	 71.39  	 70.71  	 72.60  	 70.95  	 73.73  	 34.99
2004	   4	  14	  12	 42.20  	 62.87  	 66.23  	 72.86  	 71.05  	 71.16  	 70.81  	 72.30  	 71.19  	 74.21  	 35.72
2004	   4	  29	  12	 32.71  	 58.57  	 63.80  	 71.35  	 71.00  	 70.23  	 71.67  	 73.21  	 71.70  	 74.62  	 36.10
2004	   5	  11	  12	 28.37  	 55.67  	 61.88  	 70.33  	 69.92  	 70.06  	 71.34  	 72.86  	 71.03  	 73.73  	 35.76
2004	   5	  28	  12	 46.22  	 65.77  	 70.53  	 73.14  	 72.31  	 71.23  	 70.84  	 73.31  	 71.16  	 73.77  	 35.70
2004	   6	  14	  12	 29.01  	 55.88  	 61.57  	 70.67  	 69.97  	 70.08  	 71.30  	 73.70  	 71.40  	 73.57  	 35.40
2004	   6	  29	  12	 13.67  	 48.41  	 58.65  	 70.12  	 69.59  	 69.94  	 69.77  	 72.99  	 71.20  	 74.52  	 35.44
