# Station Name: Bondville
# Station Code: BVL
# Station Latitude: 40.050000
# Station Longitude: 88.220000
# Station Altitude: 213.000000
Year	  MO	  DY	 Sta	 0-10cm 	 10-30  	 30-50  	 50-70  	 70-90  	 90-110 	 110-130	 130-150	 150-170	 170-190	 190-200
1981	   2	  19	   1	 37.10  	 74.15  	 79.53  	 78.82  	 76.22  	 74.94  	 72.31  	 73.07  	 71.67  	 58.49  	 27.99
1981	   2	  24	   1	 33.28  	 69.96  	 76.91  	 78.71  	 73.07  	 71.56  	 70.65  	 71.74  	 70.15  	 57.41  	 28.33
1981	   3	   2	   1	 32.37  	 66.66  	 73.27  	 81.26  	 74.33  	 76.89  	 72.69  	 74.85  	 73.16  	 59.72  	 29.18
1981	   3	   9	   1	 31.97  	 64.64  	 71.31  	 78.98  	 76.25  	 73.88  	 72.05  	 72.09  	 71.84  	 57.64  	 28.86
1981	   3	  17	   1	 26.23  	 63.04  	 70.06  	 77.07  	 73.99  	 72.09  	 71.59  	 72.89  	 72.13  	 58.10  	 28.71
1981	   3	  24	   1	 23.31  	 55.11  	 68.14  	 74.75  	 73.20  	 71.19  	 71.01  	 72.85  	 70.36  	 59.08  	 28.16
1981	   3	  31	   1	 24.34  	 55.94  	 68.45  	 79.03  	 74.85  	 72.95  	 70.62  	 73.88  	 71.48  	 57.92  	 28.58
1981	   4	   7	   1	 29.32  	 58.08  	 69.26  	 78.87  	 77.69  	 72.29  	 72.32  	 74.31  	 72.78  	 61.28  	 29.29
1981	   4	  14	   1	 36.30  	 69.09  	 75.25  	 79.81  	 77.65  	 75.07  	 72.98  	 75.08  	 70.81  	 60.31  	 29.28
1981	   4	  17	   1	 34.86  	 67.62  	 74.04  	 81.56  	 78.82  	 78.24  	 75.79  	 78.09  	 76.31  	 60.30  	 30.47
1981	   4	  20	   1	 38.91  	 67.53  	 73.44  	 79.67  	 77.40  	 77.20  	 75.71  	 75.49  	 72.98  	 59.52  	 29.19
1981	   4	  21	   1	 35.40  	 61.34  	 72.53  	 77.94  	 75.19  	 75.58  	 72.09  	 74.77  	 71.22  	 60.19  	 29.09
1981	   4	  23	   1	 36.87  	 67.81  	 76.33  	 79.95  	 78.35  	 78.09  	 75.82  	 77.89  	 73.02  	 61.99  	 30.14
1981	   4	  28	   1	 30.63  	 59.94  	 71.67  	 75.68  	 76.03  	 77.74  	 74.69  	 75.50  	 72.24  	 59.70  	 29.79
1981	   5	   5	   1	 25.66  	 54.34  	 66.37  	 77.98  	 76.36  	 75.29  	 73.27  	 74.51  	 71.98  	 60.68  	 29.75
1981	   5	  12	   1	 38.19  	 67.66  	 73.84  	 80.13  	 77.61  	 75.65  	 74.62  	 74.80  	 72.51  	 59.72  	 29.20
1981	   5	  19	   1	 53.41  	 77.18  	 81.15  	 80.29  	 82.31  	 77.17  	 77.57  	 75.92  	 73.00  	 61.05  	 28.63
1981	   5	  26	   1	 33.80  	 68.34  	 73.00  	 82.12  	 79.49  	 79.10  	 75.83  	 77.48  	 73.50  	 60.97  	 29.62
1981	   6	   2	   1	 30.07  	 59.46  	 68.46  	 77.95  	 76.81  	 73.97  	 74.56  	 73.97  	 71.05  	 58.33  	 28.57
1981	   6	   8	   1	 24.65  	 44.42  	 60.27  	 76.29  	 76.17  	 74.52  	 71.44  	 76.21  	 70.93  	 57.85  	 27.90
1981	   6	   9	   1	 23.45  	 48.51  	 62.84  	 79.09  	 77.23  	 73.40  	 73.77  	 75.26  	 71.06  	 58.92  	 28.74
1981	   6	  16	   1	 36.22  	 63.44  	 64.29  	 77.08  	 74.59  	 73.78  	 75.06  	 74.29  	 72.04  	 59.26  	 29.12
1981	   6	  23	   1	 27.57  	 57.37  	 64.77  	 63.93  	 65.25  	 75.37  	 73.13  	 75.05  	 71.85  	 59.42  	 28.92
1981	   6	  29	   1	 17.08  	 43.23  	 56.46  	 71.18  	 71.97  	 72.16  	 71.92  	 71.58  	 71.59  	 59.89  	 28.31
1981	   7	   6	   1	 28.34  	 59.90  	 63.59  	 74.20  	 73.49  	 76.25  	 72.95  	 74.71  	 69.93  	 60.02  	 29.89
1981	   7	  13	   1	 17.38  	 56.84  	 62.53  	 75.84  	 75.09  	 75.05  	 72.97  	 75.81  	 73.81  	 60.42  	 28.59
1981	   7	  20	   1	 27.51  	 63.45  	 61.04  	 74.18  	 71.12  	 73.02  	 72.67  	 73.94  	 70.55  	 59.03  	 29.21
1981	   7	  28	   1	 37.45  	 70.26  	 71.06  	 78.24  	 73.23  	 77.55  	 74.07  	 74.54  	 72.63  	 59.85  	 28.94
1981	   7	  31	   1	 21.93  	 67.01  	 67.09  	 75.61  	 73.37  	 74.31  	 71.35  	 71.16  	 67.06  	 59.01  	 28.53
1981	   8	   3	   1	 28.70  	 64.54  	 66.51  	 76.05  	 76.02  	 75.40  	 73.34  	 74.78  	 71.68  	 59.66  	 28.63
1981	   8	  10	   1	 44.52  	 72.55  	 73.49  	 77.62  	 74.60  	 73.69  	 71.53  	 71.85  	 69.34  	 58.66  	 27.88
1981	   8	  17	   1	 41.05  	 71.71  	 75.33  	 77.28  	 78.62  	 75.90  	 73.51  	 72.21  	 70.67  	 58.99  	 27.94
1981	   8	  24	   1	 22.60  	 64.79  	 66.26  	 75.08  	 73.73  	 73.20  	 72.54  	 72.56  	 70.53  	 56.90  	 27.44
1981	   8	  31	   1	 34.44  	 70.68  	 71.94  	 79.67  	 77.28  	 75.85  	 73.59  	 75.24  	 70.84  	 59.79  	 28.73
1981	   9	   8	   1	 33.96  	 67.94  	 69.08  	 77.61  	 77.43  	 73.96  	 72.89  	 73.79  	 71.77  	 58.56  	 27.87
1981	   9	  15	   1	 31.49  	 62.72  	 65.65  	 75.30  	 73.56  	 71.30  	 70.69  	 69.90  	 71.42  	 55.78  	 27.62
1981	   9	  21	   1	 32.71  	 62.72  	 66.29  	 77.37  	 75.89  	 74.44  	 74.12  	 75.48  	 72.57  	 59.57  	 29.15
1981	   9	  28	   1	 23.49  	 64.91  	 64.65  	 73.96  	 70.99  	 72.02  	 71.96  	 71.76  	 69.21  	 57.47  	 27.47
1981	  10	   5	   1	 28.34  	 68.07  	 69.59  	 79.13  	 77.85  	 75.98  	 76.47  	 75.22  	 73.06  	 59.77  	 29.14
1981	  10	  12	   1	 40.80  	 57.89  	 57.19  	 63.75  	 61.89  	 60.97  	 60.31  	 62.18  	 58.93  	 47.63  	 23.23
1981	  10	  19	   1	 25.42  	 68.91  	 65.66  	 74.23  	 73.22  	 70.54  	 71.06  	 72.19  	 68.14  	 56.10  	 27.35
1981	  10	  26	   1	 34.01  	 71.48  	 71.68  	 79.46  	 73.66  	 74.93  	 74.98  	 75.02  	 73.08  	 60.29  	 28.39
1981	  11	   2	   1	 36.02  	 68.87  	 68.53  	 74.82  	 73.31  	 71.62  	 72.92  	 70.73  	 69.23  	 56.89  	 27.67
1981	  11	   9	   1	 20.68  	 67.69  	 65.67  	 73.29  	 72.58  	 71.74  	 70.56  	 72.65  	 68.98  	 57.20  	 27.25
1981	  11	  15	   1	 23.91  	 69.57  	 68.81  	 80.23  	 76.58  	 74.66  	 73.79  	 76.04  	 72.33  	 60.89  	 29.61
1981	  11	  24	   1	 33.55  	 70.01  	 67.94  	 73.38  	 69.29  	 70.96  	 71.41  	 73.20  	 69.62  	 58.59  	 28.49
1981	  11	  30	   1	 33.89  	 69.68  	 69.83  	 76.17  	 73.83  	 72.92  	 72.23  	 75.57  	 71.09  	 61.00  	 28.07
1981	  12	   7	   1	 30.59  	 70.03  	 69.09  	 67.69  	 74.00  	 71.66  	 71.91  	 72.34  	 71.35  	 57.98  	 28.23
1981	  12	  14	   1	 31.74  	 68.38  	 67.43  	 73.66  	 70.60  	 70.30  	 70.03  	 70.59  	 68.23  	 56.62  	 27.13
1981	  12	  21	   1	 22.09  	 65.45  	 67.58  	 68.82  	 71.10  	 70.18  	 68.58  	 71.32  	 69.06  	 56.80  	 27.39
1982	   1	   5	   1	 26.34  	 68.14  	 72.81  	 75.41  	 74.68  	 66.93  	 71.77  	 72.58  	 70.04  	 56.78  	 27.45
1982	   1	  12	   1	 61.34  	 74.58  	 76.83  	 86.16  	 83.20  	 82.85  	 80.27  	 77.09  	 79.18  	 63.68  	 30.61
1982	   1	  19	   1	 24.44  	 65.24  	 64.22  	 72.62  	 70.68  	 69.03  	 70.05  	 68.66  	 67.04  	 54.81  	 27.03
1982	   1	  29	   1	 38.93  	 62.33  	 60.54  	 69.82  	 66.98  	 63.72  	 65.12  	 63.40  	 63.25  	 51.61  	 25.03
1982	   2	   2	   1	 20.78  	 68.63  	 66.67  	 73.79  	 72.25  	 72.73  	 71.23  	 70.06  	 65.91  	 55.29  	 27.94
1982	   2	   8	   1	 18.62  	 67.13  	 65.07  	 72.51  	 70.24  	 68.83  	 68.80  	 68.53  	 67.62  	 55.10  	 26.91
1982	   2	  15	   1	 29.77  	 68.95  	 64.87  	 73.65  	 71.66  	 69.79  	 70.17  	 68.89  	 67.18  	 53.55  	 27.57
1982	   2	  19	   1	 40.36  	 70.46  	 67.09  	 76.02  	 72.44  	 72.63  	 72.99  	 70.14  	 69.26  	 54.38  	 27.01
1982	   2	  22	   1	 54.68  	 74.81  	 74.46  	 76.67  	 74.53  	 74.62  	 73.35  	 73.37  	 72.35  	 57.19  	 27.93
1982	   3	   1	   1	 41.69  	 74.94  	 73.71  	 77.78  	 76.04  	 77.97  	 76.05  	 74.29  	 73.99  	 58.43  	 29.31
1982	   3	   8	   1	 43.58  	 71.89  	 70.05  	 78.44  	 75.54  	 75.65  	 75.58  	 74.02  	 71.89  	 59.83  	 28.54
1982	   3	  12	   1	 43.41  	 75.74  	 75.79  	 77.91  	 75.35  	 75.39  	 74.56  	 74.23  	 71.58  	 58.36  	 27.84
1982	   3	  15	   1	 44.91  	 72.66  	 74.46  	 78.47  	 68.94  	 74.92  	 73.92  	 72.12  	 69.02  	 57.18  	 27.71
1982	   3	  22	   1	 38.08  	 72.96  	 72.87  	 78.62  	 77.70  	 75.53  	 75.43  	 75.89  	 71.49  	 60.03  	 28.63
1982	   3	  29	   1	 37.27  	 70.45  	 70.29  	 79.00  	 75.55  	 76.38  	 75.27  	 74.00  	 72.40  	 59.01  	 28.92
1982	   4	   5	   1	 31.06  	 69.06  	 68.93  	 76.47  	 75.40  	 73.54  	 73.67  	 71.85  	 70.19  	 58.17  	 28.49
1982	   4	  12	   1	 35.67  	 72.28  	 71.91  	 79.34  	 77.33  	 76.32  	 75.62  	 73.96  	 71.95  	 56.36  	 28.39
1982	   4	  19	   1	 34.37  	 71.44  	 70.45  	 79.00  	 75.05  	 73.55  	 74.68  	 75.15  	 69.01  	 58.04  	 28.97
1982	   4	  26	   1	 31.98  	 64.07  	 70.77  	 77.97  	 74.50  	 74.54  	 75.57  	 73.38  	 71.10  	 58.89  	 28.42
1982	   5	   2	   1	 24.78  	 56.09  	 68.61  	 78.12  	 75.50  	 74.86  	 72.82  	 74.50  	 72.14  	 57.99  	 28.98
1982	   5	  10	   1	 19.10  	 44.49  	 64.59  	 76.34  	 72.86  	 70.74  	 72.86  	 71.62  	 70.46  	 57.02  	 28.50
1982	   5	  17	   1	 15.74  	 34.87  	 51.99  	 70.24  	 69.86  	 70.16  	 72.42  	 72.57  	 67.93  	 56.13  	 27.56
1982	   5	  24	   1	 18.16  	 38.63  	 49.77  	 69.76  	 70.66  	 72.44  	 73.89  	 76.67  	 71.61  	 59.71  	 28.99
1982	   5	  30	   1	 21.61  	 40.21  	 48.30  	 69.19  	 70.34  	 71.06  	 73.58  	 72.86  	 70.32  	 56.19  	 28.88
1982	   6	   7	   1	 30.06  	 50.38  	 52.97  	 70.65  	 71.63  	 75.01  	 74.03  	 72.92  	 70.08  	 57.64  	 27.88
1982	   6	  14	   1	 18.82  	 39.90  	 52.50  	 72.03  	 72.78  	 73.28  	 74.91  	 74.85  	 70.35  	 57.96  	 28.58
1982	   6	  21	   1	 24.11  	 58.16  	 56.76  	 72.39  	 72.96  	 74.09  	 74.95  	 75.34  	 72.92  	 57.68  	 27.90
1982	   6	  28	   1	 22.65  	 41.07  	 50.21  	 65.42  	 66.41  	 68.11  	 70.23  	 68.58  	 65.51  	 54.99  	 26.33
1982	   7	   5	   1	 44.79  	 65.77  	 80.94  	 76.46  	 74.45  	 75.29  	 77.14  	 76.52  	 72.31  	 58.75  	 29.15
1982	   7	   8	   1	 27.70  	 60.26  	 66.55  	 74.87  	 73.01  	 73.46  	 73.89  	 73.31  	 69.38  	 58.60  	 28.51
1982	   7	   9	   1	 25.55  	 52.64  	 64.78  	 75.28  	 71.00  	 71.94  	 73.37  	 71.49  	 68.28  	 57.66  	 28.06
1982	   7	  12	   1	 27.37  	 53.03  	 64.95  	 73.69  	 71.78  	 73.25  	 71.81  	 72.92  	 70.71  	 56.93  	 27.59
1982	   7	  19	   1	 23.72  	 23.66  	 29.71  	 36.32  	 34.59  	 34.91  	 35.65  	 35.65  	 35.28  	 27.10  	 13.26
1982	   7	  26	   1	 21.15  	 41.04  	 58.66  	 71.31  	 73.05  	 72.12  	 72.33  	 74.60  	 71.71  	 57.70  	 28.09
1982	   8	   2	   1	 19.46  	 35.27  	 54.99  	 69.50  	 71.28  	 70.95  	 73.21  	 77.23  	 71.67  	 58.22  	 28.80
1982	   8	   6	   1	 20.64  	 42.36  	 50.69  	 65.70  	 68.28  	 68.89  	 71.12  	 75.79  	 70.34  	 57.12  	 28.26
1982	   8	   9	   1	 19.36  	 37.85  	 50.32  	 65.85  	 68.89  	 69.28  	 71.55  	 73.84  	 72.30  	 58.67  	 28.29
1982	   8	  16	   1	 16.08  	 31.49  	 45.71  	 63.68  	 67.07  	 66.45  	 69.18  	 72.04  	 69.01  	 58.28  	 28.21
1982	   8	  23	   1	 17.73  	 32.70  	 44.85  	 63.29  	 66.10  	 64.34  	 70.37  	 72.76  	 71.53  	 58.19  	 28.30
1982	   8	  30	   1	 25.79  	 33.42  	 45.80  	 61.94  	 65.48  	 66.43  	 70.91  	 73.30  	 70.54  	 58.28  	 29.38
1982	   9	   6	   1	 22.79  	 38.12  	 46.13  	 63.18  	 65.53  	 65.17  	 69.55  	 72.74  	 69.15  	 57.27  	 28.31
1982	   9	  13	   1	 24.28  	 34.60  	 45.80  	 62.15  	 64.85  	 64.71  	 66.54  	 71.89  	 69.77  	 57.77  	 28.03
1982	   9	  20	   1	 26.88  	 37.03  	 45.98  	 63.64  	 65.24  	 63.43  	 68.72  	 70.41  	 68.62  	 56.27  	 28.36
1982	   9	  27	   1	 22.30  	 30.92  	 45.18  	 62.00  	 65.01  	 64.28  	 70.43  	 72.11  	 68.97  	 57.23  	 28.30
1982	  10	   4	   1	 19.00  	 28.73  	 43.08  	 58.17  	 61.07  	 62.60  	 66.51  	 69.28  	 66.76  	 53.63  	 26.51
1982	  10	  11	   1	 21.36  	 40.74  	 50.62  	 63.82  	 64.28  	 65.92  	 70.34  	 72.45  	 71.49  	 58.69  	 28.61
1982	  10	  18	   1	 16.78  	 31.23  	 44.63  	 62.18  	 62.81  	 66.21  	 71.07  	 71.85  	 70.85  	 57.63  	 28.81
1982	  10	  25	   1	 20.14  	 44.00  	 44.46  	 61.63  	 61.90  	 63.75  	 67.13  	 69.02  	 66.93  	 54.43  	 27.22
1982	  11	   1	   1	 28.05  	 50.55  	 47.79  	 64.23  	 64.50  	 67.20  	 70.49  	 72.17  	 70.66  	 56.85  	 28.38
1982	  11	   8	   1	 28.65  	 51.43  	 47.35  	 62.89  	 59.10  	 62.57  	 65.97  	 67.59  	 66.35  	 54.36  	 27.18
1982	  11	  15	   1	 24.94  	 54.04  	 47.68  	 61.95  	 60.64  	 63.00  	 67.36  	 68.01  	 67.78  	 54.85  	 27.99
1982	  11	  22	   1	 38.27  	 60.24  	 54.64  	 62.96  	 61.95  	 61.10  	 66.30  	 69.32  	 66.30  	 54.66  	 27.11
1982	  11	  29	   1	 41.12  	 63.06  	 65.93  	 72.63  	 65.85  	 65.66  	 68.38  	 69.21  	 67.87  	 55.33  	 27.76
1982	  12	   6	   1	 49.02  	 68.52  	 74.81  	 76.04  	 72.29  	 74.57  	 73.38  	 73.87  	 72.43  	 57.29  	 28.57
1982	  12	  12	   1	 37.39  	 64.87  	 71.32  	 75.62  	 75.28  	 74.02  	 71.83  	 73.56  	 70.92  	 57.73  	 28.37
1982	  12	  20	   1	 40.29  	 61.25  	 65.35  	 73.36  	 71.96  	 71.15  	 70.61  	 70.33  	 69.12  	 55.63  	 27.59
1982	  12	  27	   1	 55.16  	 74.39  	 76.02  	 79.80  	 77.22  	 77.45  	 75.58  	 75.48  	 73.46  	 59.66  	 28.67
1983	   1	   3	   1	 38.91  	 64.49  	 68.18  	 75.84  	 74.36  	 72.51  	 71.17  	 73.04  	 69.30  	 54.61  	 29.77
1983	   1	   4	   1	 40.61  	 66.36  	 69.22  	 77.08  	 73.69  	 72.24  	 72.21  	 73.83  	 70.29  	 56.98  	 28.67
1983	   1	  10	   1	 37.06  	 64.72  	 68.56  	 75.53  	 73.30  	 73.25  	 73.98  	 75.41  	 71.04  	 57.23  	 28.31
1983	   1	  18	   1	 36.27  	 60.17  	 64.52  	 73.48  	 69.66  	 71.36  	 70.36  	 71.60  	 69.29  	 55.39  	 27.03
1983	   1	  24	   1	 46.13  	 65.14  	 67.55  	 73.63  	 71.88  	 71.33  	 72.78  	 72.99  	 71.24  	 57.05  	 27.30
1983	   1	  31	   1	 37.23  	 67.51  	 68.53  	 77.11  	 72.53  	 74.47  	 74.92  	 74.71  	 74.41  	 60.35  	 28.83
1983	   2	   7	   1	 37.69  	 64.00  	 66.51  	 75.99  	 72.27  	 73.35  	 72.03  	 72.46  	 72.00  	 58.19  	 28.86
1983	   2	  14	   1	 42.08  	 63.85  	 66.69  	 75.38  	 70.54  	 71.99  	 71.30  	 71.78  	 71.93  	 56.63  	 28.47
1983	   2	  21	   1	 47.10  	 64.99  	 68.49  	 74.79  	 71.90  	 72.55  	 72.13  	 72.41  	 71.00  	 57.21  	 27.84
1983	   2	  28	   1	 38.36  	 64.89  	 67.07  	 76.24  	 72.36  	 72.85  	 72.82  	 74.38  	 73.27  	 58.17  	 28.33
1983	   3	   7	   1	 46.87  	 64.74  	 69.06  	 77.82  	 75.45  	 74.31  	 75.81  	 75.91  	 72.52  	 59.21  	 28.59
1983	   3	  14	   1	 35.61  	 62.43  	 66.03  	 72.90  	 70.02  	 70.54  	 71.26  	 71.80  	 69.07  	 56.25  	 27.56
1983	   3	  21	   1	 44.42  	 69.97  	 70.75  	 81.24  	 74.47  	 77.48  	 74.09  	 74.31  	 73.03  	 58.18  	 28.41
1983	   3	  28	   1	 48.98  	 72.14  	 73.47  	 77.22  	 74.20  	 75.19  	 73.97  	 73.47  	 71.66  	 58.30  	 28.11
1983	   4	   4	   1	 41.73  	 71.55  	 73.77  	 76.68  	 75.89  	 75.77  	 73.13  	 74.09  	 70.96  	 57.65  	 28.16
1983	   4	  11	   1	 48.00  	 69.97  	 73.24  	 80.54  	 74.73  	 77.03  	 75.09  	 76.33  	 72.96  	 56.90  	 27.99
1983	   4	  15	   1	 54.01  	 76.35  	 75.70  	 81.68  	 76.73  	 77.61  	 75.84  	 76.92  	 73.00  	 61.37  	 29.04
1983	   4	  22	   1	 34.17  	 65.42  	 68.16  	 78.72  	 73.44  	 74.98  	 73.15  	 73.08  	 70.06  	 56.75  	 27.51
1983	   4	  29	   1	 46.91  	 65.61  	 72.24  	 74.79  	 74.12  	 74.48  	 71.55  	 72.22  	 69.89  	 56.51  	 27.59
1983	   5	   2	   1	 47.59  	 72.49  	 73.65  	 79.65  	 76.51  	 76.97  	 74.70  	 75.09  	 72.20  	 57.61  	 27.89
1983	   5	   6	   1	 44.63  	 67.96  	 72.44  	 78.41  	 75.37  	 74.97  	 72.35  	 73.02  	 70.64  	 56.83  	 27.50
1983	   5	  13	   1	 34.98  	 57.10  	 68.51  	 78.51  	 76.96  	 77.84  	 73.59  	 74.90  	 71.87  	 57.82  	 28.10
1983	   5	  20	   1	 46.46  	 72.14  	 76.45  	 82.06  	 77.80  	 77.82  	 76.81  	 77.51  	 74.01  	 60.19  	 29.51
1983	   5	  27	   1	 32.21  	 55.02  	 68.23  	 78.20  	 75.17  	 76.51  	 73.03  	 73.53  	 70.24  	 57.26  	 27.91
1983	   6	   3	   1	 45.67  	 53.54  	 65.98  	 77.12  	 76.38  	 76.73  	 73.01  	 74.60  	 72.16  	 58.17  	 28.68
1983	   6	  10	   1	 16.71  	 37.79  	 59.35  	 77.49  	 75.84  	 75.16  	 75.30  	 72.44  	 71.44  	 58.30  	 28.24
1983	   6	  17	   1	 23.00  	 37.08  	 49.15  	 72.23  	 72.44  	 74.14  	 74.08  	 74.53  	 71.49  	 56.26  	 27.97
1983	   6	  24	   1	 20.03  	 33.46  	 47.32  	 69.31  	 73.27  	 76.48  	 76.31  	 76.12  	 72.98  	 60.58  	 29.64
1983	   7	   1	   1	 19.93  	 39.07  	 44.31  	 63.09  	 70.16  	 74.46  	 73.20  	 75.29  	 71.26  	 58.94  	 27.84
1983	   7	   8	   1	 18.18  	 32.16  	 43.88  	 62.64  	 70.94  	 73.33  	 73.91  	 74.62  	 71.61  	 57.90  	 28.71
1983	   7	  15	   1	 11.87  	 26.72  	 39.02  	 56.50  	 62.13  	 68.48  	 73.08  	 73.24  	 71.27  	 57.49  	 27.73
1983	   7	  22	   1	 12.24  	 23.11  	 37.23  	 52.86  	 58.51  	 64.72  	 70.24  	 72.25  	 71.35  	 57.02  	 27.95
1983	   8	   5	   1	 21.21  	 45.08  	 46.41  	 58.38  	 58.14  	 58.30  	 68.23  	 74.16  	 73.54  	 59.30  	 28.60
1983	   8	  12	   1	 17.69  	 33.00  	 38.10  	 55.07  	 55.75  	 55.34  	 64.32  	 68.78  	 68.26  	 56.67  	 26.67
1983	   8	  19	   1	 17.34  	 33.99  	 40.01  	 55.20  	 57.09  	 58.10  	 64.84  	 71.62  	 68.90  	 58.67  	 29.05
1983	   8	  26	   1	 26.63  	 43.15  	 45.91  	 57.12  	 56.76  	 54.84  	 62.08  	 68.78  	 68.92  	 58.71  	 28.10
1983	   9	   2	   1	 17.43  	 41.87  	 45.22  	 55.93  	 55.02  	 56.62  	 60.94  	 69.08  	 68.07  	 56.42  	 28.10
1983	   9	   9	   1	 17.54  	 33.22  	 39.85  	 54.59  	 54.63  	 55.52  	 59.44  	 70.29  	 68.96  	 55.05  	 28.18
1983	   9	  16	   1	 23.70  	 30.15  	 37.91  	 52.18  	 53.36  	 53.10  	 58.70  	 67.72  	 68.24  	 53.06  	 28.05
1983	   9	  23	   1	 21.37  	 36.97  	 40.17  	 53.69  	 55.45  	 53.92  	 58.00  	 69.22  	 67.09  	 51.24  	 28.00
1983	   9	  30	   1	 15.30  	 30.78  	 38.33  	 50.72  	 53.67  	 52.91  	 57.87  	 66.02  	 67.13  	 51.14  	 27.83
1983	  10	   7	   1	 13.64  	 28.12  	 35.11  	 51.07  	 53.62  	 53.35  	 55.79  	 66.79  	 65.89  	 49.95  	 27.02
1983	  10	  12	   1	 15.00  	 43.61  	 41.81  	 54.44  	 56.60  	 54.36  	 59.03  	 67.36  	 68.79  	 59.25  	 28.42
1983	  10	  12	   1	 36.93  	 41.83  	 41.10  	 53.20  	 53.71  	 52.23  	 56.17  	 64.47  	 65.77  	 49.12  	 27.32
1983	  10	  13	   1	 26.19  	 41.40  	 41.40  	 52.48  	 54.52  	 52.12  	 57.70  	 66.50  	 64.97  	 49.50  	 27.65
1983	  10	  14	   1	 27.12  	 41.69  	 41.57  	 53.64  	 54.24  	 53.05  	 58.11  	 66.02  	 66.84  	 50.51  	 27.63
1983	  10	  21	   1	 40.43  	 59.04  	 51.19  	 58.01  	 53.63  	 53.45  	 59.43  	 64.89  	 66.10  	 49.41  	 26.93
1983	  10	  24	   1	 40.95  	 63.50  	 64.30  	 72.03  	 68.33  	 61.73  	 63.10  	 70.31  	 71.58  	 57.06  	 27.87
1983	  10	  28	   1	 33.63  	 63.70  	 64.14  	 73.36  	 70.10  	 63.84  	 66.49  	 73.46  	 75.52  	 60.05  	 28.76
1983	  11	   4	   1	 38.50  	 63.91  	 63.73  	 72.21  	 69.08  	 63.01  	 64.60  	 71.81  	 73.28  	 58.51  	 28.74
1983	  11	  11	   1	 37.95  	 63.37  	 64.40  	 74.92  	 66.64  	 62.08  	 65.11  	 69.80  	 70.20  	 58.23  	 27.76
1983	  11	  14	   1	 35.70  	 65.02  	 69.67  	 75.97  	 70.52  	 65.24  	 68.03  	 72.16  	 74.30  	 59.96  	 27.79
1983	  11	  18	   1	 69.11  	 64.05  	 71.44  	 77.66  	 77.45  	 69.19  	 71.02  	 79.59  	 79.38  	 72.62  	 32.29
1983	  11	  28	   1	 47.17  	 74.23  	 83.66  	 88.85  	 85.57  	 82.18  	 79.10  	 81.12  	 76.88  	 71.80  	 32.30
1983	  12	   3	   1	999.99  	 68.90  	 74.83  	 86.99  	 84.45  	 81.59  	 79.48  	 81.91  	 77.36  	 71.55  	 32.02
1983	  12	  16	   1	999.99  	 77.63  	 84.45  	 88.29  	 85.41  	 82.64  	 79.01  	 83.92  	 79.01  	 72.51  	 32.10
1984	   1	   3	   1	999.99  	 72.21  	 70.53  	 80.07  	 81.22  	 81.01  	 80.28  	 80.49  	 77.45  	 73.78  	 32.12
1984	   1	   5	   1	999.99  	 73.33  	 71.65  	 81.12  	 79.96  	 78.70  	 79.54  	 80.80  	 77.75  	 72.49  	 31.72
1984	   1	  13	   1	999.99  	 75.32  	 73.83  	 80.99  	 80.56  	 78.85  	 82.16  	 82.59  	 77.89  	 71.91  	 33.12
1984	   1	  20	   1	999.99  	 75.65  	 70.12  	 78.06  	 79.00  	 77.74  	 77.74  	 82.24  	 76.70  	 72.62  	 31.61
1984	   1	  27	   1	999.99  	 75.81  	 68.78  	 79.70  	 78.23  	 76.13  	 77.49  	 80.54  	 78.12  	 72.46  	 31.45
1984	   2	   3	   1	999.99  	 77.55  	 68.23  	 77.34  	 78.50  	 75.98  	 77.55  	 81.32  	 78.60  	 73.57  	 31.91
1984	   2	  10	   1	999.99  	 76.50  	 70.73  	 83.01  	 83.44  	 83.01  	 80.77  	 82.80  	 79.81  	 73.08  	 33.07
1984	   2	  17	   1	999.99  	 86.38  	 84.00  	 87.69  	 84.97  	 84.43  	 83.02  	 83.78  	 82.59  	 74.99  	 33.26
1984	   2	  24	   1	 47.00  	 76.56  	 76.56  	 87.57  	 86.82  	 82.82  	 81.96  	 83.04  	 81.74  	 74.40  	 32.50
1984	   2	  29	   1	 23.42  	 72.57  	 73.31  	 82.52  	 83.15  	 81.88  	 79.87  	 82.31  	 77.76  	 72.25  	 31.68
1984	   3	  13	   1	 23.14  	 69.58  	 73.59  	 82.68  	 79.72  	 79.29  	 80.77  	 82.04  	 78.77  	 72.32  	 32.15
1984	   3	  28	   1	 57.95  	 84.61  	 84.29  	 88.36  	 85.25  	 83.64  	 83.00  	 84.39  	 79.67  	 73.66  	 33.02
1984	   4	   6	   1	 45.23  	 79.81  	 80.69  	 87.78  	 86.36  	 85.16  	 82.65  	 84.51  	 80.25  	 74.36  	 32.76
1984	   4	  13	   1	 26.66  	 75.49  	 75.81  	 86.32  	 85.04  	 82.25  	 82.35  	 84.50  	 79.78  	 73.45  	 32.27
1984	   4	  18	   1	 45.96  	 77.68  	 78.76  	 88.75  	 84.78  	 82.41  	 81.66  	 82.09  	 78.33  	 72.30  	 32.50
1984	   4	  25	   1	 49.56  	 82.18  	 84.46  	 89.01  	 84.78  	 82.50  	 81.75  	 84.78  	 81.20  	 74.37  	 32.96
1984	   5	   4	   1	 37.31  	 73.00  	 76.25  	 87.08  	 82.31  	 84.37  	 80.69  	 83.61  	 79.93  	 74.41  	 33.09
1984	   5	  11	   1	 24.14  	 63.12  	 71.05  	 84.62  	 81.15  	 82.67  	 81.91  	 84.19  	 77.67  	 71.92  	 32.59
1984	   5	  16	   1	 25.29  	 47.29  	 68.13  	 84.44  	 81.74  	 79.26  	 81.74  	 83.69  	 77.64  	 71.37  	 32.82
1984	   5	  25	   1	 39.44  	 71.78  	 75.38  	 86.10  	 85.22  	 84.90  	 80.96  	 82.60  	 79.43  	 72.32  	 32.83
1984	   5	  31	   1	 36.93  	 73.72  	 77.07  	 87.66  	 86.26  	 84.42  	 81.72  	 82.04  	 80.20  	 71.45  	 32.43
1984	   6	  13	   1	 20.05  	 48.75  	 53.91  	 82.19  	 83.29  	 81.32  	 82.08  	 82.85  	 80.22  	 71.56  	 33.26
1984	   6	  22	   1	 16.83  	 48.52  	 73.10  	 81.35  	 84.43  	 84.02  	 86.02  	 83.93  	 70.93  	 66.85  	 32.26
1984	   6	  29	   1	 11.48  	 37.90  	 51.15  	 67.62  	 69.78  	 81.28  	 86.75  	 85.67  	 81.04  	 67.37  	 32.65
1984	   6	  29	   1	 15.78  	 29.64  	 41.36  	 63.82  	 68.09  	 77.18  	 79.37  	 83.97  	 81.67  	 71.48  	 33.39
1984	   7	   6	   1	 21.96  	 46.90  	 48.81  	 69.10  	 71.18  	 78.25  	 78.08  	 89.73  	 84.65  	 71.27  	 33.72
1984	   7	   6	   1	 24.90  	 45.09  	 46.83  	 66.05  	 70.18  	 74.52  	 79.74  	 83.21  	 79.19  	 67.79  	 32.48
1984	   7	  14	   1	 15.43  	 35.34  	 45.96  	 64.80  	 65.24  	 70.83  	 77.18  	 83.10  	 82.22  	 69.18  	 32.35
1984	   7	  20	   1	 26.71  	 41.06  	 48.01  	 64.35  	 66.12  	 67.55  	 76.27  	 83.44  	 80.57  	 68.10  	 32.17
1984	   7	  25	   1	 17.49  	 37.89  	 47.77  	 64.09  	 65.64  	 67.86  	 74.97  	 82.29  	 82.74  	 69.64  	 32.49
1984	   7	  27	   1	 24.00  	 51.43  	 49.22  	 67.83  	 67.94  	 66.50  	 74.48  	 81.57  	 80.90  	 69.27  	 31.64
1984	   8	   3	   1	 19.03  	 45.87  	 48.76  	 67.67  	 67.67  	 66.45  	 74.23  	 80.24  	 80.13  	 70.89  	 33.33
1984	   8	   7	   1	 22.57  	 45.81  	 49.48  	 66.74  	 67.74  	 65.51  	 71.08  	 80.88  	 80.54  	 69.19  	 33.20
1984	   8	  10	   1	 17.38  	 40.00  	 46.58  	 67.55  	 65.99  	 63.98  	 69.78  	 80.49  	 81.49  	 70.11  	 33.61
1984	   8	  17	   1	 15.62  	 32.64  	 43.73  	 64.69  	 63.58  	 61.03  	 66.68  	 77.66  	 79.21  	 68.68  	 32.90
1984	   8	  24	   1	 17.58  	 43.60  	 49.38  	 70.38  	 65.71  	 64.15  	 67.38  	 79.38  	 79.27  	 70.04  	 32.69
1984	   8	  31	   1	 16.59  	 36.05  	 46.20  	 65.94  	 62.74  	 61.31  	 68.25  	 77.95  	 78.51  	 66.60  	 31.53
1984	   9	   7	   1	 21.11  	 41.51  	 46.72  	 65.35  	 63.47  	 60.80  	 67.24  	 77.77  	 77.00  	 65.91  	 31.62
1984	   9	  17	   1	 23.02  	 64.82  	 52.87  	 65.04  	 62.60  	 61.50  	 67.80  	 76.87  	 76.43  	 63.27  	 31.80
1984	   9	  21	   1	 20.95  	 59.79  	 53.15  	 64.99  	 63.33  	 62.45  	 67.54  	 75.73  	 76.28  	 62.67  	 30.84
1984	   9	  28	   1	 25.98  	 53.02  	 50.63  	 63.97  	 62.99  	 61.04  	 68.52  	 74.37  	 75.46  	 59.74  	 31.06
1984	  10	   4	   1	 18.42  	 47.75  	 50.28  	 63.38  	 63.05  	 62.17  	 67.45  	 77.14  	 75.26  	 61.73  	 31.63
1984	  10	  12	   1	 21.60  	 44.43  	 50.28  	 64.61  	 63.95  	 61.86  	 67.59  	 75.86  	 76.41  	 59.43  	 31.09
1984	  10	  19	   1	 31.93  	 46.33  	 51.54  	 65.75  	 63.20  	 62.09  	 68.08  	 75.41  	 75.63  	 61.76  	 31.54
1984	  10	  26	   1	 38.15  	 65.90  	 54.84  	 64.26  	 62.83  	 62.94  	 68.75  	 76.52  	 75.43  	 59.33  	 30.92
1984	  11	   2	   1	 35.13  	 72.53  	 70.25  	 70.03  	 63.29  	 64.49  	 68.95  	 74.93  	 75.25  	 59.16  	 31.16
1984	  11	   9	   1	 30.05  	 67.39  	 68.27  	 71.01  	 65.31  	 64.21  	 68.82  	 77.37  	 75.29  	 58.62  	 31.28
1984	  11	  16	   1	 31.89  	 68.88  	 68.66  	 69.76  	 65.80  	 63.05  	 68.77  	 77.69  	 75.15  	 59.31  	 31.25
1984	  11	  26	   1	 31.34  	 67.42  	 67.53  	 69.73  	 65.66  	 65.55  	 70.39  	 76.76  	 75.44  	 60.61  	 31.13
1984	  11	  30	   1	 35.32  	 72.72  	 73.16  	 80.69  	 71.63  	 63.66  	 68.14  	 75.89  	 75.89  	 60.39  	 30.52
1984	  12	   6	   1	 31.76  	 71.63  	 72.93  	 78.81  	 72.17  	 64.12  	 68.80  	 76.53  	 73.37  	 59.66  	 31.24
1984	  12	  14	   1	 39.90  	 73.97  	 74.63  	 81.86  	 77.59  	 67.50  	 71.78  	 75.83  	 75.83  	 59.72  	 30.74
1984	  12	  21	   1	 40.80  	 76.71  	 75.40  	 83.29  	 78.36  	 70.90  	 70.24  	 75.83  	 74.96  	 60.48  	 14.56
1984	  12	  30	   1	 39.53  	 75.18  	 75.28  	 82.24  	 79.52  	 75.39  	 75.07  	 78.33  	 77.78  	 62.14  	 30.96
1985	   1	   3	   1	 28.58  	 75.46  	 76.12  	 85.53  	 83.12  	 83.45  	 80.38  	 81.26  	 79.51  	 63.97  	 31.55
1985	   1	  14	   1	 36.83  	 73.01  	 73.67  	 81.97  	 81.31  	 82.63  	 81.64  	 81.42  	 79.46  	 65.59  	 31.70
1985	   1	  21	   1	 35.60  	 69.23  	 73.26  	 83.60  	 82.29  	 76.96  	 80.22  	 81.75  	 79.25  	 66.19  	 31.14
1985	   1	  29	   1	 45.32  	 71.41  	 71.08  	 80.77  	 80.88  	 77.50  	 80.01  	 80.77  	 79.14  	 65.21  	 31.57
1985	   2	   5	   1	 28.10  	 69.94  	 68.43  	 82.09  	 79.08  	 74.56  	 76.28  	 80.26  	 78.00  	 65.85  	 31.48
1985	   2	   8	   1	 25.41  	 71.37  	 68.55  	 81.37  	 78.43  	 75.50  	 77.46  	 80.71  	 79.63  	 65.29  	 31.23
1985	   2	  15	   1	 33.65  	 70.19  	 71.16  	 79.47  	 77.85  	 74.51  	 76.23  	 80.12  	 78.72  	 63.60  	 30.99
1985	   2	  22	   1	 49.97  	 75.58  	 80.19  	 86.23  	 83.81  	 83.81  	 82.39  	 81.73  	 79.64  	 65.82  	 31.32
1985	   2	  25	   1	 50.52  	 81.04  	 80.39  	 85.95  	 82.13  	 82.46  	 81.37  	 82.46  	 79.19  	 65.45  	 31.74
1985	   3	   1	   1	 48.01  	 82.81  	 81.18  	 85.75  	 83.57  	 82.70  	 82.05  	 81.72  	 77.91  	 66.91  	 30.62
1985	   3	   8	   1	 47.08  	 86.49  	 82.86  	 87.59  	 83.41  	 83.52  	 83.74  	 82.53  	 80.22  	 66.79  	 32.13
1985	   3	  15	   1	 43.98  	 83.76  	 82.56  	 86.69  	 84.95  	 81.80  	 80.61  	 82.34  	 78.54  	 65.51  	 31.89
1985	   3	  22	   1	 35.26  	 77.62  	 75.76  	 83.97  	 83.75  	 82.00  	 82.88  	 81.67  	 79.59  	 66.12  	 32.07
1985	   3	  29	   1	 33.31  	 77.89  	 77.56  	 85.52  	 82.64  	 84.63  	 83.97  	 82.42  	 79.88  	 67.95  	 31.93
1985	   4	   5	   1	 55.16  	 82.45  	 82.56  	 82.02  	 82.78  	 84.08  	 81.37  	 81.48  	 72.03  	 64.42  	 31.29
1985	   4	  15	   1	 40.29  	 80.44  	 78.35  	 84.29  	 83.96  	 83.41  	 83.52  	 83.96  	 80.88  	 64.81  	 31.41
1985	   4	  18	   1	 31.65  	 74.99  	 76.32  	 85.38  	 84.06  	 83.50  	 82.62  	 82.73  	 81.62  	 66.81  	 31.69
1985	   4	  25	   1	 31.33  	 71.74  	 73.38  	 83.56  	 80.38  	 82.68  	 83.01  	 82.25  	 78.74  	 65.61  	 30.84
1985	   5	   2	   1	 35.01  	 76.82  	 73.40  	 83.33  	 82.23  	 80.90  	 84.66  	 82.12  	 79.91  	 66.34  	 31.18
1985	   5	   9	   1	 24.30  	 70.86  	 72.07  	 83.52  	 81.10  	 81.54  	 83.08  	 83.63  	 80.00  	 65.69  	 31.47
1985	   5	  16	   1	 30.54  	 66.97  	 70.68  	 82.05  	 81.07  	 79.43  	 83.26  	 81.29  	 79.65  	 65.00  	 30.75
1985	   5	  23	   1	 21.94  	 62.92  	 72.25  	 82.47  	 81.15  	 78.74  	 85.11  	 82.91  	 79.61  	 64.24  	 31.35
1985	   5	  30	   1	 19.48  	 51.16  	 67.70  	 81.04  	 80.38  	 78.95  	 83.03  	 81.26  	 80.93  	 63.95  	 30.93
1985	   6	   7	   1	 19.16  	 44.64  	 62.76  	 80.10  	 78.23  	 78.45  	 83.31  	 82.64  	 79.88  	 65.85  	 31.82
1985	   6	  14	   1	 16.48  	 44.17  	 56.72  	 75.89  	 77.10  	 78.10  	 81.40  	 82.28  	 78.65  	 65.65  	 31.01
1985	   6	  21	   1	 22.49  	 47.62  	 58.24  	 77.17  	 77.61  	 79.05  	 83.04  	 81.93  	 78.16  	 65.10  	 31.61
1985	   7	   2	   1	 28.98  	 50.89  	 53.13  	 69.97  	 74.28  	 75.47  	 79.12  	 79.11  	 79.43  	 62.00  	 29.40
1985	   7	   5	   1	 20.93  	 52.68  	 54.38  	 71.53  	 73.18  	 74.37  	 78.98  	 80.70  	 76.76  	 62.31  	 28.91
1985	   7	  12	   1	 19.61  	 42.18  	 50.15  	 66.84  	 72.07  	 74.50  	 79.42  	 81.16  	 78.25  	 61.51  	 29.53
1985	   7	  19	   1	 15.59  	 48.66  	 53.05  	 71.68  	 75.16  	 76.98  	 80.79  	 85.01  	 81.70  	 66.46  	 32.11
1985	   7	  25	   1	 17.20  	 42.68  	 50.33  	 68.39  	 69.16  	 72.93  	 78.47  	 82.12  	 80.24  	 65.50  	 31.53
1985	   8	   2	   1	 27.59  	 51.77  	 49.92  	 67.34  	 68.87  	 70.39  	 76.49  	 79.22  	 78.13  	 65.28  	 31.17
1985	   8	   9	   1	 26.59  	 63.97  	 53.03  	 68.57  	 68.57  	 69.66  	 76.66  	 81.70  	 79.18  	 64.63  	 31.33
1985	   8	  15	   1	 37.32  	 76.85  	 67.08  	 69.75  	 69.42  	 69.53  	 76.30  	 79.18  	 79.74  	 66.53  	 32.15
1985	   8	  23	   1	 29.78  	 69.21  	 66.79  	 68.11  	 68.99  	 69.21  	 73.50  	 78.35  	 80.44  	 66.46  	 32.18
1985	   8	  30	   1	 33.09  	 67.38  	 65.51  	 67.71  	 68.48  	 68.92  	 73.32  	 78.38  	 78.49  	 66.28  	 31.49
1985	   9	   6	   1	 17.03  	 61.37  	 61.70  	 70.21  	 68.36  	 67.81  	 71.63  	 78.07  	 77.52  	 66.17  	 31.56
1985	   9	  13	   1	 16.20  	 49.84  	 58.00  	 67.70  	 67.04  	 67.59  	 71.12  	 77.62  	 77.29  	 66.71  	 32.09
1985	   9	  20	   1	  9.32  	 43.10  	 53.63  	 67.79  	 67.35  	 65.82  	 68.89  	 76.90  	 75.58  	 64.17  	 31.70
1985	   9	  27	   1	 20.07  	 46.52  	 50.72  	 68.95  	 66.85  	 66.29  	 70.60  	 75.68  	 76.46  	 64.86  	 31.49
1985	  10	   4	   1	 19.70  	 42.59  	 48.17  	 62.60  	 63.16  	 61.35  	 68.82  	 74.32  	 73.83  	 60.97  	 28.61
1985	  10	  11	   1	 19.67  	 43.32  	 49.24  	 67.90  	 66.58  	 64.61  	 68.89  	 76.79  	 76.24  	 62.63  	 31.43
1985	  10	  16	   1	 18.67  	 51.71  	 48.53  	 65.97  	 65.42  	 63.99  	 68.49  	 76.05  	 74.19  	 61.80  	 31.89
1985	  10	  24	   1	 18.48  	 68.43  	 51.10  	 67.00  	 67.66  	 62.58  	 68.54  	 77.04  	 74.83  	 62.36  	 31.51
1985	  10	  31	   1	 20.31  	 59.05  	 49.60  	 66.88  	 66.55  	 63.08  	 68.73  	 76.23  	 76.34  	 60.03  	 30.78
1985	  11	   8	   1	 27.93  	 70.24  	 70.68  	 76.74  	 68.14  	 63.51  	 67.92  	 76.63  	 75.86  	 58.77  	 32.36
1985	  11	  15	   1	 37.84  	 73.51  	 73.51  	 82.97  	 78.73  	 74.93  	 74.27  	 78.51  	 78.19  	 63.62  	 31.05
1985	  11	  22	   1	 44.16  	 82.73  	 83.28  	 88.74  	 83.39  	 82.19  	 79.89  	 80.11  	 78.47  	 65.80  	 31.54
1985	  11	  29	   1	 44.50  	 82.39  	 82.61  	 88.86  	 83.26  	 83.48  	 80.85  	 81.95  	 79.75  	 65.92  	 31.76
1985	  12	   6	   1	 36.22  	 75.24  	 78.38  	 89.01  	 84.02  	 82.29  	 79.14  	 80.88  	 78.71  	 67.00  	 31.17
1985	  12	  12	   1	 45.16  	 81.40  	 83.15  	 87.85  	 84.79  	 84.46  	 81.07  	 80.30  	 79.54  	 66.20  	 31.68
1985	  12	  20	   1	 27.14  	 71.84  	 76.50  	 83.75  	 84.72  	 83.20  	 80.28  	 82.12  	 79.85  	 67.30  	 31.32
1985	  12	  27	   1	 45.07  	 67.82  	 72.23  	 82.68  	 81.61  	 82.47  	 80.42  	 81.50  	 78.48  	 66.10  	 33.16
1986	   1	   2	   1	 39.81  	 68.84  	 71.45  	 83.59  	 81.20  	 79.90  	 80.77  	 81.96  	 78.49  	 66.89  	 32.25
1986	   1	  10	   1	 43.13  	 72.52  	 69.73  	 82.38  	 80.13  	 77.98  	 79.70  	 80.45  	 79.06  	 67.26  	 31.59
1986	   1	  17	   1	 43.62  	 72.20  	 70.80  	 82.76  	 80.07  	 78.67  	 79.10  	 82.87  	 79.53  	 67.56  	 31.52
1986	   1	  24	   1	 39.98  	 75.41  	 71.23  	 81.31  	 80.99  	 78.41  	 80.24  	 82.16  	 78.95  	 67.58  	 31.76
1986	   1	  31	   1	 37.85  	 75.89  	 68.85  	 82.61  	 79.09  	 76.21  	 79.20  	 81.87  	 78.02  	 67.57  	 31.76
1986	   2	   7	   1	 46.52  	 81.58  	 77.27  	 85.46  	 82.76  	 83.09  	 81.69  	 82.23  	 80.61  	 69.83  	 32.22
1986	   2	  14	   1	 26.70  	 79.86  	 72.69  	 82.75  	 79.97  	 83.39  	 81.25  	 82.54  	 78.36  	 69.16  	 31.53
1986	   2	  21	   1	 36.51  	 81.61  	 72.93  	 83.89  	 84.43  	 83.45  	 81.28  	 83.56  	 78.90  	 70.65  	 31.74
1986	   2	  28	   1	 18.77  	 79.46  	 71.76  	 82.83  	 79.14  	 82.51  	 80.72  	 79.35  	 77.66  	 67.22  	 31.24
1986	   3	   7	   1	 47.58  	 81.20  	 78.06  	 86.95  	 83.59  	 83.26  	 81.20  	 83.05  	 80.23  	 70.36  	 32.47
1986	   3	  14	   1	 39.51  	 82.15  	 82.04  	 89.75  	 85.08  	 83.67  	 80.63  	 84.54  	 79.11  	 70.65  	 31.85
1986	   3	  21	   1	 36.16  	 79.01  	 76.71  	 86.69  	 85.92  	 85.70  	 83.73  	 83.95  	 79.01  	 72.11  	 32.60
1986	   3	  27	   1	 33.75  	 75.85  	 75.85  	 86.23  	 83.39  	 85.36  	 82.41  	 81.97  	 81.10  	 71.05  	 32.41
1986	   3	  28	   1	 28.22  	 75.55  	 76.09  	 84.90  	 83.71  	 83.38  	 81.97  	 82.62  	 79.79  	 69.67  	 32.71
1986	   4	   4	   1	 30.37  	 73.61  	 74.60  	 85.61  	 82.42  	 84.40  	 83.30  	 83.41  	 79.78  	 69.32  	 31.85
1986	   4	  11	   1	 22.90  	 69.07  	 74.11  	 84.52  	 83.31  	 80.90  	 82.22  	 84.52  	 80.90  	 67.65  	 32.78
1986	   4	  17	   1	 28.67  	 65.06  	 72.03  	 84.01  	 81.61  	 79.54  	 81.50  	 83.03  	 80.09  	 70.29  	 32.64
1986	   4	  25	   1	 22.14  	 60.80  	 71.60  	 82.94  	 82.17  	 81.40  	 83.05  	 84.04  	 81.62  	 71.49  	 32.49
1986	   5	   2	   1	 28.57  	 65.46  	 69.62  	 82.22  	 81.56  	 79.59  	 82.66  	 84.30  	 80.47  	 69.51  	 32.29
1986	   5	   9	   1	 26.70  	 62.98  	 67.60  	 81.34  	 80.24  	 80.13  	 81.89  	 83.76  	 81.56  	 69.25  	 33.03
1986	   5	  16	   1	 23.06  	 49.62  	 65.61  	 82.26  	 80.27  	 79.83  	 82.92  	 83.47  	 81.92  	 71.89  	 32.42
1986	   5	  23	   1	 19.66  	 47.10  	 61.82  	 80.60  	 79.28  	 78.84  	 80.60  	 84.56  	 80.05  	 69.40  	 32.56
1986	   5	  30	   1	 28.67  	 63.62  	 60.30  	 79.69  	 80.68  	 79.02  	 82.34  	 85.67  	 80.35  	 70.93  	 32.70
1986	   6	   6	   1	 33.94  	 75.31  	 74.43  	 79.17  	 85.45  	 84.35  	 83.58  	 83.91  	 80.93  	 69.80  	 32.47
1986	   6	  13	   1	 33.38  	 76.76  	 76.98  	 85.05  	 83.41  	 84.61  	 82.43  	 84.29  	 79.16  	 70.87  	 31.94
1986	   6	  20	   1	 25.13  	 71.01  	 73.75  	 83.62  	 83.29  	 83.84  	 84.17  	 84.28  	 80.44  	 70.02  	 31.83
1986	   6	  27	   1	 17.65  	 55.74  	 68.21  	 83.00  	 81.68  	 79.80  	 84.22  	 85.65  	 81.13  	 69.43  	 32.17
1986	   7	  16	   1	 32.76  	 76.66  	 78.41  	 92.75  	 83.00  	 83.16  	 85.91  	 86.25  	 83.41  	 69.07  	 32.45
1986	   7	  31	   1	999.99  	 62.64  	 62.22  	 62.22  	 80.59  	 79.75  	 80.59  	 85.23  	 83.21  	 69.05  	 32.54
1986	   8	   8	   1	999.99  	 50.88  	 54.86  	 72.88  	 74.59  	 74.98  	 76.86  	 81.77  	 79.90  	 67.65  	 32.07
1986	   8	  15	   1	999.99  	 55.03  	 52.04  	 71.97  	 73.85  	 73.96  	 76.73  	 81.71  	 79.27  	 70.42  	 32.72
1986	   8	  21	   1	 16.31  	 45.84  	 48.41  	 68.54  	 70.78  	 72.79  	 76.26  	 81.97  	 79.95  	 72.12  	 32.87
1986	   8	  29	   1	 17.70  	 44.60  	 47.16  	 66.38  	 68.93  	 70.04  	 75.38  	 79.04  	 77.93  	 71.04  	 33.02
1986	   9	   5	   1	 12.79  	 39.91  	 45.48  	 63.73  	 66.52  	 66.52  	 71.64  	 78.98  	 79.21  	 69.52  	 32.48
1986	   9	  11	   1	 17.15  	 34.05  	 42.74  	 63.02  	 65.81  	 64.91  	 71.15  	 79.07  	 78.73  	 66.92  	 32.96
1986	   9	  18	   1	 19.66  	 36.77  	 43.30  	 60.90  	 64.22  	 63.67  	 68.65  	 77.83  	 75.84  	 67.87  	 32.83
1986	   9	  25	   1	 31.62  	 71.78  	 64.00  	 65.78  	 63.44  	 63.00  	 68.78  	 77.35  	 78.57  	 66.34  	 32.28
1986	  10	   2	   1	 36.77  	 76.19  	 76.08  	 85.23  	 78.51  	 75.64  	 77.40  	 81.48  	 79.83  	 68.80  	 32.20
1986	  10	  10	   1	 30.37  	 80.57  	 75.08  	 84.64  	 81.23  	 81.01  	 80.02  	 81.89  	 78.71  	 69.03  	 31.77
1986	  10	  17	   1	 32.58  	 72.39  	 73.04  	 81.94  	 78.79  	 76.08  	 79.01  	 80.63  	 78.25  	 67.61  	 30.98
1986	  10	  27	   1	 37.57  	 78.72  	 77.17  	 83.81  	 81.93  	 82.48  	 80.93  	 82.70  	 81.15  	 70.75  	 33.44
1986	  10	  31	   1	 33.45  	 74.87  	 76.08  	 84.02  	 80.93  	 82.26  	 82.03  	 81.59  	 79.17  	 70.57  	 32.14
1986	  11	   7	   1	 34.85  	 76.19  	 76.85  	 86.22  	 80.49  	 79.94  	 82.14  	 84.13  	 79.50  	 69.35  	 31.87
1986	  11	  14	   1	 33.12  	 75.07  	 77.06  	 86.02  	 83.92  	 81.15  	 80.71  	 82.92  	 79.27  	 69.86  	 32.88
1986	  11	  21	   1	 36.42  	 75.57  	 75.13  	 83.23  	 79.73  	 79.51  	 81.15  	 82.57  	 79.07  	 69.33  	 31.77
1986	  11	  26	   1	 42.00  	 78.42  	 81.51  	 87.15  	 85.05  	 83.28  	 82.62  	 83.17  	 80.19  	 71.01  	 32.68
1986	  12	   4	   1	 39.44  	 79.97  	 81.18  	 88.20  	 82.28  	 82.61  	 82.50  	 81.84  	 79.20  	 68.89  	 32.19
1986	  12	  12	   1	 37.16  	 76.85  	 78.49  	 85.94  	 84.96  	 84.52  	 81.34  	 83.20  	 79.70  	 70.17  	 31.85
1986	  12	  19	   1	 36.09  	 77.01  	 77.01  	 85.07  	 84.74  	 84.52  	 79.99  	 83.53  	 80.43  	 70.60  	 32.26
1986	  12	  26	   1	 33.65  	 75.34  	 76.77  	 86.36  	 82.72  	 83.93  	 81.84  	 82.94  	 79.75  	 70.71  	 32.33
1987	   1	   2	   1	 27.51  	 74.40  	 74.29  	 85.00  	 81.72  	 80.96  	 80.74  	 83.36  	 78.55  	 70.14  	 32.12
1987	   1	   9	   1	 34.05  	 75.09  	 75.42  	 84.26  	 82.84  	 78.58  	 81.10  	 82.52  	 79.24  	 70.06  	 32.36
1987	   1	  16	   1	 44.42  	 76.35  	 77.67  	 85.68  	 81.40  	 82.06  	 82.06  	 80.63  	 78.65  	 70.86  	 32.19
1987	   1	  23	   1	 17.97  	 75.35  	 73.61  	 84.89  	 81.96  	 79.79  	 79.79  	 81.96  	 78.60  	 69.39  	 32.04
1987	   1	  30	   1	 35.47  	 72.81  	 73.35  	 84.03  	 80.69  	 79.39  	 80.58  	 80.37  	 77.45  	 70.22  	 31.28
1987	   2	   6	   1	 50.14  	 80.63  	 79.08  	 87.93  	 83.28  	 84.61  	 81.73  	 83.39  	 80.19  	 71.67  	 33.02
1987	   2	  13	   1	 50.14  	 79.64  	 78.87  	 85.04  	 85.15  	 84.93  	 82.94  	 84.26  	 80.30  	 71.16  	 32.00
1987	   2	  20	   1	 33.28  	 73.68  	 75.44  	 84.78  	 83.24  	 84.45  	 82.58  	 82.25  	 79.72  	 69.95  	 31.95
1987	   2	  27	   1	 36.80  	 75.63  	 74.20  	 84.42  	 81.34  	 81.12  	 81.34  	 82.33  	 80.35  	 71.67  	 32.54
1987	   3	   6	   1	 35.54  	 75.85  	 76.30  	 87.18  	 83.73  	 84.18  	 83.51  	 83.96  	 80.96  	 71.64  	 32.65
1987	   3	  11	   1	 32.26  	 72.19  	 76.27  	 85.54  	 82.67  	 80.68  	 81.13  	 83.77  	 79.47  	 70.97  	 32.62
1987	   3	  19	   1	 37.80  	 77.19  	 77.97  	 85.68  	 83.11  	 82.78  	 82.44  	 84.68  	 80.88  	 71.04  	 33.17
1987	   3	  27	   1	 38.98  	 72.63  	 75.39  	 84.66  	 81.13  	 80.68  	 80.79  	 83.11  	 80.35  	 70.86  	 32.78
1987	   4	   3	   1	 34.09  	 72.45  	 75.65  	 83.83  	 82.29  	 79.19  	 81.73  	 83.06  	 80.08  	 71.34  	 32.52
1987	   4	  10	   1	 26.80  	 68.13  	 74.99  	 84.28  	 80.96  	 78.08  	 80.85  	 81.73  	 78.31  	 70.79  	 32.30
1987	   4	  17	   1	 40.43  	 77.45  	 77.56  	 85.24  	 83.04  	 84.03  	 80.63  	 82.93  	 79.86  	 72.07  	 31.81
1987	   4	  24	   1	 39.16  	 75.52  	 76.52  	 84.40  	 83.07  	 81.29  	 82.07  	 82.62  	 81.51  	 72.30  	 32.15
1987	   5	   1	   1	 22.99  	 63.22  	 74.34  	 86.24  	 83.68  	 82.57  	 83.13  	 85.58  	 80.90  	 71.12  	 32.83
1987	   5	   8	   1	 18.03  	 43.87  	 68.17  	 83.62  	 82.16  	 80.04  	 83.51  	 84.18  	 80.15  	 70.63  	 32.80
1987	   5	  15	   1	 19.55  	 43.63  	 60.90  	 80.29  	 80.29  	 81.18  	 81.29  	 84.08  	 80.40  	 68.81  	 32.74
1987	   5	  22	   1	 17.68  	 44.91  	 55.47  	 78.38  	 79.39  	 80.29  	 82.87  	 85.56  	 80.29  	 70.07  	 31.89
1987	   5	  29	   1	 15.89  	 37.25  	 51.88  	 72.58  	 75.95  	 78.65  	 81.24  	 85.63  	 81.80  	 68.98  	 31.96
1987	   6	   5	   1	 18.84  	 46.86  	 50.54  	 69.48  	 75.05  	 78.62  	 81.29  	 83.30  	 81.96  	 69.48  	 32.07
1987	   6	  12	   1	 15.64  	 37.73  	 47.42  	 67.14  	 73.05  	 76.39  	 80.18  	 83.52  	 80.18  	 69.26  	 32.79
1987	   6	  19	   1	 15.43  	 38.22  	 46.76  	 66.54  	 69.02  	 77.45  	 81.27  	 83.85  	 81.72  	 70.48  	 32.65
1987	   6	  26	   1	 22.86  	 57.51  	 52.49  	 65.87  	 68.22  	 75.24  	 79.71  	 83.72  	 81.49  	 67.99  	 32.27
1987	   7	   2	   1	 25.48  	 65.65  	 50.71  	 66.43  	 68.11  	 74.35  	 77.59  	 82.38  	 80.82  	 68.55  	 32.71
1987	   7	   9	   1	 29.39  	 69.66  	 56.87  	 65.51  	 68.76  	 74.26  	 79.64  	 82.90  	 80.54  	 79.19  	 32.98
1987	   7	  16	   1	 28.09  	 65.08  	 57.78  	 67.33  	 70.59  	 72.73  	 77.78  	 82.17  	 82.06  	 68.79  	 32.54
1987	   7	  23	   1	 18.74  	 49.93  	 53.83  	 66.10  	 67.55  	 71.34  	 76.02  	 81.04  	 79.04  	 69.89  	 32.05
1987	   7	  31	   1	 43.35  	 83.47  	 81.21  	 87.30  	 83.80  	 82.57  	 82.34  	 84.48  	 81.10  	 70.40  	 32.44
1987	   8	   6	   1	 32.37  	 73.23  	 76.01  	 83.46  	 81.02  	 81.57  	 82.35  	 83.02  	 81.02  	 67.89  	 32.39
1987	   8	  13	   1	 27.91  	 72.45  	 72.67  	 83.80  	 79.46  	 78.90  	 78.90  	 83.68  	 81.24  	 71.23  	 32.17
1987	   8	  20	   1	 27.38  	 65.36  	 68.81  	 81.41  	 79.07  	 76.61  	 78.40  	 83.75  	 79.73  	 67.70  	 32.68
1987	   8	  27	   1	 36.35  	 77.81  	 75.72  	 81.90  	 79.69  	 77.70  	 77.59  	 82.67  	 78.37  	 68.65  	 32.06
1987	   9	   3	   1	 24.64  	 72.09  	 72.65  	 84.29  	 80.71  	 78.47  	 78.80  	 84.40  	 81.60  	 68.50  	 32.80
1987	   9	  10	   1	 22.73  	 66.81  	 68.27  	 81.52  	 79.95  	 75.35  	 77.93  	 83.54  	 80.40  	 70.52  	 32.62
1987	   9	  17	   1	 27.58  	 60.71  	 65.30  	 80.40  	 76.93  	 74.47  	 77.49  	 83.42  	 81.41  	 68.77  	 32.59
1987	   9	  24	   1	 21.21  	 57.29  	 62.47  	 78.25  	 77.13  	 73.97  	 76.68  	 84.00  	 80.17  	 68.79  	 32.70
1987	  10	   1	   1	 30.86  	 65.12  	 57.18  	 74.06  	 72.74  	 73.62  	 75.61  	 81.57  	 79.25  	 69.76  	 31.73
1987	  10	   8	   1	 23.87  	 59.58  	 57.37  	 72.23  	 72.89  	 70.67  	 75.33  	 80.21  	 80.77  	 69.90  	 32.84
1987	  10	  15	   1	 21.20  	 55.81  	 55.70  	 72.00  	 73.34  	 73.45  	 75.89  	 81.21  	 79.99  	 68.90  	 32.07
1987	  10	  22	   1	 28.21  	 61.73  	 55.38  	 72.30  	 73.97  	 71.41  	 76.76  	 81.99  	 79.10  	 69.08  	 32.14
1987	  10	  30	   1	 30.86  	 62.57  	 56.78  	 73.27  	 72.60  	 71.71  	 75.39  	 82.41  	 80.40  	 69.82  	 31.90
1987	  11	   5	   1	 23.18  	 60.81  	 56.01  	 72.75  	 73.20  	 72.08  	 76.44  	 82.13  	 80.01  	 69.40  	 32.53
1987	  11	  12	   1	 22.90  	 59.13  	 55.90  	 72.20  	 73.31  	 71.41  	 75.32  	 82.36  	 79.56  	 69.18  	 32.64
1987	  11	  19	   1	 32.27  	 59.96  	 55.61  	 72.90  	 73.57  	 71.45  	 76.58  	 82.38  	 80.82  	 69.11  	 32.21
1987	  12	   4	   1	 36.80  	 76.24  	 75.91  	 85.19  	 83.31  	 81.43  	 80.55  	 82.53  	 79.44  	 68.17  	 31.77
1987	  12	  10	   1	 40.53  	 78.65  	 81.21  	 88.00  	 84.77  	 84.44  	 81.88  	 84.55  	 79.43  	 70.08  	 32.26
1987	  12	  16	   1	 35.23  	 79.64  	 80.52  	 86.36  	 82.28  	 81.29  	 81.95  	 83.27  	 80.08  	 69.72  	 32.44
1987	  12	  23	   1	 47.33  	 80.88  	 81.10  	 86.44  	 84.44  	 83.33  	 83.33  	 83.44  	 80.99  	 69.97  	 32.03
1987	  12	  30	   1	 41.81  	 80.27  	 81.15  	 86.42  	 85.00  	 82.36  	 81.48  	 84.34  	 80.38  	 69.84  	 31.68
1988	   1	   6	   1	 36.83  	 73.28  	 76.36  	 84.18  	 82.97  	 84.51  	 80.55  	 82.97  	 80.11  	 70.75  	 31.69
1988	   1	  14	   1	 38.10  	 82.05  	 73.46  	 85.28  	 82.61  	 80.26  	 82.49  	 86.40  	 79.59  	 70.78  	 31.65
1988	   1	  20	   1	 58.61  	 81.18  	 76.84  	 86.64  	 84.41  	 83.30  	 81.96  	 85.42  	 81.63  	 69.48  	 32.79
1988	   1	  29	   1	 51.89  	 73.32  	 74.53  	 83.87  	 80.46  	 79.92  	 81.34  	 83.76  	 80.46  	 70.24  	 32.32
1988	   2	   3	   1	 40.71  	 77.67  	 76.79  	 85.74  	 82.09  	 82.75  	 82.87  	 84.41  	 79.77  	 70.82  	 32.21
1988	   2	  11	   1	 24.15  	 71.48  	 73.24  	 82.33  	 81.89  	 80.69  	 79.81  	 83.53  	 80.25  	 69.51  	 31.53
1988	   2	  18	   1	 59.66  	 74.70  	 73.92  	 85.11  	 81.24  	 83.78  	 82.12  	 83.12  	 79.24  	 69.60  	 32.48
1988	   2	  24	   1	 43.54  	 77.11  	 76.22  	 86.93  	 83.03  	 82.91  	 83.81  	 85.82  	 79.68  	 71.86  	 33.08
1988	   3	   4	   1	 23.46  	 75.61  	 73.64  	 83.07  	 81.86  	 80.00  	 80.11  	 83.29  	 78.25  	 69.80  	 32.00
1988	   3	  11	   1	 42.62  	 79.40  	 78.95  	 86.09  	 83.30  	 84.41  	 82.74  	 84.97  	 80.18  	 72.38  	 32.46
1988	   3	  18	   1	 44.58  	 74.45  	 76.23  	 85.46  	 82.13  	 85.02  	 82.24  	 84.80  	 80.68  	 72.34  	 32.39
1988	   3	  25	   1	 44.78  	 77.77  	 75.64  	 86.06  	 83.82  	 82.81  	 81.02  	 83.93  	 80.23  	 71.71  	 32.94
1988	   4	   1	   1	 45.32  	 79.10  	 78.32  	 88.00  	 84.88  	 84.22  	 81.77  	 85.00  	 82.43  	 72.30  	 32.98
1988	   4	   7	   1	 41.66  	 80.07  	 78.17  	 88.09  	 85.31  	 85.42  	 82.19  	 85.53  	 80.40  	 71.04  	 32.68
1988	   4	  15	   1	 29.74  	 71.52  	 73.97  	 84.84  	 83.96  	 82.18  	 81.40  	 85.51  	 79.74  	 72.63  	 32.21
1988	   4	  21	   1	 29.13  	 66.77  	 74.02  	 83.94  	 81.60  	 80.93  	 83.16  	 85.06  	 80.04  	 71.56  	 32.38
1988	   4	  29	   1	 24.73  	 59.64  	 71.04  	 84.12  	 81.32  	 80.32  	 81.66  	 85.35  	 79.98  	 71.82  	 32.56
1988	   5	   6	   1	 25.25  	 46.21  	 64.61  	 82.22  	 80.43  	 78.07  	 81.32  	 84.69  	 81.32  	 72.35  	 32.92
1988	   5	  13	   1	 18.80  	 43.82  	 60.60  	 78.93  	 80.15  	 78.93  	 81.49  	 85.60  	 80.38  	 72.04  	 32.91
1988	   5	  20	   1	 15.81  	 37.81  	 50.08  	 74.60  	 75.05  	 77.64  	 80.57  	 86.19  	 79.55  	 72.80  	 32.69
1988	   5	  27	   1	 23.26  	 41.84  	 49.73  	 74.31  	 74.20  	 77.58  	 81.64  	 86.15  	 81.07  	 73.18  	 32.98
1988	   6	   3	   1	 16.13  	 36.87  	 46.87  	 68.12  	 71.94  	 75.99  	 81.04  	 85.43  	 81.16  	 72.28  	 32.60
1988	   6	  10	   1	 20.18  	 34.06  	 43.05  	 63.85  	 68.12  	 73.63  	 82.39  	 83.97  	 82.62  	 71.94  	 32.71
1988	   6	  17	   1	 15.45  	 31.29  	 41.25  	 60.38  	 64.52  	 68.43  	 77.83  	 86.22  	 80.85  	 72.12  	 32.54
1988	   6	  24	   1	 14.56  	 29.65  	 40.18  	 58.76  	 61.23  	 64.03  	 76.12  	 83.96  	 79.92  	 71.41  	 32.35
1988	   6	  26	   1	 13.80  	 30.25  	 39.77  	 57.48  	 62.86  	 63.42  	 76.65  	 83.59  	 81.13  	 71.38  	 32.72
1988	   7	   1	   1	 12.67  	 29.32  	 39.28  	 55.96  	 61.00  	 61.67  	 73.09  	 83.51  	 81.72  	 70.97  	 32.40
1988	   7	   8	   1	 13.43  	 27.70  	 37.12  	 55.97  	 59.45  	 59.45  	 67.19  	 81.44  	 80.32  	 70.89  	 31.97
1988	   7	  15	   1	 12.26  	 27.56  	 35.85  	 54.34  	 58.71  	 57.03  	 65.44  	 80.79  	 79.78  	 69.47  	 32.61
1988	   7	  22	   1	 25.74  	 32.38  	 36.75  	 54.23  	 58.38  	 56.81  	 64.99  	 78.77  	 78.77  	 70.37  	 32.49
1988	   7	  29	   1	 22.93  	 34.47  	 39.06  	 54.96  	 58.99  	 58.54  	 66.49  	 78.02  	 78.69  	 68.17  	 32.63
1988	   8	   4	   1	 16.55  	 31.42  	 38.72  	 54.86  	 57.41  	 56.30  	 65.59  	 75.98  	 75.43  	 66.70  	 31.69
1988	   8	   5	   1	 16.09  	 31.93  	 38.20  	 55.58  	 59.27  	 58.04  	 63.76  	 75.97  	 78.44  	 67.23  	 32.55
1988	   8	  12	   1	 19.59  	 37.73  	 42.37  	 61.04  	 59.35  	 58.55  	 65.00  	 76.77  	 77.79  	 68.40  	 32.61
1988	   8	  19	   1	 20.57  	 25.60  	 39.30  	 57.94  	 57.49  	 56.93  	 58.84  	 73.32  	 76.81  	 65.91  	 32.62
1988	   8	  25	   1	 17.62  	 26.43  	 38.84  	 55.66  	 58.59  	 57.12  	 59.27  	 73.48  	 77.10  	 61.19  	 33.02
1988	   9	   2	   1	 14.89  	 25.14  	 35.21  	 55.12  	 57.25  	 55.90  	 57.69  	 69.89  	 74.70  	 58.03  	 32.26
1988	   9	   9	   1	 16.55  	 28.60  	 38.36  	 55.86  	 58.33  	 56.87  	 59.11  	 69.99  	 76.61  	 59.00  	 31.86
1988	   9	  16	   1	 21.53  	 27.28  	 38.77  	 54.94  	 57.06  	 57.06  	 58.40  	 70.00  	 74.13  	 57.29  	 31.65
1988	   9	  23	   1	 19.42  	 38.76  	 40.78  	 57.00  	 58.46  	 58.58  	 58.80  	 69.84  	 74.91  	 58.58  	 31.54
1988	   9	  30	   1	 17.93  	 29.63  	 39.09  	 56.44  	 58.58  	 57.79  	 57.45  	 70.18  	 75.36  	 56.44  	 31.65
1988	  10	   6	   1	 20.57  	 30.87  	 40.00  	 57.23  	 57.90  	 58.01  	 58.13  	 69.16  	 75.13  	 58.35  	 31.60
1988	  10	  13	   1	 16.86  	 29.99  	 39.60  	 55.67  	 58.13  	 57.24  	 58.69  	 71.86  	 72.87  	 58.13  	 31.52
1988	  10	  20	   1	 28.27  	 42.72  	 40.47  	 56.20  	 58.79  	 56.54  	 57.10  	 69.35  	 73.51  	 56.43  	 31.25
1988	  10	  29	   1	 29.83  	 48.71  	 41.27  	 56.04  	 57.82  	 57.93  	 56.93  	 69.04  	 73.38  	 57.15  	 30.97
1988	  11	   4	   1	 35.19  	 54.50  	 41.56  	 56.51  	 58.96  	 57.17  	 58.74  	 70.22  	 73.24  	 56.84  	 30.99
1988	  11	  11	   1	 35.03  	 64.52  	 50.53  	 56.35  	 58.48  	 57.13  	 57.81  	 70.45  	 73.24  	 57.13  	 31.20
1988	  11	  18	   1	 35.02  	 68.35  	 72.45  	 62.02  	 61.03  	 58.48  	 59.14  	 70.12  	 74.00  	 56.37  	 30.96
1988	  11	  25	   1	 33.25  	 70.82  	 75.30  	 83.71  	 65.44  	 62.08  	 60.84  	 76.53  	 79.90  	 68.91  	 32.16
1988	  12	   3	   1	 33.25  	 69.14  	 74.28  	 81.43  	 67.13  	 62.66  	 62.44  	 77.41  	 78.31  	 69.25  	 32.11
1988	  12	   9	   1	 29.94  	 68.09  	 73.29  	 82.70  	 69.09  	 60.57  	 62.23  	 76.17  	 77.83  	 69.20  	 32.11
1988	  12	  16	   1	 31.88  	 67.11  	 72.45  	 81.35  	 72.45  	 61.66  	 62.55  	 76.57  	 77.23  	 68.45  	 32.11
1988	  12	  23	   1	 38.70  	 74.70  	 76.49  	 82.97  	 79.39  	 77.94  	 76.82  	 81.97  	 79.84  	 69.66  	 32.48
1988	  12	  30	   1	 33.43  	 71.60  	 76.02  	 83.64  	 79.55  	 79.66  	 79.33  	 80.77  	 79.88  	 69.61  	 32.26
1989	   1	   6	   1	 53.49  	 73.78  	 75.11  	 83.32  	 79.88  	 79.55  	 78.66  	 81.54  	 78.99  	 68.35  	 31.68
1989	   1	  13	   1	 39.85  	 72.87  	 75.43  	 84.14  	 80.79  	 81.35  	 79.56  	 82.13  	 79.34  	 69.85  	 32.53
1989	   1	  20	   1	 41.28  	 72.12  	 74.70  	 83.64  	 81.41  	 81.07  	 79.28  	 82.97  	 80.07  	 72.24  	 32.76
1989	   1	  28	   1	 41.96  	 72.23  	 78.01  	 85.58  	 81.13  	 80.68  	 79.01  	 80.46  	 78.01  	 69.45  	 32.50
1989	   2	   3	   1	 40.55  	 72.35  	 75.70  	 87.22  	 82.86  	 78.95  	 82.30  	 82.53  	 79.84  	 69.55  	 32.65
1989	   2	  10	   1	 29.06  	 69.39  	 73.48  	 82.64  	 78.78  	 78.67  	 80.21  	 83.09  	 79.99  	 68.50  	 31.55
1989	   2	  17	   1	 47.91  	 70.60  	 74.15  	 79.27  	 81.15  	 77.60  	 77.49  	 82.82  	 78.27  	 72.15  	 32.36
1989	   2	  24	   1	 43.09  	 69.98  	 73.29  	 83.22  	 80.57  	 82.23  	 81.35  	 83.88  	 80.68  	 70.20  	 32.56
1989	   3	   3	   1	 45.15  	 72.76  	 72.20  	 83.06  	 81.49  	 81.38  	 79.59  	 84.18  	 79.92  	 70.97  	 32.74
1989	   3	  10	   1	 52.64  	 74.66  	 74.21  	 83.06  	 81.95  	 81.73  	 81.73  	 81.29  	 78.53  	 71.34  	 32.24
1989	   3	  16	   1	 45.15  	 74.31  	 76.98  	 85.44  	 82.55  	 81.99  	 80.77  	 84.10  	 78.87  	 71.64  	 32.03
1989	   3	  23	   1	 41.61  	 73.12  	 76.01  	 85.58  	 83.91  	 80.13  	 78.01  	 84.69  	 80.01  	 69.89  	 33.06
1989	   3	  30	   1	 43.56  	 75.69  	 76.14  	 83.16  	 84.84  	 78.92  	 80.26  	 82.27  	 78.70  	 70.34  	 31.99
1989	   4	   6	   1	 48.94  	 81.21  	 79.86  	 89.89  	 85.49  	 82.68  	 82.79  	 85.16  	 81.55  	 71.53  	 33.12
1989	   4	  13	   1	 41.90  	 77.11  	 79.79  	 86.93  	 82.91  	 84.03  	 80.35  	 82.91  	 81.02  	 72.75  	 32.25
1989	   4	  20	   1	 82.47  	 71.87  	 76.26  	 88.08  	 80.76  	 83.92  	 80.54  	 84.70  	 80.09  	 70.18  	 33.17
1989	   4	  27	   1	 41.03  	 73.57  	 77.14  	 83.27  	 81.71  	 83.83  	 84.39  	 83.72  	 79.04  	 70.34  	 32.38
1989	   5	   4	   1	 40.35  	 77.69  	 79.59  	 86.75  	 84.18  	 83.84  	 82.16  	 82.72  	 80.82  	 70.63  	 32.52
1989	   5	  11	   1	 39.00  	 77.72  	 79.84  	 86.66  	 87.78  	 94.72  	 79.95  	 84.09  	 82.08  	 72.79  	 33.43
1989	   5	  12	   1	 35.33  	 75.46  	 77.67  	 85.19  	 82.53  	 83.31  	 81.32  	 83.09  	 79.33  	 71.60  	 32.10
1989	   5	  26	   1	 50.96  	 83.87  	 83.87  	 88.20  	 86.53  	 82.54  	 81.54  	 83.65  	 80.99  	 72.45  	 35.39
1989	   6	   2	   1	 34.94  	 75.48  	 79.66  	 87.45  	 85.87  	 84.29  	 82.03  	 85.08  	 81.24  	 73.79  	 33.11
1989	   6	   9	   1	 27.30  	 71.75  	 76.10  	 86.82  	 85.70  	 83.58  	 80.23  	 84.14  	 80.68  	 71.19  	 32.58
1989	   6	  15	   1	 20.01  	 61.43  	 72.49  	 84.12  	 84.34  	 80.54  	 81.32  	 85.12  	 79.98  	 72.49  	 33.23
1989	   6	  23	   1	 17.96  	 49.47  	 63.69  	 80.26  	 82.16  	 81.38  	 80.71  	 83.96  	 80.71  	 72.42  	 32.18
1989	   6	  30	   1	 19.68  	 47.30  	 59.36  	 76.44  	 79.12  	 78.78  	 81.35  	 82.91  	 79.12  	 71.41  	 32.36
1989	   7	   7	   1	 16.13  	 43.68  	 52.21  	 73.21  	 79.05  	 79.28  	 81.18  	 82.31  	 81.18  	 71.42  	 33.01
1989	   7	  14	   1	 13.73  	 35.90  	 46.25  	 66.84  	 74.15  	 77.64  	 80.34  	 84.17  	 80.90  	 71.57  	 33.08
1989	   7	  21	   1	 27.75  	 38.20  	 47.39  	 65.55  	 76.98  	 78.55  	 83.48  	 80.46  	 80.34  	 72.16  	 32.94
1989	   7	  28	   1	 15.35  	 37.79  	 45.00  	 64.95  	 71.27  	 74.53  	 77.69  	 81.75  	 80.28 -	999.99 -	999.99
1989	   8	   3	   1	 14.79  	 36.06  	 42.95  	 62.15  	 68.82  	 73.00  	 75.60  	 81.58  	 80.79  	 71.53  	 32.09
1989	   8	  10	   1	 15.03  	 25.44  	 40.85  	 60.99  	 65.60  	 66.50  	 71.23  	 81.13  	 79.33  	 71.68  	 32.58
1989	   8	  17	   1	 16.21  	 24.66  	 39.35  	 58.83  	 62.73  	 69.30  	 68.52  	 79.10  	 78.43  	 69.41  	 32.14
1989	   8	  25	   1	 24.52  	 29.04  	 45.82  	 65.27  	 68.15  	 62.71  	 67.38  	 77.60  	 77.93  	 70.38  	 32.97
1989	   8	  31	   1	 35.40  	 55.10  	 56.12  	 70.28  	 71.64  	 66.09  	 66.89  	 78.89  	 80.37  	 71.53  	 32.93
1989	   9	  11	   1	 32.86  	 68.85  	 75.77  	 83.58  	 80.79  	 81.13  	 80.46  	 83.47  	 81.24  	 71.86  	 32.36
1989	   9	  15	   1	 36.70  	 69.71  	 75.83  	 83.86  	 83.75  	 82.30  	 79.62  	 81.96  	 80.85  	 71.15  	 32.68
1989	   9	  21	   1	 28.69  	 63.85  	 73.96  	 83.18  	 82.06  	 78.80  	 82.17  	 84.75  	 81.27  	 71.83  	 32.43
1989	   9	  29	   1	 23.67  	 55.07  	 67.97  	 80.76  	 79.19  	 78.18  	 79.42  	 82.56  	 80.65  	 73.70  	 32.42
1989	  10	   5	   1	 19.84  	 48.46  	 63.91  	 78.69  	 78.36  	 78.24  	 78.24  	 83.28  	 80.15  	 73.32  	 32.80
1989	  10	  12	   1	 18.67  	 42.19  	 59.88  	 76.12  	 77.69  	 75.56  	 76.23  	 82.50  	 80.48  	 73.21  	 32.24
1989	  10	  19	   1	 31.23  	 39.80  	 56.75  	 73.04  	 74.81  	 74.48  	 75.03  	 82.23  	 79.24  	 71.49  	 32.42
1989	  10	  25	   1	 27.12  	 42.63  	 55.55  	 73.16  	 75.61  	 76.95  	 82.19  	 79.73  	 70.82  	 72.27  	 32.35
1989	  11	   2	   1	 28.54  	 42.42  	 55.21  	 73.23  	 74.12  	 73.12  	 74.45  	 81.35  	 78.79  	 70.89  	 32.39
1989	  11	   9	   1	 30.48  	 43.17  	 52.71  	 70.90  	 72.34  	 73.45  	 74.22  	 80.21  	 80.32  	 70.79  	 32.23
1989	  11	  17	   1	 34.69  	 59.66  	 54.40  	 70.41  	 73.99  	 73.09  	 76.12  	 80.93  	 79.25  	 71.41  	 33.08
1989	  11	  27	   1	 31.23  	 58.97  	 53.50  	 70.26  	 73.95  	 74.84  	 74.73  	 82.55  	 79.42  	 72.16  	 32.78
1989	  12	   1	   1	 28.79  	 57.63  	 53.65  	 70.57  	 73.00  	 73.11  	 74.21  	 82.51  	 79.74  	 71.12  	 31.80
1989	  12	   7	   1	 25.89  	 57.68  	 54.89  	 69.85  	 74.21  	 73.09  	 75.88  	 80.90  	 81.02  	 71.53  	 32.58
1989	  12	  14	   1	 25.46  	 54.99  	 54.10  	 70.30  	 73.97  	 73.30  	 74.41  	 79.18  	 80.52  	 71.75  	 32.43
1989	  12	  28	   1	 24.93  	 55.80  	 53.78  	 70.14  	 72.50  	 73.51  	 74.52  	 81.24  	 79.78  	 75.64  	 33.22
1990	   1	   5	   1	 34.05  	 68.87  	 66.78  	 70.09  	 73.51  	 74.50  	 73.95  	 79.69  	 80.46  	 73.40  	 33.39
1990	   1	  12	   1	 33.25  	 65.70  	 66.14  	 69.79  	 72.67  	 72.00  	 74.21  	 80.63  	 78.86  	 71.56  	 31.97
1990	   1	  19	   1	 36.02  	 68.37  	 69.37  	 70.60  	 73.72  	 73.16  	 74.39  	 79.96  	 79.40  	 73.49  	 32.79
1990	   1	  26	   1	 39.58  	 69.86  	 72.19  	 70.19  	 73.08  	 73.97  	 73.52  	 80.85  	 81.85  	 71.75  	 32.27
1990	   2	   1	   1	 39.69  	 70.60  	 72.38  	 73.61  	 73.83  	 72.16  	 73.05  	 81.41  	 79.85  	 73.27  	 33.01
1990	   2	   8	   1	 31.50  	 69.74  	 75.42  	 83.21  	 80.99  	 80.43  	 78.98  	 81.77  	 81.43  	 73.08  	 32.87
1990	   2	  16	   1	 48.47  	 86.44  	 82.88  	 88.00  	 84.77  	 81.66  	 81.99  	 84.33  	 80.32  	 75.42  	 32.98
1990	   2	  23	   1	 58.38  	 83.61  	 83.83  	 86.27  	 84.72  	 85.49  	 81.62  	 84.28  	 80.08  	 73.33  	 32.74
1990	   3	   1	   1	 47.65  	 73.82  	 79.60  	 87.93  	 85.82  	 82.93  	 80.38  	 84.71  	 79.93  	 74.60  	 33.08
1990	   3	   9	   1	 42.46  	 77.15  	 81.60  	 86.60  	 84.38  	 82.15  	 81.71  	 83.82  	 80.93  	 72.60  	 33.02
1990	   3	  16	   1	 39.76  	 76.57  	 79.03  	 87.43  	 84.85  	 82.84  	 82.39  	 85.52  	 78.92  	 73.09  	 32.46
1990	   3	  23	   1	 43.42  	 72.23  	 75.68  	 84.46  	 82.46  	 83.46  	 81.13  	 84.35  	 80.35  	 73.68  	 33.28
1990	   3	  29	   1	 44.91  	 74.14  	 75.13  	 82.42  	 81.98  	 80.55  	 79.44  	 84.85  	 80.66  	 71.93  	 32.26
1990	   4	   6	   1	 37.22  	 72.24  	 75.03  	 84.32  	 82.97  	 79.28  	 80.96  	 86.22  	 79.62  	 73.02  	 32.76
1990	   4	  16	   1	 42.55  	 75.80  	 78.26  	 85.95  	 83.27  	 82.49  	 80.71  	 87.40  	 81.27  	 73.01  	 32.27
1990	   4	  20	   1	 44.19  	 70.23  	 75.68  	 84.57  	 83.35  	 83.24  	 80.90  	 83.46  	 79.90  	 72.79  	 32.06
1990	   4	  27	   1	 31.07  	 64.60  	 75.66  	 83.25  	 83.70  	 84.14  	 81.80  	 84.25  	 80.90  	 72.20  	 32.13
1990	   5	   3	   1	 28.00  	 53.32  	 69.89  	 81.57  	 81.46  	 78.57  	 80.68  	 84.80  	 82.46  	 72.12  	 32.06
1990	   5	  11	   1	 35.68  	 54.67  	 68.32  	 81.41  	 81.97  	 80.07  	 81.07  	 85.10  	 80.85  	 71.79  	 32.71
1990	   5	  18	   1	 45.64  	 83.94  	 84.73  	 88.89  	 84.17  	 83.38  	 82.48  	 85.85  	 81.02  	 72.92  	 33.20
1990	   5	  25	   1	 44.26  	 77.55  	 82.58  	 86.37  	 86.49  	 83.81  	 81.13  	 85.37  	 81.69  	 71.75  	 32.25
1990	   6	   1	   1	 32.20  	 67.47  	 75.29  	 84.34  	 84.01  	 84.56  	 81.10  	 84.23  	 80.76  	 73.84  	 32.89
1990	   6	   8	   1	 40.05  	 72.16  	 72.16  	 83.08  	 82.41  	 82.19  	 81.29  	 85.19  	 79.96  	 72.94  	 32.85
1990	   6	  15	   1	 28.28  	 56.02  	 68.50  	 82.35  	 83.94  	 83.60  	 80.65  	 85.76  	 81.90  	 74.18  	 33.17
1990	   6	  22	   1	 48.16  	 85.52  	 84.85  	 87.99  	 87.87  	 85.97  	 81.83  	 83.40  	 79.81  	 72.98  	 32.46
1990	   6	  29	   1	 46.53  	 77.14  	 79.82  	 84.72  	 85.17  	 84.84  	 81.16  	 84.95  	 79.71  	 72.23  	 32.44
1990	   7	   6	   1	 30.64  	 63.00  	 72.83  	 83.33  	 82.55  	 83.89  	 82.66  	 83.45  	 81.77  	 72.61  	 32.56
1990	   7	  13	   1	 32.10  	 67.70  	 72.16  	 82.52  	 83.52  	 79.85  	 81.63  	 81.74  	 78.73  	 71.82  	 32.62
1990	   7	  20	   1	 37.90  	 64.65  	 71.27  	 81.46  	 82.47  	 80.34  	 82.02  	 83.71  	 81.80  	 71.83  	 32.49
1990	   7	  27	   1	 38.90  	 68.50  	 72.53  	 80.71  	 80.26  	 79.92  	 81.38  	 83.73  	 80.26  	 72.09  	 32.52
1990	   8	   3	   1	 32.53  	 57.83  	 67.37  	 77.70  	 80.74  	 77.48  	 77.70  	 82.64  	 82.64  	 72.88  	 32.23
1990	   8	  10	   1	 28.71  	 50.64  	 60.67  	 73.18  	 76.11  	 76.23  	 77.80  	 82.09  	 82.20  	 71.72  	 33.04
1990	   8	  17	   1	 34.84  	 53.35  	 58.57  	 72.97  	 75.12  	 75.69  	 76.37  	 81.81  	 83.40  	 72.40  	 33.48
1990	   8	  24	   1	 40.58  	 59.67  	 59.44  	 72.88  	 74.35  	 74.13  	 77.29  	 80.56  	 80.79  	 73.22  	 32.43
1990	   8	  30	   1	 38.01  	 63.35  	 60.11  	 69.74  	 70.30  	 72.98  	 74.77  	 80.71  	 79.70  	 72.76  	 32.74
1990	   9	   7	   1	 31.02  	 53.67  	 55.57  	 67.65  	 69.66  	 70.00  	 73.91  	 79.51  	 78.16  	 72.46  	 32.54
1990	   9	  14	   1	 27.05  	 50.97  	 55.04  	 68.14  	 69.61  	 71.87  	 75.03  	 81.02  	 80.23  	 73.79  	 32.88
1990	   9	  21	   1	 35.95  	 51.48  	 54.07  	 66.88  	 69.69  	 72.84  	 73.29  	 79.13  	 78.35  	 72.50  	 33.16
1990	   9	  28	   1	 37.48  	 52.56  	 54.71  	 69.42  	 70.89  	 69.76  	 71.57  	 78.92  	 78.92  	 72.81  	 32.28
1990	  10	   5	   1	 36.80  	 63.08  	 55.20  	 66.46  	 69.50  	 69.16  	 72.65  	 79.07  	 77.84  	 69.95  	 32.50
1990	  10	  12	   1	 43.99  	 77.97  	 80.41  	 86.16  	 80.52  	 80.19  	 78.75  	 81.18  	 78.97  	 72.67  	 31.80
1990	  10	  19	   1	 43.45  	 74.09  	 74.09  	 84.55  	 82.88  	 80.77  	 79.65  	 83.77  	 79.32  	 73.75  	 32.26
1990	  10	  26	   1	 36.05  	 70.45  	 74.35  	 82.83  	 82.05  	 80.60  	 80.04  	 84.17  	 80.71  	 73.24  	 32.66
1990	  11	   2	   1	 32.32  	 65.62  	 72.48  	 81.02  	 80.57  	 77.25  	 79.69  	 82.57  	 79.69  	 72.82  	 32.31
1990	  11	   9	   1	 39.32  	 73.24  	 75.91  	 83.61  	 80.93  	 78.14  	 80.04  	 82.61  	 81.82  	 71.45  	 31.99
1990	  11	  16	   1	 35.02  	 69.70  	 74.18  	 83.26  	 82.59  	 79.78  	 79.45  	 84.94  	 81.35  	 73.51  	 32.10
1990	  11	  21	   1	 30.53  	 69.47  	 73.17  	 80.79  	 80.23  	 78.55  	 79.90  	 84.83  	 81.58  	 71.83  	 33.22
1990	  11	  30	   1	 41.66  	 77.07  	 77.74  	 83.73  	 83.07  	 81.85  	 79.41  	 82.96  	 80.29  	 73.08  	 32.71
1990	  12	   7	   1	 39.16  	 75.27  	 77.73  	 83.90  	 84.24  	 83.12  	 81.44  	 83.23  	 80.99  	 73.70  	 33.09
1990	  12	  14	   1	 37.97  	 72.87  	 75.32  	 84.59  	 82.58  	 80.68  	 81.80  	 85.48  	 80.79  	 74.54  	 33.08
1990	  12	  21	   1	 53.87  	 81.57  	 82.01  	 87.22  	 84.45  	 83.01  	 82.23  	 83.78  	 79.91  	 72.37  	 32.20
1990	  12	  31	   1	 46.93  	 82.14  	 81.70  	 85.22  	 83.57  	 82.69  	 82.03  	 83.35  	 78.63  	 72.25  	 32.01
1991	   1	   4	   1	 43.88  	 75.12  	 74.79  	 83.85  	 82.98  	 82.65  	 80.25  	 83.20  	 79.60  	 74.25  	 32.21
1991	   1	  11	   1	 61.88  	 75.76  	 74.99  	 84.72  	 85.16  	 83.28  	 81.40  	 83.83  	 81.40  	 74.77  	 32.96
1991	   1	  17	   1	 53.71  	 81.38  	 84.28  	 86.73  	 86.06  	 82.61  	 82.49  	 84.50  	 80.49  	 75.91  	 32.60
1991	   1	  25	   1	 51.92  	 72.67  	 77.46  	 83.57  	 83.13  	 83.80  	 84.35  	 85.35  	 82.24  	 76.01  	 33.33
1991	   2	   1	   1	 52.41  	 74.48  	 72.04  	 82.34  	 81.13  	 81.57  	 82.12  	 83.56  	 80.46  	 75.14  	 32.97
1991	   2	   8	   1	 55.28  	 83.01  	 79.75  	 85.25  	 84.69  	 84.35  	 83.12  	 84.58  	 80.99  	 76.16  	 32.75
1991	   2	  15	   1	 41.30  	 78.56  	 77.22  	 82.58  	 85.03  	 82.58  	 82.80  	 83.81  	 82.13  	 75.10  	 33.31
1991	   2	  22	   1	 49.10  	 79.06  	 76.82  	 84.99  	 85.77  	 83.20  	 83.42  	 84.54  	 83.09  	 75.70  	 32.76
1991	   3	   1	   1	 45.56  	 75.41  	 78.18  	 83.18  	 83.96  	 82.51  	 83.85  	 84.51  	 81.74  	 74.30  	 32.82
1991	   3	   8	   1	 43.37  	 74.04  	 76.85  	 84.39  	 84.50  	 84.95  	 83.27  	 84.39  	 80.79  	 77.42  	 32.69
1991	   3	  15	   1	 44.16  	 77.47  	 79.26  	 86.29  	 85.51  	 83.16  	 82.38  	 83.83  	 80.49  	 76.14  	 32.94
1991	   3	  22	   1	 49.37  	 80.73  	 80.62  	 85.92  	 86.93  	 85.24  	 82.99  	 85.81  	 81.19  	 74.53  	 33.43
1991	   3	  29	   1	 40.87  	 76.06  	 76.39  	 84.70  	 83.70  	 82.04  	 81.37  	 83.04  	 81.15  	 74.40  	 32.33
1991	   4	   5	   1	 45.46  	 71.12  	 75.74  	 84.09  	 84.77  	 83.08  	 83.08  	 85.90  	 81.04  	 74.73  	 32.85
1991	   4	  12	   1	 32.49  	 64.48  	 73.41  	 80.31  	 84.27  	 81.67  	 81.78  	 85.74  	 82.46  	 77.37  	 32.92
1991	   4	  19	   1	 37.51  	 64.05  	 76.39  	 82.67  	 84.13  	 82.22  	 81.89  	 84.02  	 81.44  	 74.26  	 32.81
1991	   4	  26	   1	 27.75  	 47.48  	 73.18  	 83.67  	 83.55  	 82.88  	 80.51  	 84.68  	 82.88  	 74.65  	 33.49
1991	   5	   3	   1	 25.26  	 43.90  	 67.49  	 80.62  	 81.75  	 80.40  	 82.76  	 83.66  	 83.09  	 75.46  	 33.07
1991	   5	  10	   1	 35.33  	 59.36  	 72.29  	 83.28  	 84.31  	 84.99  	 81.36  	 84.65  	 81.24  	 75.91  	 33.14
1991	   5	  20	   1	 38.00  	 70.71  	 76.76  	 85.72  	 87.07  	 84.94  	 82.14  	 83.93  	 80.68  	 73.40  	 33.00
1991	   5	  22	   1	 42.51  	 68.81  	 78.89  	 86.14  	 84.90  	 84.90  	 81.95  	 84.78  	 82.40  	 75.15  	 33.56
1991	   5	  31	   1	 30.21  	 58.05  	 70.96  	 83.76  	 85.69  	 82.06  	 81.73  	 85.35  	 81.84  	 75.83  	 33.10
1991	   6	   7	   1	 22.53  	 43.32  	 62.81  	 78.67  	 82.52  	 82.06  	 81.16  	 83.88  	 81.61  	 75.49  	 32.54
1991	   6	  14	   1	 22.86  	 38.03  	 54.99  	 72.62  	 81.10  	 79.07  	 79.97  	 83.48  	 81.10  	 74.77  	 32.52
1991	   6	  24	   1	 20.92  	 36.40  	 47.22  	 70.14  	 77.82  	 81.19  	 85.03  	 86.31  	 83.64  	 76.19  	 32.80
1991	   6	  28	   1	 19.57  	 33.62  	 46.89  	 64.35  	 68.66  	 75.69  	 80.11  	 83.74  	 80.56  	 74.55  	 32.68
1991	   7	   5	   1	 19.36  	 29.36  	 41.01  	 60.70  	 65.23  	 70.66  	 77.00  	 82.21  	 80.62  	 72.02  	 32.95
1991	   7	  12	   1	 32.97  	 47.77  	 46.29  	 60.43  	 62.71  	 67.50  	 74.46  	 84.15  	 80.62  	 72.52  	 32.90
1991	   7	  18	   1	 25.20  	 37.79  	 42.63  	 59.54  	 63.71  	 64.73  	 71.27  	 80.73  	 79.95  	 71.60  	 32.93
1991	   7	  25	   1	 18.61  	 29.30  	 39.42  	 56.60  	 61.37  	 61.60  	 66.49  	 78.89  	 79.79  	 72.40  	 32.51
1991	   8	   2	   1	 18.19  	 27.32  	 37.84  	 54.59  	 58.67  	 57.87  	 61.16  	 74.40  	 78.02  	 71.79  	 33.12
1991	   8	   9	   1	 33.68  	 50.46  	 51.71  	 62.49  	 63.06  	 58.63  	 62.15  	 76.22  	 77.58  	 73.16  	 32.89
1991	   8	  16	   1	 23.83  	 36.39  	 46.19  	 59.59  	 60.38  	 59.03  	 60.49  	 72.32  	 77.50  	 70.51  	 32.33
1991	   8	  23	   1	 21.83  	 32.41  	 42.37  	 58.86  	 62.87  	 58.63  	 62.41  	 73.98  	 77.64  	 69.97  	 32.81
1991	   8	  30	   1	 18.32  	 29.16  	 39.47  	 56.46  	 58.73  	 58.28  	 58.50  	 69.60  	 76.29  	 59.64  	 32.37
1991	   9	   5	   1	 23.63  	 31.88  	 41.79  	 59.45  	 59.91  	 58.43  	 60.14  	 71.08  	 74.27  	 57.52  	 32.40
1991	   9	  14	   1	 17.17  	 29.80  	 40.58  	 57.61  	 59.76  	 56.81  	 58.74  	 67.82  	 72.02  	 56.70  	 30.85
1991	   9	  20	   1	 16.79  	 28.87  	 38.59  	 55.21  	 59.96  	 56.68  	 57.47  	 66.06  	 71.27  	 54.19  	 31.22
1991	   9	  27	   1	 19.55  	 29.40  	 38.55  	 53.72  	 58.07  	 56.51  	 57.84  	 65.43  	 69.33  	 52.49  	 30.54
1991	  10	   4	   1	 29.61  	 39.29  	 45.98  	 57.43  	 59.02  	 56.64  	 58.45  	 65.82  	 67.18  	 52.90  	 31.21
1991	  10	  10	   1	 26.33  	 52.56  	 50.39  	 59.32  	 59.78  	 57.83  	 60.58  	 66.07  	 68.48  	 52.56  	 30.46
1991	  10	  18	   1	 22.73  	 43.58  	 47.93  	 57.65  	 60.28  	 58.00  	 60.86  	 66.80  	 68.52  	 53.65  	 30.77
1991	  10	  24	   1	 25.41  	 42.38  	 46.82  	 58.41  	 60.01  	 58.30  	 59.32  	 67.17  	 68.31  	 53.98  	 30.74
1991	  11	   1	   1	 38.12  	 69.62  	 64.25  	 58.99  	 59.99  	 57.08  	 58.31  	 65.59  	 68.50  	 53.16  	 30.72
1991	  11	   7	   1	 28.26  	 66.74  	 69.80  	 60.41  	 59.85  	 58.26  	 60.98  	 67.31  	 70.14  	 52.95  	 30.55
1991	  11	  15	   1	 38.26  	 72.02  	 72.92  	 63.01  	 60.31  	 59.19  	 59.19  	 66.62  	 69.65  	 54.13  	 30.38
1991	  11	  22	   1	 38.02  	 71.53  	 74.24  	 82.49  	 63.96  	 59.44  	 59.56  	 66.67  	 67.91  	 53.91  	 31.25
1991	  12	   2	   1	 35.32  	 71.27  	 73.17  	 82.25  	 79.11  	 61.07  	 58.94  	 67.46  	 68.80  	 54.34  	 30.20
1991	  12	   5	   1	 36.51  	 71.82  	 74.84  	 82.33  	 80.43  	 74.62  	 59.64  	 67.80  	 69.48  	 55.06  	 30.38
1991	  12	  13	   1	 39.32  	 75.15  	 77.08  	 83.42  	 80.71  	 76.74  	 70.51  	 68.02  	 72.32  	 55.78  	 29.87
1991	  12	  19	   1	 31.29  	 71.00  	 75.79  	 83.10  	 82.19  	 77.39  	 74.65  	 71.34  	 72.94  	 67.46  	 33.22
1991	  12	  31	   1	 32.15  	 69.22  	 74.02  	 82.83  	 79.37  	 76.47  	 74.35  	 79.59  	 78.37  	 65.99  	 31.65
1992	   1	   3	   1	 40.59  	 70.63  	 72.42  	 81.72  	 78.69  	 78.02  	 78.02  	 80.71  	 78.47  	 71.75  	 31.84
1992	   1	  10	   1	 39.90  	 72.80  	 74.49  	 84.05  	 82.59  	 75.84  	 74.60  	 82.25  	 76.85  	 71.45  	 32.07
1992	   2	   4	   1	 40.94  	 71.68  	 73.82  	 85.40  	 83.04  	 77.75  	 79.33  	 82.82  	 79.33  	 73.03  	 33.08
1992	   2	   7	   1	 40.04  	 71.15  	 72.27  	 82.63  	 80.63  	 77.06  	 77.17  	 82.85  	 77.39  	 71.38  	 32.90
1992	   2	  28	   1	 40.18  	 72.24  	 74.94  	 83.49  	 83.83  	 82.14  	 81.58  	 84.28  	 79.10  	 69.09  	 33.03
1992	   3	  16	   1	 38.10  	 72.16  	 73.62  	 82.14  	 81.13  	 78.55  	 80.12  	 80.01  	 80.01  	 72.72  	 31.99
1992	   3	  31	   1	 44.09  	 76.63  	 76.63  	 89.49  	 86.04  	 83.98  	 81.45  	 82.25  	 82.83  	 72.03  	 32.05
1992	   4	  17	   1	 48.32  	 87.87  	 84.18  	 85.30  	 84.40  	 83.40  	 81.38  	 83.51  	 77.46  	 69.85  	 32.74
1992	   4	  30	   1	 43.06  	 72.23  	 74.56  	 85.35  	 82.13  	 80.13  	 78.79  	 79.46  	 79.57  	 72.90  	 31.78
1992	   5	  15	   1	 24.85  	 49.62  	 66.56  	 82.60  	 79.55  	 81.13  	 81.13  	 82.94  	 79.66  	 72.88  	 32.49
1992	   5	  29	   1	 26.22  	 49.89  	 58.39  	 76.29  	 81.16  	 79.69  	 82.97  	 83.65  	 80.48  	 72.55  	 32.59
1992	   6	  15	   1	 21.64  	 60.15  	 67.98  	 80.22  	 82.72  	 81.13  	 81.92  	 84.99  	 80.56  	 73.99  	 32.57
1992	   6	  26	   1	 23.80  	 46.59  	 60.50  	 75.98  	 78.09  	 79.21  	 79.65  	 83.10  	 78.43  	 71.53  	 31.64
1992	   7	  13	   1	 37.29  	 72.18  	 79.14  	 87.58  	 84.15  	 84.50  	 82.44  	 84.04  	 81.30  	 74.12  	 32.84
1992	   7	  30	   1	 54.43  	 86.41  	 83.80  	 88.69  	 83.91  	 86.41  	 81.76  	 84.26  	 81.76  	 72.67  	 32.93
1992	   8	  12	   1	 34.42  	 64.73  	 71.19  	 83.31  	 80.93  	 82.29  	 81.16  	 83.76  	 80.93  	 73.68  	 33.16
1992	   8	  27	   1	 38.98  	 70.21  	 64.12  	 77.66  	 78.00  	 79.35  	 80.71  	 84.20  	 79.24  	 71.91  	 32.79
1992	   9	  15	   1	 35.39  	 68.86  	 72.18  	 76.53  	 74.93  	 76.87  	 78.70  	 83.62  	 80.76  	 74.01  	 32.66
1992	  10	   2	   1	 33.73  	 71.49  	 74.43  	 80.54  	 75.67  	 75.00  	 77.71  	 82.01  	 81.33  	 73.07  	 32.24
1992	  10	  28	   1	 30.31  	 66.40  	 65.73  	 73.14  	 71.12  	 71.56  	 74.82  	 81.21  	 79.08  	 72.24  	 31.97
1992	  11	  30	   1	 42.40  	 76.29  	 76.29  	 85.40  	 84.17  	 83.04  	 81.69  	 85.18  	 78.54  	 72.35  	 31.45
1992	  12	  31	   1	 38.16  	 79.99  	 83.99  	 86.11  	 81.99  	 79.54  	 82.21  	 85.44  	 81.32  	 76.31  	 33.04
1993	   1	  25	   1	 41.05  	 80.45  	 81.80  	 86.75  	 84.50  	 83.83  	 83.15  	 83.60  	 80.12  	 73.25  	 32.97
1993	   2	  25	   1	 20.46  	 72.04  	 73.71  	 82.15  	 83.04  	 81.49  	 81.71  	 83.93  	 80.60  	 75.38  	 32.36
1993	   3	  15	   1	 38.10  	 73.29  	 77.22  	 85.09  	 81.61  	 84.87  	 80.26  	 82.84  	 79.92  	 73.51  	 32.32
1993	   4	   2	   1	 46.44  	 78.67  	 77.78  	 85.37  	 84.03  	 83.70  	 80.23  	 84.59  	 79.68  	 73.09  	 32.41
1993	   4	  13	   1	 38.65  	 76.03  	 76.71  	 85.44  	 84.99  	 83.40  	 80.79  	 85.44  	 81.13  	 73.31  	 33.19
1993	   4	  27	   1	 38.95  	 81.21  	 82.00  	 87.49  	 84.58  	 85.36  	 79.53  	 84.13  	 79.75  	 72.35  	 32.64
1993	   5	  11	   1	 28.14  	 68.77  	 72.40  	 84.87  	 85.10  	 85.33  	 80.34  	 83.28  	 79.77  	 72.17  	 33.08
1993	   5	  25	   1	 18.38  	 49.49  	 64.83  	 81.41  	 80.96  	 81.53  	 79.60  	 85.96  	 80.28  	 73.80  	 32.53
1993	   6	  17	   1	 18.74  	 45.50  	 56.32  	 74.76  	 77.15  	 78.63  	 80.56  	 85.12  	 80.11  	 73.16  	 33.05
1993	   7	   2	   1	 40.28  	 70.77  	 61.52  	 73.74  	 78.88  	 84.47  	 82.99  	 85.61  	 80.36  	 73.40  	 32.47
1993	   7	  15	   1	 39.58  	 70.14  	 61.46  	 71.83  	 79.72  	 78.14  	 81.07  	 81.07  	 79.16  	 72.05  	 32.36
1993	   7	  27	   1	 37.46  	 73.72  	 76.56  	 84.17  	 82.58  	 83.83  	 82.35  	 83.37  	 80.31  	 72.14  	 32.95
1993	   8	  16	   1	 43.68  	 75.57  	 77.14  	 82.98  	 80.51  	 80.51  	 83.43  	 83.88  	 79.39  	 70.18  	 32.90
1993	   9	   3	   1	 50.40  	 78.48  	 78.71  	 86.82  	 82.31  	 84.34  	 81.97  	 83.44  	 81.07  	 73.07  	 34.11
1993	   9	  13	   1	 42.18  	 78.79  	 78.11  	 87.12  	 84.72  	 81.76  	 83.13  	 84.50  	 80.96  	 71.15  	 33.92
1993	  10	   1	   1	 42.11  	 79.58  	 79.80  	 87.25  	 85.11  	 83.75  	 83.19  	 85.11  	 81.04  	 71.34  	 34.15
1993	  10	  25	   1	 36.80  	 79.16  	 79.61  	 86.91  	 85.45  	 85.23  	 82.98  	 83.88  	 78.60  	 71.98  	 33.35
1993	  12	   2	   1	 53.49  	 83.44  	 82.21  	 86.11  	 85.44  	 84.44  	 81.99  	 82.66  	 78.76  	 69.86  	 32.48
1993	  12	  30	   1	 39.60  	 77.35  	 77.12  	 85.58  	 84.24  	 82.35  	 82.35  	 82.46  	 80.13  	 72.12  	 33.89
1994	   1	  24	   1	 55.05  	 74.15  	 73.71  	 84.15  	 82.38  	 80.04  	 80.93  	 82.82  	 78.15  	 71.27  	 33.74
1994	   1	  24	   1	 55.05  	 74.15  	 73.71  	 84.15  	 82.38  	 80.04  	 80.93  	 82.82  	 78.15  	 71.27  	 33.74
1994	   3	   3	   1	 41.28  	 75.45  	 76.66  	 84.04  	 81.62  	 78.76  	 80.63  	 82.06  	 78.10  	 71.05  	 33.21
1994	   3	   3	   1	 41.28  	 75.45  	 76.66  	 84.04  	 81.62  	 78.76  	 80.63  	 82.06  	 78.10  	 71.05  	 33.21
1994	   3	  15	   1	 39.02  	 78.18  	 77.63  	 86.07  	 84.07  	 84.84  	 82.51  	 82.07  	 78.30  	 71.41  	 33.21
1994	   3	  15	   1	 39.02  	 78.18  	 77.63  	 86.07  	 84.07  	 84.84  	 82.51  	 82.07  	 78.30  	 71.41  	 33.21
1994	   3	  28	   1	 39.81  	 77.80  	 75.70  	 83.78  	 81.79  	 80.79  	 81.13  	 82.46  	 77.25  	 69.49  	 33.25
1994	   3	  28	   1	 39.81  	 77.80  	 75.70  	 83.78  	 81.79  	 80.79  	 81.13  	 82.46  	 77.25  	 69.49  	 33.25
1994	   4	  14	   1	 50.58  	 84.17  	 79.96  	 86.93  	 82.73  	 82.29  	 80.41  	 80.19  	 79.08  	 68.69  	 32.96
1994	   4	  14	   1	 50.58  	 84.17  	 79.96  	 86.93  	 82.73  	 82.29  	 80.41  	 80.19  	 79.08  	 68.69  	 32.96
1994	   4	  25	   1	 30.04  	 72.92  	 75.39  	 85.85  	 83.72  	 83.72  	 83.04  	 83.15  	 80.12  	 69.65  	 33.14
1994	   4	  25	   1	 30.04  	 72.92  	 75.39  	 85.85  	 83.72  	 83.72  	 83.04  	 83.15  	 80.12  	 69.65  	 33.14
1994	   5	  19	   1	 27.39  	 68.98  	 75.38  	 86.71  	 83.79  	 83.46  	 81.89  	 83.01  	 79.64  	 69.77  	 33.76
1994	   5	  19	   1	 27.39  	 68.98  	 75.38  	 86.71  	 83.79  	 83.46  	 81.89  	 83.01  	 79.64  	 69.77  	 33.76
1994	   6	   3	   1	 23.63  	 52.61  	 66.38  	 84.54  	 83.19  	 80.26  	 82.40  	 82.74  	 79.13  	 68.97  	 33.13
1994	   6	   3	   1	 23.63  	 52.61  	 66.38  	 84.54  	 83.19  	 80.26  	 82.40  	 82.74  	 79.13  	 68.97  	 33.13
1994	   6	  14	   1	 25.22  	 43.74  	 58.10  	 76.39  	 76.50  	 78.41  	 78.63  	 82.11  	 80.43  	 66.63  	 33.03
1994	   6	  14	   1	 25.22  	 43.74  	 58.10  	 76.39  	 76.50  	 78.41  	 78.63  	 82.11  	 80.43  	 66.63  	 33.03
1994	   6	  30	   1	 19.50  	 41.96  	 50.75  	 69.35  	 74.31  	 76.00  	 78.59  	 80.28  	 80.28  	 68.00  	 32.59
1994	   6	  30	   1	 19.50  	 41.96  	 50.75  	 69.35  	 74.31  	 76.00  	 78.59  	 80.28  	 80.28  	 68.00  	 32.59
1994	   7	  14	   1	 15.51  	 34.07  	 43.76  	 60.78  	 65.63  	 67.55  	 73.07  	 78.14  	 77.58  	 69.01  	 33.66
1994	   7	  14	   1	 15.51  	 34.07  	 43.76  	 60.78  	 65.63  	 67.55  	 73.07  	 78.14  	 77.58  	 69.01  	 33.66
1994	   7	  26	   1	 17.45  	 35.99  	 45.15  	 61.66  	 63.01  	 63.46  	 71.72  	 78.50  	 78.39  	 65.50  	 34.45
1994	   7	  26	   1	 17.45  	 35.99  	 45.15  	 61.66  	 63.01  	 63.46  	 71.72  	 78.50  	 78.39  	 65.50  	 34.45
1994	   8	  16	   1	 16.93  	 36.83  	 43.79  	 60.41  	 61.53  	 60.97  	 66.92  	 76.02  	 74.22  	 61.98  	 33.52
1994	   8	  30	   1	 25.69  	 41.39  	 46.92  	 58.64  	 59.99  	 59.09  	 66.53  	 72.05  	 73.97  	 60.56  	 32.59
1994	   9	  13	   1	 20.00  	 39.37  	 46.10  	 62.37  	 61.92  	 60.91  	 66.07  	 74.59  	 73.02  	 57.32  	 32.14
1994	   9	  27	   1	 33.19  	 47.95  	 52.10  	 66.67  	 65.21  	 62.19  	 67.79  	 73.84  	 73.17  	 57.37  	 31.60
1994	  10	  25	   1	 33.96  	 48.38  	 52.33  	 65.85  	 64.16  	 61.23  	 67.55  	 73.97  	 74.20  	 59.77  	 32.14
1994	  12	   1	   1	 27.52  	 72.48  	 75.02  	 80.77  	 72.70  	 64.53  	 69.28  	 75.68  	 72.37  	 57.46  	 32.93
1994	  12	  27	   1	 22.93  	 72.62  	 73.72  	 80.52  	 79.09  	 75.14  	 78.44  	 78.65  	 77.78  	 67.02  	 33.29
1995	   2	   8	   1	 30.47  	 67.89  	 76.19  	 84.64  	 82.65  	 83.32  	 82.90  	 82.40  	 77.51  	 68.47 -	999.99
1995	   2	  28	   1	 46.93  	 75.15  	 76.31  	 84.30  	 80.31  	 80.89  	 84.22  	 83.14  	 78.98  	 67.99 -	999.99
1995	   3	  16	   1	 27.84  	 75.09  	 76.98  	 83.77  	 82.21  	 81.88  	 81.43  	 80.54  	 78.76  	 68.30  	 34.15
1995	   3	  29	   1	 42.85  	 74.49  	 73.38  	 83.04  	 79.49  	 79.04  	 80.93  	 81.15  	 78.27  	 67.60  	 33.80
1995	   4	  14	   1	 29.71  	 76.28  	 75.17  	 84.08  	 81.52  	 82.52  	 81.96  	 80.96  	 79.62  	 69.15  	 32.57
1995	   4	  25	   1	 42.57  	 76.93  	 78.39  	 84.65  	 84.20  	 84.20  	 82.97  	 81.74  	 79.39  	 68.10  	 32.87
1995	   5	  15	   1	 36.34  	 80.05  	 85.45  	 91.35  	 88.53  	 87.07  	 86.99  	 84.85  	 82.02  	 69.35  	 34.85
1995	   5	  31	   1	 43.56  	 78.61  	 82.62  	 89.97  	 86.21  	 85.96  	 84.29  	 82.79  	 78.20  	 67.17  	 34.13
1995	   6	  16	   1	 29.14  	 65.42  	 71.97  	 83.73  	 82.40  	 82.74  	 81.85  	 82.07  	 79.96  	 68.75  	 32.93
1995	   6	  28	   1	 18.41  	 57.63  	 66.87  	 82.31  	 81.52  	 80.28  	 84.45  	 82.88  	 80.73  	 68.33  	 33.43
1995	   7	  10	   1	 18.22  	 45.06  	 52.72  	 71.75  	 73.78  	 78.29  	 79.19  	 82.79  	 81.44  	 68.38  	 33.74
1995	   8	   2	   1	 17.09  	 36.29  	 47.24  	 61.54  	 61.77  	 64.34  	 74.95  	 77.30  	 77.30  	 67.24  	 33.06
1995	   8	  16	   1	 23.43  	 44.92  	 51.82  	 64.73  	 62.73  	 63.18  	 71.64  	 77.87  	 77.54  	 64.85  	 33.15
1995	   8	  30	   1	 19.12  	 36.93  	 46.29  	 60.51  	 61.07  	 59.49  	 68.41  	 75.63  	 75.85  	 65.36  	 33.36
1995	   9	  12	   1	 15.26  	 35.46  	 44.15  	 57.69  	 57.91  	 58.03  	 66.04  	 72.81  	 72.69  	 59.61  	 31.83
1995	   9	  29	   1	 16.23  	 33.68  	 42.53  	 54.28  	 56.86  	 56.86  	 64.81  	 71.41  	 68.84  	 56.97  	 31.17
1995	  10	  31	   1	 28.86  	 52.82  	 47.00  	 64.21  	 61.76  	 57.96  	 61.68  	 68.51  	 66.15  	 57.37  	 30.33
1995	  11	  29	   1	 29.56  	 64.76  	 53.69  	 63.23  	 60.16  	 59.28  	 65.09  	 68.93  	 58.62  	 58.84  	 30.41
1996	   1	   3	   1	 37.15  	 69.64  	 64.18  	 65.09  	 62.44  	 58.30  	 62.11  	 70.05  	 68.65  	 55.57  	 30.68
1996	   1	  30	   1	 43.59  	 70.06  	 72.14  	 79.57  	 72.36  	 62.86  	 66.13  	 70.94  	 67.66  	 63.18  	 31.76
1996	   2	  27	   1	 48.91  	 73.18  	 76.68  	 85.77  	 79.43  	 73.18  	 70.52  	 77.68  	 78.43  	 65.85  	 33.13
1996	   3	  11	   1	 42.18  	 68.83  	 72.68  	 83.76  	 79.60  	 76.60  	 79.07  	 79.84  	 76.76  	 65.29  	 32.53
1996	   3	  29	   1	 38.88  	 72.27  	 77.81  	 86.03  	 82.67  	 78.14  	 81.33  	 82.84  	 79.99  	 71.35  	 32.36
1996	   4	  11	   1	 26.42  	 70.89  	 72.79  	 84.61  	 82.05  	 83.72  	 82.38  	 80.71  	 79.59  	 70.89  	 32.21
1996	   4	  29	   1	 48.92  	 87.03  	 84.94  	 92.40  	 88.46  	 85.02  	 83.85  	 84.35  	 81.33  	 70.09  	 31.82
1996	   5	  15	   1	 43.26  	 83.23  	 87.76  	 93.38  	 89.97  	 87.58  	 84.77  	 85.71  	 83.75  	 70.19  	 32.79
1996	   5	  28	   1	 43.59  	 89.49  	 86.58  	 93.76  	 90.86  	 88.12  	 86.92  	 85.04  	 83.07  	 70.24  	 32.90
1996	   6	  12	   1	 45.21  	 73.41  	 76.23  	 87.39  	 84.45  	 85.69  	 81.64  	 82.43  	 81.41  	 70.36  	 32.70
1996	   6	  25	   1	 32.41  	 46.60  	 62.64  	 84.92  	 86.20  	 82.70  	 84.58  	 83.90  	 81.76  	 70.58  	 32.13
1996	   7	  16	   1	 23.14  	 36.93  	 46.29  	 62.60  	 66.02  	 72.18  	 79.71  	 82.10  	 81.76  	 69.90  	 32.78
1996	   7	  30	   1	 32.57  	 47.31  	 46.19  	 62.98  	 65.38  	 65.21  	 77.03  	 81.57  	 82.52  	 71.21  	 32.35
1996	   8	  14	   1	 18.25  	 32.94  	 44.69  	 62.83  	 63.05  	 59.75  	 65.79  	 76.40  	 79.71  	 69.90  	 32.21
1996	   8	  28	   1	 24.69  	 54.54  	 49.06  	 64.22  	 65.84  	 61.05  	 64.90  	 76.37  	 79.71  	 68.58  	 32.67
1996	   9	  13	   1	 20.40  	 36.95  	 45.96  	 61.51  	 61.96  	 58.92  	 62.97  	 72.99  	 76.03  	 64.10  	 32.33
1996	  10	   3	   1	 22.69  	 42.74  	 44.86  	 62.23  	 63.67  	 59.35  	 63.07  	 73.24  	 72.65  	 58.50  	 32.13
1996	  10	  31	   1	 30.47  	 43.73  	 46.63  	 63.82  	 61.70  	 58.24  	 62.93  	 70.97  	 71.41  	 55.45  	 30.52
1996	  12	   5	   1	 34.28  	 71.10  	 74.38  	 84.49  	 65.79  	 61.24  	 65.28  	 72.02  	 72.87  	 58.04  	 31.21
1997	   1	   6	   1	 26.49  	 72.38  	 76.18  	 83.67  	 78.53  	 68.14  	 66.24  	 73.61  	 72.38  	 58.19  	 31.05
1997	   1	  31	   1	 40.77  	 69.51  	 74.03  	 84.82  	 82.15  	 84.15  	 78.97  	 81.22  	 79.63  	 67.42  	 31.36
1997	   2	  25	   1	 34.93  	 77.41  	 80.09  	 88.70  	 83.45  	 82.11  	 82.33  	 81.21  	 78.42  	 68.58  	 32.11
1997	   3	  11	   1	 43.86  	 79.55  	 85.32  	 92.79  	 87.95  	 84.73  	 83.37  	 84.14  	 81.67  	 68.01  	 32.44
1997	   3	  27	   1	 32.07  	 73.79  	 77.52  	 86.55  	 84.63  	 83.05  	 82.03  	 80.90  	 79.66  	 67.24  	 31.75
1997	   4	  16	   1	 27.03  	 70.02  	 74.52  	 87.09  	 82.93  	 80.63  	 84.54  	 83.78  	 81.82  	 69.94  	 32.51
1997	   4	  30	   1	 21.78  	 66.14  	 73.66  	 82.98  	 80.51  	 77.48  	 80.29  	 81.52  	 79.61  	 67.93  	 32.28
1997	   5	  14	   1	 26.19  	 67.04  	 72.87  	 84.60  	 81.82  	 80.13  	 84.27  	 84.10  	 81.40  	 68.40  	 32.00
1997	   5	  30	   1	 30.76  	 54.90  	 66.84  	 81.79  	 79.53  	 78.20  	 78.36  	 83.71  	 79.95  	 68.76  	 31.96
1997	   6	  13	   1	 38.14  	 72.73  	 67.99  	 81.12  	 80.11  	 78.33  	 84.34  	 84.51  	 81.97  	 69.68  	 32.60
1997	   6	  25	   1	 25.08  	 50.49  	 65.03  	 77.96  	 80.29  	 79.08  	 81.01  	 85.19  	 83.18  	 70.33  	 32.83
1997	   7	  16	   1	 20.13  	 40.74  	 52.38  	 68.44  	 69.12  	 70.14  	 75.67  	 79.63  	 79.97  	 68.44  	 31.11
1997	   7	  30	   1	 15.86  	 32.06  	 43.66  	 62.34  	 64.30  	 64.04  	 69.84  	 77.95  	 78.46  	 66.69  	 32.75
1997	   8	  15	   1	 23.33  	 32.37  	 40.83  	 58.17  	 62.01  	 59.79  	 62.01  	 72.26  	 74.23  	 61.16  	 32.54
1997	   8	  28	   1	 26.86  	 64.08  	 66.74  	 72.50  	 68.80  	 61.85  	 66.23  	 74.99  	 76.70  	 66.66  	 32.86
1997	   9	  15	   1	 31.92  	 64.65  	 63.53  	 67.79  	 63.08  	 60.39  	 68.80  	 74.85  	 75.19  	 63.31  	 31.26
1997	   9	  26	   1	 34.67  	 53.84  	 57.92  	 70.33  	 66.08  	 63.19  	 66.08  	 76.79  	 75.09  	 61.66  	 32.02
1997	  10	  30	   1	 28.90  	 46.90  	 53.83  	 65.90  	 61.43  	 59.64  	 67.13  	 72.05  	 70.48  	 57.41  	 31.27
1997	  11	  26	   1	 39.00  	 62.41  	 52.02  	 66.07  	 66.16  	 61.13  	 66.33  	 73.22  	 72.12  	 56.62  	 31.89
1997	  12	  31	   1	 37.39  	 70.37  	 75.07  	 80.76  	 71.60  	 61.21  	 67.69  	 73.05  	 71.49  	 56.07  	 31.27
1998	   1	  30	   1	 45.76  	 73.51  	 76.38  	 84.30  	 81.69  	 78.32  	 82.11  	 82.20  	 78.82  	 67.87  	 31.99
1998	   2	  25	   1	 43.60  	 74.53  	 77.54  	 83.33  	 83.33  	 81.88  	 81.88  	 80.10  	 76.98  	 67.63  	 31.92
1998	   3	  13	   1	 42.48  	 78.20  	 84.90  	 89.82  	 88.12  	 87.70  	 85.66  	 83.97  	 81.08  	 69.96  	 32.56
1998	   4	   1	   1	 55.80  	 86.07  	 83.73  	 85.95  	 81.85  	 84.18  	 82.29  	 82.07  	 79.18  	 65.97  	 31.43
1998	   4	  15	   1	 39.63  	 77.39  	 80.80  	 90.29  	 88.32  	 87.12  	 86.27  	 84.39  	 80.63  	 69.53  	 32.16
1998	   4	  30	   1	 48.82  	 79.36  	 82.28  	 85.52  	 83.40  	 83.73  	 83.96  	 82.61  	 78.24  	 67.05  	 31.68
1998	   5	  14	   1	 41.40  	 83.30  	 84.99  	 91.33  	 88.46  	 85.58  	 85.75  	 83.89  	 79.49  	 67.32  	 32.48
1998	   5	  28	   1	 45.61  	 79.31  	 81.55  	 85.23  	 83.45  	 83.33  	 83.22  	 81.99  	 78.75  	 65.23  	 32.22
1998	   6	  17	   1	 49.17  	 89.09  	 86.29  	 91.63  	 88.07  	 87.73  	 85.53  	 84.60  	 81.72  	 68.33  	 32.60
1998	   7	   1	   1	 39.96  	 76.57  	 77.80  	 87.20  	 84.51  	 83.40  	 82.39  	 80.71  	 79.25  	 71.30  	 32.35
1998	   7	  15	   1	 28.26  	 60.54  	 69.10  	 85.70  	 85.45  	 81.77  	 86.30  	 85.28  	 82.45  	 68.58  	 32.45
1998	   7	  28	   1	 29.76  	 54.44  	 62.44  	 76.12  	 77.57  	 78.01  	 80.13  	 82.02  	 79.01  	 70.23  	 32.44
1998	   8	  14	   1	 30.25  	 51.55  	 53.76  	 72.00  	 76.16  	 78.03  	 79.21  	 82.95  	 81.84  	 69.03  	 32.82
1998	   9	   2	   1	 24.12  	 37.62  	 47.84  	 65.30  	 69.73  	 72.46  	 77.74  	 81.23  	 79.02  	 68.03  	 32.10
1998	   9	  18	   1	 17.55  	 33.57  	 51.32  	 60.30  	 59.74  	 65.91  	 72.31  	 76.92  	 77.14  	 64.90  	 32.34
1998	   9	  30	   1	 19.23  	 33.67  	 42.97  	 60.98  	 62.50  	 63.68  	 70.45  	 77.72  	 74.84  	 61.99  	 31.97
1998	  10	  27	   1	 22.80  	 32.57  	 43.70  	 60.85  	 61.36  	 60.17  	 68.49  	 75.54  	 69.85  	 58.90  	 31.44
1998	  12	   2	   1	 28.93  	 58.40  	 53.34  	 62.70  	 61.54  	 59.31  	 68.17  	 72.48  	 68.34  	 58.81  	 31.23
1999	   1	   4	   1	 43.21  	 62.52  	 56.98  	 63.78  	 61.94  	 61.09  	 67.65  	 75.05  	 70.76  	 58.83  	 28.53
1999	   1	  29	   1	 37.98  	 71.38  	 74.98  	 83.95  	 81.43  	 77.33  	 80.01  	 81.43  	 78.50  	 66.52  	 32.63
1999	   2	  23	   1	 41.74  	 71.74  	 76.68  	 85.13  	 83.37  	 80.30  	 77.89  	 79.97  	 77.01  	 67.57  	 32.74
1999	   3	  17	   1	 38.43  	 73.79  	 81.29  	 89.21  	 86.77  	 84.58  	 82.97  	 81.63  	 79.61  	 68.82  	 33.53
1999	   3	  31	   1	 31.23  	 67.54  	 72.91  	 81.89  	 81.78  	 80.90  	 81.34  	 79.04  	 77.40  	 65.79  	 32.46
1999	   4	  13	   1	 36.30  	 72.79  	 76.84  	 86.88  	 84.10  	 85.28  	 83.42  	 83.59  	 78.69  	 68.90  	 33.82
1999	   4	  27	   1	 46.20  	 70.58  	 76.35  	 84.53  	 83.11  	 81.37  	 80.61  	 78.10  	 76.35  	 65.45  	 31.80
1999	   5	  10	   1	 25.56  	 60.37  	 74.15  	 86.48  	 84.51  	 82.45  	 83.74  	 83.39  	 81.51  	 69.52  	 33.09
1999	   5	  25	   1	 29.93  	 56.04  	 64.09  	 82.39  	 82.65  	 78.92  	 80.70  	 82.65  	 79.51  	 68.75  	 32.13
1999	   6	  16	   1	 26.40  	 57.69  	 61.86  	 75.14  	 78.11  	 78.76  	 77.89  	 79.75  	 76.46  	 64.83  	 30.99
1999	   6	  30	   1	 39.69  	 57.64  	 59.41  	 73.70  	 75.48  	 76.25  	 77.47  	 81.13  	 78.13  	 64.73  	 31.20
1999	   7	  12	   1	 21.02  	 46.26  	 56.03  	 70.63  	 74.90  	 76.36  	 78.38  	 79.72  	 79.39  	 67.60  	 32.28
1999	   7	  30	   1	 28.54  	 57.22  	 54.74  	 69.35  	 69.58  	 72.16  	 74.41  	 79.47  	 77.45  	 67.67  	 31.31
1999	   8	  11	   1	 25.87  	 65.06  	 69.66  	 78.30  	 75.83  	 75.04  	 75.04  	 81.66  	 79.42  	 67.41  	 32.14
1999	   9	   1	   1	 26.38  	 57.76  	 68.33  	 81.83  	 80.24  	 77.81  	 78.14  	 82.76  	 79.07  	 71.43  	 32.49
1999	   9	  13	   1	 27.35  	 46.59  	 58.96  	 76.07  	 74.60  	 74.04  	 76.85  	 78.43  	 79.67  	 66.17  	 31.51
1999	   9	  30	   1	 28.60  	 57.61  	 51.27  	 66.95  	 70.46  	 68.37  	 71.04  	 76.47  	 76.55  	 69.87  	 32.52
1999	  10	  26	   1	 26.06  	 63.76  	 64.54  	 72.05  	 70.03  	 69.14  	 71.94  	 75.52  	 74.96  	 64.20  	 31.99
1999	  12	   2	   1	 20.92  	 45.22  	 57.47  	 70.22  	 69.46  	 68.87  	 71.15  	 77.74  	 75.63  	 63.13  	 32.15
1999	  12	  29	   1	 33.13  	 67.42  	 65.00  	 70.06  	 68.08  	 66.32  	 69.84  	 74.34  	 73.57  	 60.06  	 30.25
2000	   2	   2	   1	 34.25  	 65.94  	 72.38  	 82.67  	 74.81  	 68.70  	 70.62  	 76.65  	 76.06  	 66.19  	 32.47
2000	   3	   1	   1	 41.60  	 71.38  	 75.76  	 85.60  	 83.25  	 83.67  	 81.82  	 82.91  	 80.64  	 73.48  	 32.49
2000	   3	  15	   1	 34.99  	 67.74  	 74.26  	 84.68  	 83.92  	 81.46  	 82.65  	 83.92  	 80.11  	 73.24  	 32.38
2000	   3	  28	   1	 34.55  	 67.53  	 74.71  	 84.69  	 82.78  	 82.56  	 82.67  	 80.88  	 78.74  	 68.54  	 31.69
2000	   4	  14	   1	 32.46  	 58.55  	 70.00  	 83.06  	 81.54  	 78.00  	 79.77  	 82.22  	 79.44  	 72.53  	 32.90
2000	   4	  28	   1	 32.46  	 70.89  	 72.24  	 81.80  	 79.55  	 77.08  	 79.89  	 82.25  	 78.88  	 67.63  	 32.41
2000	   5	  17	   1	 28.84  	 53.47  	 65.66  	 81.36  	 80.59  	 78.03  	 79.14  	 85.03  	 82.21  	 73.51  	 32.83
2000	   6	   1	   1	 38.93  	 70.48  	 73.61  	 82.55  	 79.98  	 78.53  	 83.22  	 80.09  	 78.53  	 66.13  	 32.06
2000	   6	  12	   1	 33.46  	 64.03  	 71.41  	 80.26  	 78.13  	 78.13  	 80.93  	 83.96  	 79.25  	 66.15  	 31.73
2000	   6	  30	   1	 35.56  	 65.63  	 67.94  	 82.45  	 82.87  	 83.13  	 83.98  	 85.78  	 79.97  	 72.20  	 32.69
2000	   7	  12	   1	 29.65  	 65.72  	 66.40  	 80.48  	 80.06  	 78.61  	 80.23  	 83.81  	 79.80  	 71.86  	 33.54
2000	   7	  26	   1	 30.26  	 50.86  	 63.69  	 75.95  	 74.27  	 74.38  	 77.08  	 79.78  	 79.33  	 68.08  	 32.75
2000	   8	  17	   1	 21.82  	 51.72  	 63.45  	 77.14  	 74.83  	 72.95  	 74.92  	 79.71  	 78.68  	 70.64  	 32.84
2000	   8	  31	   1	 25.15  	 67.01  	 71.55  	 81.92  	 78.49  	 73.86  	 74.64  	 79.60  	 77.72  	 66.33  	 33.16
2000	   9	  12	   1	 29.18  	 72.59  	 74.75  	 85.76  	 79.97  	 77.02  	 74.29  	 78.83  	 77.81  	 67.14  	 32.89
2000	   9	  26	   1	 30.96  	 73.98  	 77.66  	 85.02  	 82.11  	 77.40  	 74.75  	 78.51  	 76.97  	 65.67  	 33.01
2000	  11	   1	   1	 26.70  	 59.04  	 72.83  	 83.21  	 79.29  	 75.12  	 73.68  	 77.76  	 76.49  	 66.02  	 33.31
2000	  11	  27	   1	 37.09  	 71.27  	 75.40  	 82.66  	 79.98  	 75.74  	 75.07  	 79.20  	 76.41  	 68.47  	 31.55
2000	  12	  28	   1	 37.75  	 62.74  	 77.01  	 82.39  	 77.78  	 78.11  	 77.23  	 80.08  	 74.27  	 70.31  	 31.21
2001	   2	   1	   1	 43.50  	 73.65  	 76.68  	 85.97  	 83.40  	 83.28  	 80.60  	 82.72  	 79.14  	 68.95  	 32.46
2001	   3	   1	   1	 36.82  	 75.81  	 83.90  	 90.98  	 86.60  	 84.07  	 82.97  	 85.08  	 80.11  	 72.78  	 33.48
2001	   3	  13	   1	 44.50  	 73.28  	 75.30  	 83.71  	 83.15  	 83.59  	 83.03  	 81.69  	 78.77  	 68.58  	 31.65
2001	   3	  27	   1	 35.44  	 70.47  	 78.23  	 87.35  	 84.62  	 87.26  	 84.62  	 85.90  	 80.36  	 73.71  	 32.93
2001	   4	  10	   1	 35.83  	 62.59  	 76.07  	 85.28  	 84.00  	 82.21  	 84.09  	 85.11  	 82.47  	 73.26  	 33.22
2001	   4	  24	   1	 25.50  	 52.72  	 72.83  	 84.45  	 81.55  	 78.42  	 82.66  	 80.65  	 78.98  	 67.24  	 31.72
2001	   5	  14	   1	 25.85  	 43.52  	 59.44  	 75.82  	 78.87  	 76.39  	 79.10  	 82.26  	 80.11  	 68.82  	 31.64
2001	   5	  29	   1	 26.45  	 39.41  	 53.13  	 74.67  	 77.24  	 77.84  	 79.04  	 84.11  	 81.88  	 70.55  	 32.70
2001	   6	  12	   1	 26.15  	 47.65  	 61.82  	 75.53  	 75.53  	 77.25  	 78.50  	 83.07  	 80.67  	 68.22  	 32.39
2001	   6	  30	   1	 18.12  	 33.06  	 46.50  	 65.55  	 70.46  	 72.10  	 77.96  	 81.92  	 82.44  	 72.87  	 33.21
2001	   7	  11	   1	 21.47  	 35.23  	 52.72  	 64.57  	 65.47  	 67.62  	 72.36  	 79.13  	 79.47  	 66.26  	 31.16
2001	   8	   1	   1	 20.06  	 33.66  	 47.55  	 61.10  	 61.78  	 61.78  	 67.02  	 75.33  	 77.03  	 64.85  	 32.20
2001	   8	  15	   1	 21.16  	 32.60  	 47.41  	 60.64  	 60.64  	 59.39  	 63.58  	 74.32  	 73.07  	 60.75  	 31.90
2001	   8	  31	   1	 30.30  	 34.48  	 47.31  	 64.76  	 63.99  	 60.23  	 62.71  	 70.32  	 74.69  	 55.35  	 31.78
2001	   9	  14	   1	 19.97  	 38.28  	 48.21  	 64.68  	 65.92  	 60.62  	 65.02  	 70.89  	 68.63  	 56.90  	 30.71
2001	   9	  14	   1	 19.97  	 38.28  	 48.21  	 64.68  	 65.92  	 60.62  	 65.02  	 70.89  	 68.63  	 56.90  	 30.71
2001	   9	  17	   1	 20.02  	 32.43  	 47.24  	 66.53  	 66.96  	 62.14  	 64.63  	 70.32  	 73.94  	 55.68  	 31.15
2001	   9	  28	   1	 18.39  	 30.34  	 47.14  	 64.53  	 65.64  	 63.16  	 63.41  	 70.69  	 72.15  	 54.85  	 30.68
2001	  10	  29	   1	 31.50  	 66.57  	 72.99  	 72.43  	 65.90  	 60.94  	 63.65  	 69.39  	 70.85  	 54.75  	 29.85
2001	  11	  27	   1	 32.51  	 59.70  	 68.86  	 75.99  	 67.93  	 61.48  	 64.45  	 70.30  	 71.32  	 53.16  	 30.78
2001	  12	  28	   1	 34.73  	 65.08  	 74.19  	 83.63  	 81.68  	 76.23  	 70.95  	 73.25  	 72.32  	 56.40  	 31.69
2002	   1	  31	   1	 44.59  	 74.91  	 80.71  	 85.28  	 81.49  	 81.60  	 78.59  	 78.92  	 76.58  	 65.76  	 31.99
2002	   3	   1	   1	 38.15  	 70.51  	 77.85  	 88.23  	 83.59  	 83.51  	 81.48  	 83.84  	 79.62  	 71.10  	 32.00
2002	   3	  15	   1	 49.81  	 72.75  	 81.64  	 91.21  	 80.87  	 86.34  	 84.46  	 83.77  	 81.47  	 70.87  	 33.21
2002	   3	  28	   1	 54.46  	 74.04  	 79.72  	 89.82  	 87.02  	 86.17  	 84.73  	 84.90  	 79.89  	 71.58  	 32.65
2002	   4	  10	   1	 43.30  	 77.11  	 81.19  	 87.41  	 84.58  	 83.56  	 81.75  	 82.43  	 78.13  	 68.17  	 32.28
2002	   5	   1	   1	 38.81  	 74.27  	 82.87  	 91.38  	 87.38  	 85.51  	 83.46  	 84.66  	 80.32  	 72.06  	 33.48
2002	   5	  13	   1	 58.10  	 85.81  	 82.54  	 89.41  	 84.91  	 84.23  	 82.88  	 82.76  	 79.83  	 66.64  	 33.21
2002	   5	  28	   1	 46.51  	 66.74  	 78.77  	 88.98  	 89.33  	 87.16  	 85.95  	 85.26  	 82.14  	 72.02  	 33.63
2002	   6	  14	   1	 43.02  	 58.87  	 68.40  	 85.25  	 84.14  	 82.44  	 84.83  	 84.57  	 80.23  	 70.70  	 33.09
2002	   6	  25	   1	 33.66  	 49.50  	 61.93  	 81.81  	 78.53  	 77.63  	 80.11  	 82.37  	 78.42  	 66.56  	 33.11
2002	   7	  10	   1	 23.22  	 26.46  	 50.25  	 72.22  	 77.23  	 77.58  	 78.53  	 83.89  	 81.47  	 73.26  	 33.47
2002	   7	  29	   1	 26.24  	 40.22  	 48.67  	 67.02  	 71.19  	 71.08  	 74.79  	 77.84  	 77.27  	 66.24  	 32.44
2002	   8	  16	   1	 34.26  	 27.95  	 44.83  	 65.09  	 66.30  	 66.22  	 71.32  	 77.73  	 77.56  	 64.74  	 34.10
2002	   8	  30	   1	 30.60  	 60.14  	 68.63  	 79.94  	 75.75  	 72.36  	 75.30  	 78.47  	 78.24  	 67.04  	 32.33
2002	   9	  12	   1	 22.99  	 31.28  	 61.80  	 76.96  	 77.32  	 73.11  	 74.16  	 80.82  	 79.95  	 73.81  	 35.55
2002	   9	  25	   1	 27.43  	 52.28  	 60.38  	 73.85  	 72.14  	 71.23  	 74.65  	 77.39  	 76.25  	 66.32  	 33.44
2002	  10	  29	   1	 35.35  	 58.96  	 60.88  	 71.42  	 70.96  	 69.04  	 71.42  	 74.70  	 74.70  	 61.90  	 31.46
2002	  11	  25	   1	 34.94  	 46.76  	 66.93  	 80.36  	 75.06  	 70.18  	 71.55  	 77.88  	 76.59  	 64.97  	 31.59
2003	   1	   1	   1	 37.03  	 66.00  	 71.49  	 82.92  	 76.65  	 72.39  	 74.40  	 76.98  	 73.51  	 62.41  	 31.21
2003	   1	  28	   1	 35.52  	 58.11  	 71.24  	 84.28  	 78.91  	 74.05  	 73.28  	 75.92  	 74.39  	 63.23  	 31.95
2003	   2	  25	   1	 50.58  	 70.59  	 74.41  	 82.28  	 78.57  	 75.65  	 75.31  	 78.01  	 75.20  	 65.65  	 30.80
2003	   3	  12	   1	 41.65  	 70.66  	 75.82  	 85.44  	 81.83  	 78.05  	 77.19  	 78.23  	 80.46  	 69.80  	 32.45
2003	   3	  26	   1	 36.27  	 73.40  	 76.02  	 83.33  	 82.07  	 77.96  	 81.27  	 80.82  	 78.53  	 65.40  	 31.39
2003	   4	  15	   1	 23.63  	 61.99  	 75.69  	 85.02  	 81.60  	 80.40  	 81.34  	 82.88  	 81.25  	 72.01  	 32.92
2003	   5	   1	   1	 31.47  	 64.45  	 69.73  	 81.63  	 78.38  	 75.57  	 77.48  	 80.40  	 78.38  	 65.58  	 31.50
2003	   5	  12	   1	 37.83  	 72.43  	 74.34  	 82.45  	 79.19  	 76.82  	 77.72  	 81.44  	 76.15  	 65.56  	 30.87
2003	   5	  30	   1	 26.19  	 54.94  	 66.76  	 79.94  	 77.78  	 76.42  	 77.89  	 81.87  	 79.48  	 67.44  	 31.50
2003	   6	  13	   1	 43.25  	 54.29  	 66.57  	 79.19  	 79.02  	 76.62  	 77.91  	 84.17  	 79.62  	 71.98  	 33.33
2003	   6	  24	   1	 26.19  	 48.35  	 59.05  	 76.35  	 74.76  	 74.76  	 79.54  	 81.93  	 78.74  	 67.70  	 32.14
2003	   7	  16	   1	 32.11  	 46.14  	 63.05  	 76.96  	 75.16  	 71.21  	 76.27  	 84.43  	 80.48  	 73.27  	 32.86
2003	   7	  29	   1	 34.45  	 53.93  	 59.30  	 74.28  	 71.42  	 71.53  	 78.05  	 81.59  	 80.56  	 68.45  	 32.62
2003	   8	  14	   1	 28.23  	 34.24  	 51.37  	 70.57  	 69.62  	 69.10  	 72.39  	 80.43  	 78.36  	 72.39  	 33.08
2003	   8	  26	   1	 20.21  	 36.85  	 45.73  	 62.69  	 63.94  	 63.49  	 67.81  	 74.87  	 77.03  	 64.51  	 31.69
2003	   9	  16	   1	 25.85  	 44.65  	 66.72  	 80.10  	 77.12  	 71.41  	 71.41  	 75.50  	 75.07  	 64.25  	 32.76
2003	  10	   1	   1	 25.75  	 63.37  	 65.64  	 78.21  	 72.78  	 67.79  	 69.83  	 74.25  	 73.80  	 61.67  	 31.74
2003	  10	  28	   1	 34.75  	 43.79  	 59.47  	 76.43  	 72.84  	 69.24  	 68.64  	 73.78  	 74.55  	 57.24  	 32.48
2003	  11	  24	   1	 46.80  	 61.31  	 75.81  	 85.20  	 80.68  	 75.56  	 73.77  	 79.82  	 79.31  	 71.46  	 32.28
2003	  12	  31	   1	 40.62  	 75.85  	 83.76  	 89.62  	 85.71  	 85.97  	 84.69  	 83.93  	 80.70  	 72.29  	 32.70
2004	   1	  30	   1	 39.95  	 69.37  	 73.17  	 83.56  	 79.42  	 82.55  	 79.76  	 83.00  	 77.19  	 66.46  	 32.89
2004	   2	  24	   1	 48.83  	 71.07  	 77.56  	 86.95  	 84.65  	 82.34  	 83.45  	 84.65  	 80.55  	 73.54  	 33.44
2004	   3	  10	   1	 37.62  	 68.72  	 79.42  	 88.26  	 86.14  	 85.71  	 84.86  	 85.29  	 80.10  	 72.46  	 33.42
2004	   4	   1	   1	 49.57  	 83.77  	 79.72  	 87.36  	 85.56  	 82.31  	 83.32  	 81.97  	 79.16  	 67.04  	 33.85
2004	   4	  15	   1	 34.43  	 72.05  	 74.87  	 84.91  	 80.85  	 83.89  	 84.00  	 82.54  	 77.92  	 66.31  	 32.98
2004	   4	  27	   1	 39.44  	 63.03  	 76.76  	 86.44  	 83.42  	 82.12  	 85.32  	 84.97  	 81.26  	 73.22  	 34.58
2004	   5	  10	   1	 21.27  	 60.23  	 69.95  	 81.36  	 80.11  	 77.18  	 80.00  	 81.24  	 78.76  	 65.09  	 33.34
2004	   5	  25	   1	 33.53  	 53.06  	 68.79  	 82.10  	 80.98  	 80.37  	 80.02  	 85.56  	 80.54  	 73.71  	 36.94
2004	   6	  16	   1	 42.57  	 53.75  	 60.92  	 75.70  	 76.84  	 75.36  	 77.86  	 81.84  	 77.98  	 66.03  	 33.87
2004	   6	  28	   1	 22.92  	 50.97  	 57.67  	 74.14  	 73.80  	 73.69  	 76.30  	 79.48  	 79.94  	 67.67  	 33.38
