# Station Name: Peoria
# Station Code: ICC
# Station Latitude: 40.700000
# Station Longitude: 89.520000
# Station Altitude: 207.000000
Year	  MO	  DY	 Sta	 0-10cm 	 10-30  	 30-50  	 50-70  	 70-90  	 90-110 	 110-130	 130-150	 150-170	 170-190	 190-200
1982	  10	  25	   8	 27.00  	 23.61  	 63.54  	 64.48  	 62.88  	 65.42  	 64.82  	 67.92  	 66.10  	 65.20  	 32.60
1982	  12	   4	   8	 61.62  	 65.98  	 80.62  	 75.16  	 70.97  	 71.16  	 73.59  	 73.24  	 73.00  	 72.47  	 36.23
1982	  12	  13	   8	 34.16  	 62.34  	 76.36  	 73.59  	 69.43  	 71.95  	 73.53  	 71.68  	 70.87  	 72.48  	 36.24
1982	  12	  27	   8	 45.48  	 67.04  	 77.66  	 73.01  	 73.40  	 74.65  	 71.93  	 73.30  	 72.01  	 72.41  	 36.20
1983	   1	  25	   8	 36.77  	 54.90  	 77.40  	 75.16  	 68.59  	 72.33  	 73.59  	 74.55  	 72.58  	 69.19  	 34.59
1983	   2	  22	   8	 43.27  	 62.47  	 79.45  	 76.93  	 72.13  	 72.01  	 73.37  	 74.54  	 71.24  	 72.05  	 36.03
1983	   3	  15	   8	 38.98  	 61.10  	 80.06  	 77.29  	 69.54  	 75.79  	 72.95  	 73.06  	 73.10  	 70.67  	 35.34
1983	   3	  28	   8	 52.80  	 67.57  	 83.11  	 78.00  	 72.43  	 78.65  	 73.38  	 74.74  	 74.10  	 73.69  	 36.84
1983	   4	  12	   8	 44.88  	 68.42  	 81.56  	 76.89  	 73.63  	 77.89  	 73.20  	 74.93  	 73.57  	 72.27  	 36.13
1983	   4	  29	   8	 35.42  	 52.33  	 78.27  	 75.24  	 70.75  	 77.94  	 72.55  	 74.45  	 71.24  	 71.55  	 35.77
1983	   5	  16	   8	 38.18  	 63.72  	 78.93  	 76.96  	 73.95  	 80.91  	 74.55  	 75.78  	 74.18  	 71.72  	 35.86
1983	   5	  31	   8	 30.29  	 35.20  	 74.80  	 71.73  	 71.47  	 77.42  	 71.64  	 72.36  	 69.52  	 70.68  	 35.34
1983	   6	  13	   8	 14.34  	  8.40  	 71.92  	 73.55  	 68.47  	 72.29  	 70.93  	 76.06  	 72.13  	 72.08  	 36.04
1983	   6	  27	   8	 11.46  	  4.21  	 60.84  	 68.99  	 65.26  	 69.45  	 67.31  	 72.20  	 69.40  	 68.17  	 34.09
1983	   7	  11	   8	 12.57  	  0.01  	 53.39  	 62.84  	 64.93  	 67.73  	 67.71  	 71.83  	 69.39  	 70.11  	 35.06
1983	   7	  26	   8	  8.13  	  0.00  	 46.95  	 52.69  	 61.25  	 64.68  	 62.56  	 65.34  	 66.74  	 65.20  	 32.60
1983	   8	  15	   8	  3.51  	  0.00  	 43.98  	 53.68  	 61.65  	 65.12  	 63.42  	 65.74  	 66.85  	 67.29  	 33.65
1983	   8	  29	   8	 22.80  	 19.06  	 44.08  	 53.43  	 60.63  	 66.11  	 62.99  	 67.10  	 68.80  	 64.36  	 32.18
1983	   9	  12	   8	 15.17  	 10.02  	 43.80  	 52.26  	 59.21  	 66.10  	 62.02  	 67.08  	 67.07  	 65.95  	 32.97
1983	   9	  27	   8	 33.84  	 55.51  	 74.89  	 68.61  	 63.20  	 66.66  	 66.84  	 67.00  	 67.69  	 67.49  	 33.75
1983	  10	  25	   8	 35.55  	 53.28  	 71.63  	 66.37  	 61.61  	 65.93  	 63.99  	 67.98  	 66.49  	 68.28  	 34.14
1983	  11	  29	   8	 85.76  	 72.95  	 86.75  	 93.51  	 85.51  	 87.58  	 83.58  	 89.92  	 87.44  	 83.99  	 41.79
1983	  12	  27	   8	999.99  	 80.25  	 67.88  	 88.26  	 77.94  	 84.73  	 84.73  	 82.83  	 81.47  	 81.88  	 38.83
1984	   2	   1	   8	999.99  	 86.84  	 62.21  	 85.88  	 77.31  	 77.72  	 82.89  	 84.93  	 82.89  	 77.58  	 38.65
1984	   3	   1	   8	 42.09  	 72.18  	 77.39  	 90.55  	 87.94  	 90.82  	 90.82  	 85.34  	 85.75  	 82.18  	 41.02
1984	   3	  14	   8	 44.55  	 63.77  	 75.68  	 88.00  	 80.11  	 84.82  	 84.68  	 84.68  	 84.26  	 81.35  	 41.02
1984	   3	  26	   8	 54.08  	 81.93  	 88.04  	 91.93  	 88.32  	 90.13  	 83.18  	 86.65  	 84.15  	 80.54  	 40.97
1984	   4	  16	   8	 51.43  	 84.36  	 86.87  	 95.81  	 86.59  	 90.78  	 83.38  	 86.73  	 84.78  	 84.92  	 41.90
1984	   4	  26	   8	 45.80  	 77.75  	 86.21  	 94.11  	 88.33  	 93.13  	 85.37  	 89.46  	 87.62  	 84.52  	 42.40
1984	   5	  14	   8	 39.08  	 59.31  	 80.83  	 87.95  	 82.64  	 87.81  	 85.02  	 88.23  	 87.67  	 83.48  	 41.39
1984	   5	  29	   8	 46.36  	 80.57  	 89.06  	 92.68  	 88.36  	 91.98  	 86.69  	 87.95  	 84.46  	 82.93  	 42.44
1984	   6	  12	   8	 38.05  	 54.38  	 86.22  	 88.78  	 89.20  	 92.05  	 86.50  	 88.78  	 85.65  	 83.95  	 43.61
1984	   6	  26	   8	 21.73  	 17.41  	 64.40  	 77.16  	 78.85  	 84.04  	 85.44  	 87.82  	 87.54  	 82.07  	 43.42
1984	   7	  17	   8	 27.33  	 10.21  	 59.77  	 62.34  	 75.48  	 82.90  	 79.33  	 89.33  	 89.76  	 83.47  	 44.16
1984	   7	  31	   8	 18.32  	  7.79  	 58.05  	 61.91  	 72.62  	 79.62  	 76.90  	 82.90  	 82.19  	 81.76  	 43.66
1984	   8	  17	   8	 10.82  	  1.25  	 53.84  	 58.89  	 68.72  	 77.24  	 79.41  	 79.84  	 81.57  	 82.01  	 42.01
1984	   8	  29	   8	 12.30  	  1.49  	 53.97  	 59.30  	 67.52  	 76.03  	 76.61  	 80.64  	 79.92  	 83.24  	 41.26
1984	   9	  12	   8	 25.54  	 30.82  	 56.68  	 60.27  	 67.02  	 76.64  	 75.20  	 78.65  	 81.09  	 79.51  	 40.55
1984	   9	  27	   8	 24.67  	 21.55  	 57.75  	 60.89  	 65.59  	 76.56  	 75.99  	 78.56  	 77.42  	 78.70  	 40.56
1984	  11	   1	   8	 54.02  	 84.84  	 94.74  	 92.62  	 87.67  	 91.34  	 89.50  	 89.50  	 85.54  	 83.00  	 42.42
1984	  11	  30	   8	 46.36  	 75.51  	 96.00  	 96.14  	 89.31  	 93.44  	 90.88  	 90.74  	 87.46  	 83.20  	 43.23
1984	  12	  31	   8	 58.39  	 85.16  	 94.14  	 91.05  	 88.38  	 91.61  	 90.07  	 88.38  	 85.16  	 81.23  	 42.58
1985	   2	   1	   8	 27.67  	 64.25  	 79.39  	 83.70  	 78.98  	 82.73  	 82.31  	 87.32  	 84.54  	 82.17  	 41.02
1985	   3	   1	   8	 63.02  	 84.50  	 93.29  	 90.64  	 86.45  	 91.48  	 88.82  	 90.08  	 84.92  	 81.15  	 41.90
1985	   3	  14	   8	 49.61  	 86.22  	 93.89  	 94.46  	 89.49  	 94.89  	 90.20  	 91.48  	 87.07  	 84.51  	 43.39
1985	   3	  26	   8	 46.04  	 68.38  	 86.92  	 88.48  	 81.26  	 92.02  	 90.18  	 90.61  	 85.51  	 82.82  	 43.96
1985	   4	  16	   8	 44.91  	 68.07  	 90.32  	 90.03  	 84.15  	 94.76  	 93.76  	 91.46  	 86.58  	 83.43  	 42.65
1985	   4	  30	   8	 19.89  	 34.23  	 83.41  	 86.97  	 80.41  	 85.97  	 87.40  	 90.11  	 87.11  	 83.12  	 42.99
1985	   5	  14	   8	 19.79  	 17.03  	 81.38  	 85.11  	 81.52  	 81.81  	 83.53  	 90.72  	 87.84  	 84.25  	 42.92
1985	   5	  28	   8	 25.36  	  8.89  	 68.82  	 78.66  	 76.95  	 82.08  	 83.08  	 90.79  	 84.94  	 84.80  	 42.61
1985	   6	  11	   8	 25.01  	 10.82  	 66.85  	 73.14  	 76.15  	 79.86  	 80.29  	 88.44  	 85.72  	 82.29  	 43.29
1985	   6	  25	   8	 21.55  	 32.37  	 71.66  	 68.92  	 73.38  	 77.70  	 80.72  	 85.90  	 85.76  	 83.60  	 42.74
1985	   7	  15	   8	 29.73  	 30.23  	 68.83  	 68.16  	 69.87  	 73.47  	 73.45  	 80.14  	 82.21  	 77.83  	 40.20
1985	   7	  30	   8	 13.32  	  7.88  	 66.17  	 69.04  	 74.48  	 78.49  	 79.64  	 82.36  	 84.65  	 81.21  	 42.11
1985	   8	  13	   8	 17.64  	  6.01  	 58.75  	 68.01  	 75.14  	 78.56  	 76.99  	 80.70  	 82.12  	 80.84  	 43.06
1985	   8	  27	   8	 28.28  	 44.08  	 75.04  	 70.92  	 74.33  	 78.44  	 74.75  	 78.73  	 79.72  	 79.86  	 42.84
1985	   9	  17	   8	 13.52  	 13.18  	 66.60  	 70.04  	 73.91  	 78.63  	 77.49  	 79.21  	 82.36  	 78.63  	 43.11
1985	  10	   2	   8	 33.21  	 21.25  	 62.48  	 64.57  	 70.20  	 70.04  	 71.82  	 74.28  	 75.04  	 74.66  	 39.96
1985	  10	   8	   8	 34.73  	 28.23  	 67.43  	 63.42  	 69.09  	 71.83  	 70.55  	 75.53 -	999.99 -	999.99 -	999.99
1985	  10	  29	   8	 34.15  	 54.56  	 82.01  	 81.16  	 72.25  	 78.61  	 74.93  	 79.74  	 79.74  	 79.74  	 41.85
1985	  12	   3	   8	 47.60  	 70.08  	 87.04  	 89.26  	 85.51  	 90.23  	 85.93  	 87.32  	 84.54  	 82.03  	 42.13
1985	  12	  30	   8	 49.32  	 73.28  	 71.61  	 86.52  	 79.41  	 83.03  	 82.48  	 86.94  	 84.01  	 84.15  	 41.66
1986	   1	  29	   8	 41.55  	 90.46  	 76.60  	 83.81  	 79.10  	 82.42  	 78.82  	 85.06  	 84.23  	 82.15  	 41.49
1986	   2	  26	   8	 41.65  	 81.46  	 76.93  	 83.11  	 76.66  	 78.03  	 75.97  	 80.36  	 83.11  	 79.95  	 41.14
1986	   3	  18	   8	 59.14  	 81.87  	 92.51  	 89.15  	 86.63  	 89.29  	 87.19  	 87.33  	 84.11  	 82.43  	 42.96
1986	   4	   2	   8	 31.87  	 48.27  	 81.92  	 85.16  	 81.07  	 84.31  	 89.10  	 89.24  	 84.73  	 82.48  	 43.14
1986	   4	  14	   8	 22.70  	 34.43  	 80.69  	 82.50  	 78.45  	 83.76  	 79.85  	 90.33  	 85.86  	 80.41  	 42.86
1986	   4	  29	   8	 12.47  	 11.98  	 73.00  	 81.46  	 80.19  	 82.16  	 79.06  	 84.98  	 84.84  	 82.87  	 42.98
1986	   5	  14	   8	 12.90  	  7.59  	 65.66  	 69.92  	 75.89  	 77.45  	 78.44  	 85.12  	 87.39  	 82.28  	 43.13
1986	   5	  27	   8	 20.57  	  8.41  	 60.19  	 66.29  	 73.80  	 79.05  	 77.78  	 83.74  	 82.74  	 85.15  	 43.92
1986	   6	  10	   8	 39.35  	 12.48  	 60.10  	 64.50  	 66.91  	 79.80  	 77.39  	 81.65  	 81.22  	 82.21  	 41.89
1986	   7	   1	   8	 29.63  	 17.77  	 62.74  	 63.02  	 68.27  	 79.62  	 75.79  	 81.61  	 80.19  	 82.03  	 41.87
1986	   7	  15	   8	 35.06  	 58.21  	 79.20  	 70.83  	 71.91  	 83.99  	 80.29  	 87.68  	 89.21  	 84.42  	 44.28
1986	   7	  29	   8	 17.62  	 20.04  	 77.23  	 70.07  	 72.89  	 82.88  	 80.81  	 84.94  	 85.16  	 85.05  	 44.21
1986	   8	  13	   8	999.99  	 12.21  	 69.82  	 66.98  	 69.97  	 80.49  	 77.79  	 80.35  	 81.92  	 81.20  	 42.31
1986	   8	  26	   8	 26.72  	 14.13  	 63.45  	 65.87  	 69.87  	 77.70  	 75.14  	 81.55  	 81.13  	 82.55  	 43.34
1986	   9	  16	   8	 22.54  	 15.21  	 62.48  	 65.77  	 69.05  	 77.33  	 76.19  	 82.19  	 80.76  	 79.33  	 42.59
1986	   9	  30	   8	 46.61  	 78.88  	 92.21  	 90.63  	 87.05  	 93.07  	 90.92  	 87.91  	 84.61  	 84.61  	 42.74
1986	  10	  29	   8	 46.44  	 77.47  	 88.61  	 90.02  	 88.75  	 92.70  	 88.89  	 87.34  	 83.67  	 80.29  	 42.05
1986	  12	   1	   8	 52.23  	 75.49  	 90.54  	 88.29  	 88.15  	 90.96  	 87.72  	 88.01  	 83.64  	 80.83  	 41.40
1986	  12	  30	   8	 46.36  	 67.24  	 85.65  	 85.51  	 81.83  	 85.79  	 89.61  	 89.76  	 83.53  	 82.39  	 43.25
1987	   1	  28	   8	 27.80  	 60.28  	 83.60  	 85.72  	 81.90  	 89.25  	 89.11  	 89.54  	 83.18  	 83.04  	 41.66
1987	   2	  25	   8	 38.76  	 63.45  	 84.34  	 85.05  	 79.83  	 85.76  	 89.00  	 90.84  	 84.34  	 82.93  	 43.72
1987	   3	  17	   8	 38.33  	 66.44  	 86.54  	 85.26  	 79.84  	 84.55  	 90.53  	 89.82  	 86.68  	 81.55  	 41.99
1987	   3	  31	   8	 43.96  	 67.19  	 86.89  	 85.90  	 79.52  	 84.48  	 90.15  	 88.31  	 84.06  	 82.36  	 41.89
1987	   4	  14	   8	 45.72  	 73.14  	 83.38  	 86.08  	 79.11  	 83.95  	 88.49  	 89.35  	 82.81  	 82.10  	 42.04
1987	   4	  28	   8	 24.02  	 37.10  	 82.34  	 83.77  	 77.79  	 81.77  	 81.20  	 90.17  	 85.76  	 84.48  	 42.31
1987	   5	  12	   8	 14.56  	 10.93  	 67.70  	 79.84  	 80.13  	 84.17  	 81.14  	 88.65  	 87.21  	 83.45  	 42.95
1987	   5	  26	   8	 30.37  	 20.00  	 64.61  	 76.12  	 77.41  	 80.15  	 77.41  	 83.89  	 86.62  	 83.75  	 43.10
1987	   6	  16	   8	 11.91  	  8.13  	 64.34  	 64.48  	 74.27  	 82.00  	 79.23  	 86.97  	 87.70  	 83.90  	 43.27
1987	   6	  30	   8	 24.39  	 20.81  	 62.79  	 66.68  	 73.00  	 81.05  	 77.75  	 84.50  	 84.36  	 82.06  	 43.26
1987	   7	  14	   8	 13.13  	  8.80  	 61.87  	 62.88  	 71.70  	 79.51  	 79.36  	 82.11  	 82.98  	 83.56  	 43.44
1987	   7	  29	   8	 16.82  	 10.61  	 59.10  	 60.97  	 62.71  	 77.57  	 75.41  	 80.31  	 80.75  	 81.03  	 42.68
1987	   8	  12	   8	 15.64  	 13.61  	 61.37  	 61.81  	 64.12  	 77.29  	 78.60  	 81.78  	 80.77  	 81.49  	 43.64
1987	   9	   2	   8	 21.15  	 34.33  	 61.50  	 63.22  	 66.68  	 78.18  	 76.31  	 82.20  	 79.47  	 81.20  	 43.19
1987	   9	  19	   8	 19.55  	 25.21  	 62.16  	 62.59  	 65.89  	 78.35  	 75.63  	 80.21  	 80.07  	 78.20  	 42.11
1987	   9	  29	   8	 23.87  	 16.60  	 62.56  	 61.41  	 68.17  	 77.79  	 76.93  	 81.95  	 80.23  	 79.94  	 41.91
1987	  10	  27	   8	 21.66  	 15.45  	 61.41  	 62.28  	 67.45  	 78.22  	 76.21  	 80.66  	 79.22  	 79.37  	 42.56
1987	  12	   1	   8	 35.85  	 57.81  	 66.36  	 63.79  	 69.20  	 78.32  	 75.61  	 81.02  	 80.03  	 78.17  	 40.94
1987	  12	  28	   8	 50.30  	 84.66  	 91.05  	 89.63  	 84.37  	 89.20  	 87.36  	 85.22  	 83.52  	 80.68  	 42.04
1988	   1	  27	   8	 42.87  	 66.75  	 77.98  	 83.09  	 79.11  	 83.38  	 78.69  	 86.50  	 83.23  	 81.81  	 42.68
1988	   3	   2	   8	 40.43  	 77.99  	 84.55  	 85.40  	 77.85  	 82.12  	 78.56  	 86.83  	 82.98  	 82.84  	 42.84
1988	   3	  14	   8	 39.85  	 64.93  	 86.29  	 85.29  	 79.17  	 82.45  	 79.74  	 84.01  	 81.45  	 84.30  	 41.08
1988	   3	  30	   8	 47.31  	 77.53  	 90.55  	 91.12  	 85.54  	 90.41  	 86.40  	 88.55  	 85.69  	 83.11  	 43.56
1988	   4	  13	   8	 44.34  	 66.27  	 85.19  	 86.90  	 85.47  	 89.17  	 88.18  	 88.03  	 85.76  	 83.20  	 43.02
1988	   4	  26	   8	 35.26  	 48.71  	 83.63  	 86.09  	 80.89  	 85.80  	 83.34  	 88.83  	 85.36  	 82.91  	 44.49
1988	   5	  18	   8	 12.64  	 13.04  	 66.60  	 81.64  	 77.77  	 81.93  	 78.63  	 84.22  	 83.93  	 81.78  	 42.32
1988	   6	   2	   8	  9.85  	  9.11  	 60.02  	 74.46  	 75.77  	 82.34  	 79.86  	 85.69  	 86.13  	 85.69  	 43.65
1988	   6	  14	   8	 10.43  	  7.69  	 56.71  	 67.23  	 72.71  	 81.94  	 77.33  	 80.79  	 80.07  	 82.23  	 43.28
1988	   6	  28	   8	  9.27  	  5.08  	 54.38  	 62.97  	 71.26  	 80.42  	 79.25  	 82.16  	 82.60  	 82.75  	 43.05
1988	   7	  13	   8	  9.84  	  4.70  	 52.26  	 60.38  	 73.00  	 79.96  	 78.95  	 82.28  	 80.54  	 79.67  	 42.52
1988	   7	  26	   8	  9.51  	 39.37  	 62.24  	 67.89  	 75.56  	 79.47  	 78.45  	 82.65  	 79.76  	 81.20  	 42.77
1988	   8	   3	   8	 35.27  	 52.74  	 68.22  	 66.37  	 74.47  	 81.00  	 85.83  	 85.69  	 83.84  	 83.56  	 41.71
1988	   8	  16	   8	 12.97  	 23.94  	 62.15  	 68.11  	 75.23  	 78.43  	 80.90  	 81.48  	 82.78  	 82.20  	 43.35
1988	   8	  31	   8	 14.44  	  3.10  	 55.06  	 65.59  	 71.51  	 78.58  	 76.13  	 82.33  	 81.03  	 80.17  	 42.32
1988	   9	  14	   8	 12.12  	  3.45  	 52.95  	 62.59  	 62.59  	 78.50  	 76.60  	 82.44  	 82.44  	 81.86  	 42.61
1988	   9	  29	   8	 14.15  	  5.02  	 51.90  	 64.24  	 62.65  	 77.60  	 77.02  	 81.66  	 80.65  	 79.34  	 39.67
1988	  11	   2	   8	 17.21  	 10.21  	 51.48  	 64.05  	 63.34  	 75.19  	 75.05  	 80.76  	 78.62  	 77.76  	 43.16
1988	  11	  30	   8	 35.91  	 66.14  	 84.29  	 83.29  	 73.57  	 77.43  	 76.15  	 78.58  	 79.29  	 80.43  	 42.00
1988	  12	  27	   8	 25.36  	 71.96  	 87.42  	 86.15  	 80.19  	 81.04  	 78.06  	 85.44  	 83.17  	 80.61  	 41.37
1989	   1	  26	   8	 40.98  	 71.08  	 87.49  	 88.35  	 82.16  	 83.75  	 76.55  	 82.45  	 85.18  	 83.46  	 42.23
1989	   2	  27	   8	 23.99  	 58.02  	 82.06  	 85.19  	 75.51  	 78.36  	 74.09  	 80.07  	 80.92  	 82.06  	 41.38
1989	   3	  14	   8	 43.95  	 71.18  	 86.12  	 88.42  	 85.98  	 89.28  	 87.12  	 82.67  	 83.39  	 85.98  	 42.48
1989	   3	  27	   8	 38.68  	 59.61  	 85.62  	 87.49  	 82.15  	 84.89  	 82.15  	 85.76  	 84.32  	 80.27  	 43.68
1989	   4	  11	   8	 43.78  	 71.22  	 89.26  	 89.84  	 86.95  	 90.99  	 87.82  	 89.98  	 84.50  	 82.48  	 42.97
1989	   4	  24	   8	 39.28 -	999.99 -	999.99 -	999.99 -	999.99 -	999.99 -	999.99 -	999.99 -	999.99 -	999.99 -	999.99
1989	   5	  18	   8	 30.10  	 48.34  	 80.57  	 83.09  	 78.47  	 82.53  	 86.45  	 84.35  	 82.39  	 80.99  	 40.98
1989	   5	  30	   8	 22.70  	 41.20  	 78.76  	 85.19  	 81.62  	 83.47  	 83.62  	 86.90  	 84.04  	 83.62  	 43.66
1989	   6	  14	   8	 16.74  	 21.17  	 70.96  	 79.36  	 79.78  	 84.90  	 86.47  	 86.61  	 85.47  	 83.91  	 42.31
1989	   6	  27	   8	 16.48  	 14.32  	 64.06  	 73.29  	 75.02  	 80.93  	 78.91  	 85.40  	 85.83  	 83.24  	 42.84
1989	   7	  12	   8	 10.47  	 16.65  	 62.82  	 62.82  	 76.43  	 82.22  	 80.33  	 86.99  	 87.14  	 83.66  	 44.15
1989	   8	   2	   8	 13.20  	 31.09  	 66.33  	 73.15  	 76.48  	 83.59  	 88.95  	 87.79  	 86.92  	 84.75  	 43.17
1989	   8	  14	   8	  9.04  	  5.46  	 60.15  	 71.95  	 76.55  	 80.15  	 77.70  	 82.16  	 79.14  	 82.31  	 43.60
1989	   8	  29	   8	 33.50  	 49.86  	 72.95  	 73.10  	 75.55  	 78.58  	 77.28  	 81.90  	 80.75  	 82.04  	 43.84
1989	   9	  19	   8	 37.81  	 61.23  	 84.24  	 89.16  	 82.36  	 86.56  	 86.27  	 86.99  	 85.26  	 85.54  	 43.79
1989	  10	   2	   8	 19.04  	 34.20  	 79.05  	 85.44  	 80.94  	 83.84  	 79.48  	 85.00  	 86.16  	 83.84  	 44.10
1989	  10	  30	   8	 17.05  	 19.83  	 71.21  	 79.92  	 76.29  	 81.23  	 77.31  	 82.24  	 82.53  	 83.98  	 42.94
1989	  11	  29	   8	 22.38  	 23.88  	 68.49  	 79.14  	 76.41  	 77.70  	 77.70  	 80.15  	 82.02  	 83.46  	 43.17
1990	   1	   3	   8	 32.09  	 34.96  	 68.35  	 79.28  	 74.97  	 80.00  	 76.41  	 80.44  	 79.28  	 80.15  	 42.02
1990	   1	  29	   8	 40.04  	 67.90  	 84.93  	 86.52  	 82.77  	 91.43  	 86.37  	 88.25  	 86.09  	 81.47  	 42.32
1990	   2	  26	   8	 49.26  	 72.95  	 88.08  	 89.93  	 84.80  	 91.50  	 83.51  	 86.51  	 85.22  	 81.80  	 42.75
1990	   3	  15	   8	 49.98  	 83.98  	 88.54  	 89.96  	 87.82  	 94.10  	 87.97  	 87.82  	 85.26  	 83.83  	 42.42
1990	   3	  26	   8	 39.67  	 67.14  	 87.01  	 90.58  	 87.30  	 93.01  	 87.15  	 89.44  	 85.72  	 83.86  	 42.79
1990	   4	  18	   8	 39.65  	 64.31  	 84.51  	 86.37  	 82.36  	 84.65  	 87.51  	 87.94  	 87.23  	 85.37  	 43.26
1990	   5	   1	   8	 36.54  	 57.07  	 80.82  	 84.40  	 80.97  	 83.97  	 84.97  	 87.40  	 86.69  	 83.11  	 42.49
1990	   5	  16	   8	 45.32  	 79.04  	 88.53  	 90.97  	 88.53  	 94.71  	 89.39  	 87.09  	 85.80  	 84.50  	 42.90
1990	   5	  29	   8	 41.41  	 71.57  	 87.19  	 91.49  	 87.91  	 93.50  	 89.63  	 88.20  	 86.19  	 83.90  	 42.66
1990	   6	  14	   8	 45.08  	 73.76  	 86.15  	 88.14  	 87.86  	 94.27  	 86.15  	 89.71  	 85.44  	 83.16  	 42.22
1990	   6	  26	   8	 38.15  	 63.28  	 85.18  	 91.13  	 88.66  	 94.32  	 90.98  	 89.10  	 87.50  	 85.76  	 43.61
1990	   7	  18	   8	 34.12  	 57.94  	 84.09  	 88.16  	 83.22  	 87.72  	 88.74  	 91.07  	 87.14  	 82.35  	 43.43
1990	   8	   2	   8	 25.80  	 75.16  	 79.92  	 78.62  	 77.33  	 77.04  	 78.91  	 62.91  	 74.73  	 58.44  	 34.99
1990	   8	  13	   8	 31.02  	 71.03  	 78.68  	 76.23  	 76.80  	 76.52  	 77.24  	 61.78  	 75.36  	 57.74  	 33.49
1990	   8	  27	   8	 28.43  	 67.74  	 75.56  	 76.86  	 76.14  	 76.72  	 77.58  	 62.97  	 75.27  	 56.45  	 33.00
1990	   9	  12	   8	 18.77  	 62.21  	 73.68  	 74.84  	 78.76  	 78.61  	 79.34  	 61.19  	 72.81  	 54.52  	 32.85
1990	   9	  26	   8	 19.85  	 60.38  	 71.70  	 74.74  	 75.32  	 78.22  	 78.08  	 61.40  	 72.71  	 51.25  	 31.93
1990	  10	  30	   8	 21.09  	 74.59  	 82.11  	 73.72  	 76.04  	 76.04  	 82.69  	 61.14  	 73.29  	 58.11  	 34.40
1990	  11	  29	   8	 34.09  	 78.12  	 83.71  	 82.42  	 87.88  	 84.15  	 79.84  	 63.91  	 74.24  	 60.04  	 34.97
1990	  12	  27	   8	 32.77  	 70.89  	 79.20  	 78.92  	 78.64  	 78.78  	 78.07  	 82.87  	 75.11  	 61.73  	 34.10
1991	   1	  28	   8	 42.16  	 71.21  	 75.88  	 75.88  	 74.75  	 76.02  	 75.46  	 65.54  	 74.32  	 57.76  	 33.62
1991	   2	  25	   8	 38.35  	 76.40  	 83.43  	 79.12  	 75.82  	 78.12  	 78.26  	 64.63  	 72.81  	 57.60  	 34.04
1991	   3	  11	   8	 31.71  	 75.83  	 82.31  	 79.14  	 78.42  	 78.13  	 79.28  	 66.62  	 76.12  	 60.43  	 35.33
1991	   3	  25	   8	 32.64  	 79.24  	 83.71  	 81.69  	 82.84  	 85.72  	 80.40  	 69.30  	 77.37  	 62.25  	 34.72
1991	   4	  15	   8	 36.90  	 81.07  	 84.65  	 80.78  	 86.51  	 84.65  	 82.64  	 70.47  	 77.35  	 64.03  	 34.81
1991	   4	  29	   8	 31.95  	 73.29  	 80.29  	 82.19  	 79.42  	 81.32  	 78.25  	 69.06  	 79.86  	 63.81  	 35.92
1991	   5	  17	   8	 33.48  	 72.28  	 81.22  	 82.66  	 81.65  	 79.92  	 79.63  	 67.67  	 76.32  	 63.49  	 35.06
1991	   5	  28	   8	 30.53  	 76.27  	 86.83  	 84.34  	 91.96  	 88.44  	 82.28  	 69.97  	 78.62  	 63.82  	 36.52
1991	   6	  10	   8	 17.40  	 51.61  	 73.64  	 78.37  	 82.81  	 81.63  	 76.60  	 68.91  	 76.89  	 61.66  	 38.15
1991	   6	  25	   8	 14.37  	 45.41  	 70.15  	 77.81  	 79.87  	 80.46  	 79.14  	 69.12  	 76.78  	 64.26  	 37.07
1991	   7	  15	   8	 16.24  	 44.99  	 65.89  	 74.07  	 79.04  	 79.77  	 78.46  	 66.03  	 75.10  	 58.58  	 33.89
1991	   7	  29	   8	 16.33  	 32.63  	 46.02  	 64.07  	 74.55  	 77.03  	 78.48  	 66.55  	 74.55  	 52.13  	 32.40
1991	   8	  14	   8	 18.19  	 46.89  	 52.72  	 62.76  	 73.53  	 76.30  	 78.48  	 63.78  	 74.84  	 47.91  	 29.42
1991	   8	  28	   8	 13.11  	 32.98  	 44.31  	 58.29  	 70.06  	 78.00  	 79.62  	 66.23  	 72.12  	 46.22  	 29.00
1991	   9	  16	   8	 30.26  	 58.81  	 55.15  	 58.96  	 70.22  	 76.07  	 76.07  	 65.69  	 68.32  	 43.16  	 27.06
1991	   9	  30	   8	 14.27  	 48.13  	 51.64  	 58.50  	 68.28  	 73.97  	 77.33  	 62.88  	 69.59  	 43.31  	 27.06
1991	  10	  28	   8	 36.74  	 76.52  	 81.43  	 77.24  	 73.05  	 75.22  	 76.95  	 70.59  	 71.17  	 44.88  	 26.92
1991	  12	   4	   8	 33.11  	 78.84  	 83.55  	 81.55  	 84.69  	 83.12  	 81.41  	 69.15  	 75.99  	 59.46  	 33.58
1992	   1	   2	   8	 43.13  	 75.12  	 82.91  	 78.73  	 83.34  	 86.95  	 82.33  	 71.65  	 75.41  	 59.96  	 32.94
1992	   1	  29	   8	 34.87  	 75.28  	 85.15  	 81.66  	 81.08  	 79.19  	 80.94  	 69.90  	 76.58  	 58.44  	 34.59
1992	   2	  26	   8	 38.41  	 80.00  	 82.03  	 87.54  	 84.35  	 85.51  	 81.02  	 66.82  	 76.96  	 63.05  	 33.84
1992	   3	  17	   8	 34.49  	 77.86  	 85.00  	 82.08  	 80.92  	 81.50  	 79.75  	 69.84  	 77.57  	 62.41  	 35.07
1992	   4	   1	   8	 35.42  	 77.69  	 84.93  	 81.45  	 80.44  	 82.03  	 78.26  	 68.70  	 78.26  	 61.02  	 34.93
1992	   4	  16	   8	 40.98  	 77.62  	 83.76  	 84.19  	 79.96  	 79.38  	 80.11  	 73.39  	 79.67  	 62.29  	 35.31
1992	   5	   1	   8	 26.24  	 74.58  	 79.45  	 84.18  	 79.75  	 82.11  	 80.78  	 67.49  	 77.97  	 65.42  	 34.78
1992	   5	  13	   8	 19.62  	 44.43  	 66.08  	 75.08  	 77.55  	 77.99  	 77.12  	 65.06  	 76.97  	 61.72  	 35.22
1992	   5	  28	   8	 14.68  	 41.00  	 55.69  	 72.42  	 76.20  	 77.80  	 77.22  	 67.04  	 73.87  	 62.53  	 34.32
1992	   6	  11	   8	 13.64  	 38.94  	 48.79  	 70.26  	 77.90  	 78.78  	 80.40  	 82.46  	 75.55  	 60.26  	 34.98
1992	   6	  30	   8	 13.32  	 27.57  	 45.78  	 63.26  	 77.06  	 76.77  	 78.97  	 64.43  	 75.45  	 56.36  	 33.91
1992	   7	  15	   8	 36.96  	 73.73  	 79.29  	 74.02  	 76.95  	 79.29  	 79.00  	 66.13  	 75.93  	 59.54  	 33.72
1992	   7	  29	   8	 30.69  	 73.49  	 80.38  	 80.23  	 79.94  	 79.65  	 79.50  	 68.07  	 75.10  	 59.57  	 35.21
1992	   8	  13	   8	 21.47  	 55.87  	 77.08  	 79.43  	 80.76  	 80.91  	 80.32  	 68.09  	 76.19  	 61.02  	 35.59
1992	   8	  25	   8	 16.13  	 43.56  	 67.30  	 74.82  	 77.33  	 79.10  	 79.83  	 65.68  	 75.56  	 59.04  	 33.72
1992	   9	  17	   8	 27.77  	 73.15  	 79.49  	 79.05  	 77.72  	 81.86  	 79.20  	 65.77  	 75.21  	 57.80  	 32.81
1992	   9	  30	   8	 26.98  	 72.03  	 78.73  	 78.00  	 74.65  	 78.59  	 77.86  	 66.78  	 75.96  	 55.42  	 32.95
1992	  10	  29	   8	 23.46  	 58.37  	 71.10  	 75.49  	 75.63  	 75.49  	 77.54  	 64.66  	 74.61  	 52.52  	 32.48
1992	  12	   2	   8	 36.22  	 77.26  	 82.64  	 81.04  	 83.51  	 84.67  	 79.44  	 69.13  	 77.26  	 60.12  	 34.93
1992	  12	  29	   8	 42.51  	 79.27  	 83.28  	 80.70  	 82.14  	 81.13  	 79.41  	 69.08  	 75.68  	 60.04  	 34.25
1993	   1	  26	   8	 39.92  	 77.21  	 84.17  	 83.15  	 87.65  	 87.65  	 81.27  	 70.68  	 78.80  	 61.11  	 35.12
1993	   2	  24	   8	 20.44  	 76.13  	 83.95  	 78.97  	 80.39  	 80.96  	 75.84  	 69.02  	 74.42  	 60.07  	 34.44
1993	   3	  16	   8	 46.20  	 76.74  	 78.75  	 79.47  	 84.50  	 82.20  	 82.20  	 67.25  	 77.17  	 58.48  	 33.84
1993	   3	  30	   8	 34.49  	 77.67  	 84.82  	 80.15  	 80.88  	 84.67  	 80.29  	 69.21  	 77.09  	 63.67  	 35.55
1993	   4	  16	   8	 45.64  	 80.23  	 82.42  	 86.05  	 85.47  	 87.51  	 82.71  	 69.31  	 74.84  	 64.51  	 34.95
1993	   4	  28	   8	 28.57  	 72.42  	 82.77  	 82.63  	 83.94  	 82.48  	 81.90  	 70.08  	 77.81  	 63.96  	 35.26
1993	   5	  12	   8	 21.56  	 54.98  	 76.04  	 79.14  	 79.14  	 82.53  	 80.91  	 69.42  	 77.81  	 64.11  	 36.03
1993	   5	  26	   8	 30.21  	 67.67  	 77.06  	 77.95  	 82.06  	 81.76  	 79.27  	 69.28  	 80.00  	 65.61  	 35.52
1993	   6	  15	   8	 26.52  	 70.08  	 80.32  	 79.29  	 79.88  	 80.61  	 79.44  	 67.88  	 77.24  	 64.08  	 35.84
1993	   6	  30	   8	 31.56  	 71.61  	 78.67  	 78.09  	 80.54  	 79.53  	 76.79  	 66.86  	 74.63  	 62.25  	 35.37
1993	   7	  13	   8	 28.33  	 76.04  	 81.64  	 82.82  	 82.82  	 80.91  	 78.84  	 66.62  	 77.81  	 64.11  	 36.25
1993	   7	  28	   8	 29.61  	 77.86  	 84.04  	 82.42  	 83.89  	 84.18  	 84.33  	 71.24  	 77.86  	 63.44  	 36.65
1993	   8	  17	   8	 40.76  	 81.01  	 87.16  	 84.81  	 88.62  	 85.25  	 81.88  	 69.00  	 77.05  	 64.61  	 35.45
1993	   9	   1	   8	 34.90  	 72.32  	 82.43  	 80.09  	 81.70  	 80.23  	 80.23  	 68.95  	 76.86  	 63.08  	 36.09
1993	   9	  16	   8	 40.04  	 77.67  	 85.69  	 83.79  	 84.67  	 81.02  	 81.90  	 71.25  	 75.63  	 63.81  	 35.77
1993	   9	  28	   8	 31.72  	 69.83  	 81.80  	 82.66  	 81.65  	 82.23  	 80.93  	 68.68  	 76.17  	 63.34  	 35.64
1993	  10	  27	   8	 27.97  	 69.27  	 82.64  	 81.62  	 80.90  	 81.48  	 79.88  	 68.98  	 77.99  	 63.90  	 36.74
1993	  11	  30	   8	 38.69  	 66.40  	 84.46  	 82.29  	 82.01  	 80.13  	 79.84  	 68.86  	 74.20  	 61.64  	 34.65
1993	  12	  28	   8	 33.21  	 67.26  	 80.21  	 80.78  	 79.78  	 77.22  	 77.79  	 67.12  	 72.95  	 62.85  	 34.70
1994	   1	  26	   8	 37.85  	 82.44  	 79.43  	 75.00  	 74.14  	 78.43  	 76.86  	 67.71  	 72.14  	 60.85  	 33.28
1994	   3	   1	   8	 31.77  	 64.43  	 78.22  	 76.35  	 75.20  	 78.79  	 79.51  	 68.74  	 74.63  	 60.12  	 34.08
1994	   3	  16	   8	 34.04  	 64.86  	 82.82  	 81.24  	 78.94  	 80.09  	 80.09  	 69.17  	 73.62  	 62.99  	 34.44
1994	   3	  30	   8	 31.67  	 59.26  	 78.21  	 78.21  	 78.06  	 77.19  	 79.51  	 68.81  	 74.30  	 69.96  	 34.77
1994	   4	  13	   8	 39.83  	 69.19  	 82.36  	 80.19  	 84.82  	 82.65  	 81.49  	 72.23  	 75.56  	 62.82  	 35.25
1994	   4	  27	   8	 20.64  	 48.86  	 77.13  	 78.73  	 78.88  	 81.50  	 78.30  	 67.22  	 74.51  	 64.01  	 35.29
1994	   5	  17	   8	 23.79  	 54.02  	 76.25  	 79.15  	 78.13  	 80.31  	 77.70  	 70.87  	 74.94  	 64.04  	 35.22
1994	   6	   1	   8	 13.46  	 32.22  	 65.94  	 75.29  	 78.94  	 77.92  	 79.23  	 70.18  	 75.58  	 61.27  	 35.09
1994	   6	  15	   8	 13.36  	 26.41  	 52.48  	 71.48  	 81.64  	 79.29  	 79.73  	 69.27  	 76.19  	 59.99  	 33.60
1994	   6	  28	   8	 17.59  	  7.08  	 17.23  	 68.00  	 77.86  	 77.71  	 78.89  	 68.88  	 76.68  	 56.81  	 28.78
1994	   7	  12	   8	 13.93  	 37.43  	 47.76  	 65.77  	 79.05  	 77.28  	 78.61  	 75.36  	 78.76  	 51.01  	 30.30
1994	   7	  27	   8	 14.76  	 63.02  	 64.33  	 69.42  	 75.52  	 76.97  	 76.39  	 73.19  	 75.66  	 47.33  	 28.90
1994	   8	  17	   8	 19.46  	 64.97  	 72.95  	 74.26  	 75.57  	 72.37  	 77.31  	 70.34  	 75.13  	 45.08  	 27.91
1994	   8	  31	   8	 35.41  	 76.43  	 77.73  	 79.76  	 74.98  	 75.12  	 74.98  	 69.19  	 71.36  	 42.41  	 28.44
1994	   9	  15	   8	 18.05  	 56.42  	 71.24  	 75.05  	 73.29  	 76.52  	 75.64  	 70.36  	 72.27  	 41.02  	 27.77
1994	   9	  28	   8	 32.80  	 48.71  	 58.25  	 68.52  	 68.37  	 74.16  	 75.17  	 69.24  	 68.66  	 40.18  	 27.03
1994	  10	  26	   8	 20.25  	 44.92  	 53.10  	 66.67  	 68.57  	 75.87  	 77.77  	 67.26  	 69.89  	 37.77  	 28.01
1994	  11	  30	   8	 40.65  	 76.22  	 83.13  	 81.12  	 77.37  	 78.23  	 75.79  	 70.02  	 75.21  	 54.61  	 29.39
1994	  12	  28	   8	 33.49  	 75.08  	 80.61  	 77.92  	 75.65  	 76.64  	 75.79  	 70.40  	 73.24  	 55.50  	 31.23
1995	   1	  31	   8	 46.20  	 83.74  	 87.39  	 80.73  	 84.06  	 80.95  	 75.79  	 75.47  	 79.01  	 61.73  	 33.98
1995	   2	  27	   8	 43.86  	 80.80  	 84.65  	 78.35  	 79.63  	 78.35  	 76.42  	 73.75  	 78.67  	 61.13  	 34.04
1995	   3	  13	   8	 42.24  	 80.48  	 85.00  	 81.21  	 81.94  	 81.50  	 81.36  	 78.15  	 81.94  	 66.35  	 33.32
1995	   3	  31	   8	 40.00  	 79.29  	 82.58  	 80.86  	 80.15  	 79.29  	 78.15  	 72.43  	 77.86  	 64.71  	 33.07
1995	   4	  12	   8	 54.04  	 86.02  	 84.27  	 83.69  	 87.32  	 85.15  	 80.21  	 77.89  	 82.82  	 65.69  	 34.01
1995	   4	  25	   8	 36.12  	 79.82  	 85.18  	 82.57  	 83.73  	 79.96  	 80.98  	 74.60  	 81.99  	 64.88  	 33.17
1995	   5	  16	   8	 48.45  	 78.15  	 88.11  	 85.04  	 90.19  	 90.30  	 83.62  	 78.04  	 84.06  	 67.20  	 35.24
1995	   5	  31	   8	 35.75  	 77.71  	 87.67  	 84.82  	 90.74  	 90.74  	 84.71  	 80.45  	 84.39  	 65.67  	 34.53
1995	   6	  20	   8	 16.30  	 48.57  	 67.51  	 76.11  	 80.92  	 80.77  	 78.30  	 75.53  	 81.79  	 69.41  	 33.97
1995	   6	  28	   8	 25.65  	 55.37  	 59.43  	 75.95  	 81.02  	 80.29  	 77.54  	 71.60  	 79.57  	 66.96  	 33.41
1995	   7	  12	   8	 17.62  	 74.47  	 79.92  	 81.98  	 80.80  	 83.15  	 78.89  	 75.36  	 83.45  	 70.65  	 34.51
1995	   8	   3	   8	 35.64  	 68.48  	 70.93  	 72.81  	 77.86  	 79.88  	 76.71  	 72.52  	 77.57  	 65.30  	 33.01
1995	   8	  14	   8	 22.02  	 66.95  	 72.18  	 77.12  	 78.28  	 79.59  	 77.26  	 74.07  	 78.13  	 58.96  	 33.69
1995	   8	  28	   8	 17.78  	 44.84  	 59.04  	 72.81  	 75.00  	 78.22  	 76.32  	 71.63  	 76.32  	 48.79  	 30.77
1995	   9	  18	   8	 13.98  	 39.92  	 49.74  	 66.75  	 74.52  	 75.39  	 77.15  	 71.58  	 71.29  	 41.10  	 29.34
1995	   9	  29	   8	 17.36  	 45.22  	 52.64  	 65.87  	 71.98  	 76.78  	 74.75  	 69.51  	 69.95  	 39.84  	 29.08
1995	  10	  31	   8	 40.35  	 72.20  	 86.33  	 83.26  	 81.84  	 80.85  	 77.35  	 72.42  	 69.90  	 41.63  	 30.62
1995	  11	  29	   8	 33.07  	 74.81  	 80.66  	 75.38  	 79.94  	 76.23  	 75.38  	 73.10  	 71.10  	 49.13  	 33.48
1996	   1	   3	   8	 29.91  	 67.18  	 80.49  	 76.13  	 78.20  	 78.20  	 77.33  	 72.75  	 77.22  	 45.37  	 30.32
1996	   1	  30	   8	 49.39  	 74.28  	 80.41  	 75.28  	 79.13  	 76.42  	 75.85  	 70.44  	 73.29  	 46.20  	 31.44
1996	   2	  27	   8	 42.35  	 81.19  	 87.53  	 81.30  	 82.61  	 82.50  	 78.57  	 72.45  	 75.95  	 49.73  	 30.16
1996	   3	  15	   8	 40.63  	 78.88  	 82.03  	 78.45  	 78.16  	 77.16  	 74.86  	 69.99  	 75.29  	 54.36  	 30.62
1996	   3	  26	   8	 35.01  	 77.57  	 84.96  	 82.25  	 80.18  	 78.87  	 78.33  	 73.11  	 76.70  	 53.21  	 31.39
1996	   4	  11	   8	 24.45  	 74.54  	 79.61  	 78.60  	 76.43  	 77.44  	 77.87  	 71.79  	 75.12  	 52.98  	 29.96
1996	   4	  27	   8	 31.45  	 74.69  	 83.59  	 81.83  	 78.97  	 79.85  	 78.75  	 73.70  	 76.44  	 54.03  	 32.78
1996	   5	  15	   8	 41.20  	 80.02  	 88.69  	 84.96  	 83.75  	 83.64  	 79.04  	 76.07  	 84.30  	 62.47  	 34.42
1996	   5	  28	   8	 47.32  	 84.93  	 87.01  	 83.73  	 91.94  	 88.66  	 83.29  	 77.71  	 83.95  	 62.60  	 34.20
1996	   6	  12	   8	 31.56  	 74.89  	 82.31  	 80.56  	 81.44  	 83.04  	 80.13  	 77.07  	 82.02  	 62.53  	 32.86
1996	   6	  27	   8	 23.14  	 61.86  	 80.47  	 82.36  	 83.81  	 84.14  	 81.47  	 78.24  	 82.69  	 67.21  	 35.50
1996	   7	  16	   8	 17.62  	 43.44  	 54.58  	 68.21  	 78.33  	 80.53  	 77.30  	 73.93  	 77.45  	 60.44  	 33.89
1996	   7	  30	   8	 39.10  	 79.46  	 85.26  	 79.57  	 82.63  	 80.45  	 80.34  	 75.52  	 80.12  	 62.27  	 34.37
1996	   8	  14	   8	 16.98  	 50.99  	 67.28  	 71.39  	 75.06  	 78.43  	 78.58  	 74.17  	 78.43  	 52.61  	 31.88
1996	   8	  28	   8	  0.00 -	999.99 -	999.99 -	999.99 -	999.99 -	999.99 -	999.99 -	999.99 -	999.99 -	999.99 -	999.99
1996	   9	  11	   8	 19.20  	 50.18  	 57.64  	 61.88  	 69.64  	 76.22  	 80.75  	 77.10  	 63.35  	 54.28  	 25.24
1996	  10	   1	   8	 24.12  	 66.94  	 63.17  	 61.18  	 70.49  	 76.81  	 80.35  	 78.25  	 60.96  	 53.64  	 24.66
1996	  10	  29	   8	 27.12  	 66.93  	 67.50  	 61.19  	 67.93  	 75.25  	 76.83  	 75.11  	 56.16  	 50.14  	 23.20
1996	  12	   3	   8	 36.55  	 74.59  	 79.34  	 78.59  	 74.59  	 76.10  	 77.51  	 75.78  	 57.07  	 50.04  	 23.72
1997	   1	   6	   8	 34.02  	 72.81  	 77.08  	 76.65  	 72.67  	 73.10  	 75.23  	 75.09  	 55.45  	 45.35  	 23.67
1997	   1	  29	   8	 48.47  	 68.92  	 79.23  	 75.47  	 78.58  	 77.51  	 79.87  	 76.54  	 66.56  	 47.99  	 24.58
1997	   2	  25	   8	 46.86  	 74.82  	 78.26  	 76.68  	 77.69  	 78.41  	 78.26  	 77.69  	 66.07  	 57.60  	 26.50
1997	   3	  11	   8	 38.46  	 76.66  	 84.11  	 83.56  	 81.59  	 84.11  	 84.22  	 84.22  	 92.44  	 74.68  	 30.16
1997	   3	  27	   8	 33.56  	 74.93  	 78.55  	 78.84  	 78.41  	 78.84  	 81.60  	 79.13  	 85.94  	 70.59  	 30.08
1997	   4	  14	   8	 44.11  	 80.90  	 87.50  	 89.78  	 92.97  	 93.76  	101.39  	 97.98  	 98.43  	 77.71  	 34.18
1997	   4	  28	   8	 27.80  	 69.49  	 76.42  	 78.73  	 79.88  	 82.04  	 83.20  	 89.12  	 88.11  	 70.36  	 30.05
1997	   5	  12	   8	 21.02  	 64.95  	 77.46  	 79.09  	 78.44  	 81.81  	 81.92  	 80.29  	 75.28  	 73.44  	 31.44
1997	   5	  27	   8	 41.73  	 69.65  	 77.29  	 77.19  	 79.59  	 79.37  	 82.86  	 80.46  	 76.09  	 72.38  	 31.33
1997	   6	  11	   8	 32.92  	 68.50  	 77.54  	 78.41  	 77.32  	 80.37  	 82.43  	 79.82  	 75.36  	 74.16  	 31.15
1997	   6	  26	   8	 16.55  	 46.23  	 71.07  	 72.83  	 75.21  	 79.87  	 83.28  	 80.59  	 74.90  	 65.69  	 29.74
1997	   7	  14	   8	 16.01  	 47.18  	 59.48  	 64.75  	 70.90  	 80.57  	 80.27  	 78.37  	 71.19  	 58.60  	 28.86
1997	   7	  29	   8	 14.23  	 36.62  	 59.02  	 59.25  	 65.12  	 77.66  	 81.32  	 78.10  	 67.34  	 57.91  	 26.68
1997	   8	  13	   8	 34.50  	 59.41  	 57.33  	 53.51  	 58.32  	 73.51  	 82.04  	 78.32  	 59.30  	 53.51  	 25.28
1997	   8	  26	   8	 38.22  	 67.68  	 73.04  	 56.19  	 61.22  	 77.52  	 79.71  	 78.51  	 59.80  	 55.32  	 25.58
1997	   9	  11	   8	 44.63  	 74.05  	 76.21  	 66.59  	 65.15  	 74.49  	 78.51  	 76.93  	 60.55  	 53.66  	 24.60
1997	   9	  25	   8	 34.50  	 71.20  	 77.93  	 76.93  	 67.89  	 77.49  	 79.47  	 80.02  	 61.94  	 56.53  	 25.95
1997	  10	  28	   8	 44.08  	 75.52  	 77.52  	 74.52  	 67.39  	 74.95  	 78.52  	 73.52  	 59.83  	 53.98  	 25.13
1997	  11	  24	   8	 32.80  	 72.03  	 78.39  	 77.53  	 75.37  	 76.99  	 79.25  	 76.99  	 62.65  	 54.78  	 25.50
1997	  12	  30	   8	 52.43  	 74.18  	 77.31  	 75.46  	 81.14  	 81.28  	 77.73  	 88.38  	 85.26  	 55.01  	 30.63
1998	   1	  28	   8	 50.44  	 77.69  	 84.83  	 81.80  	 80.50  	 81.48  	 86.35  	 94.68  	 89.38  	 71.74  	 31.11
1998	   2	  24	   8	 45.46  	 73.43  	 78.72  	 81.01  	 82.01  	 89.58  	 92.30  	 92.87  	 84.44  	 70.14  	 31.07
1998	   3	  12	   8	 57.97  	 74.69  	 85.08  	 86.27  	 86.91  	 90.48  	 98.38  	 96.32  	 92.75  	 73.83  	 31.67
1998	   3	  31	   8	 49.74  	 75.61  	 80.74  	 84.16  	 81.45  	 92.70  	 94.55  	 93.55  	 87.72  	 71.77  	 31.11
1998	   4	  14	   8	 35.13  	 76.14  	 84.25  	 83.04  	 85.89  	 91.37  	 99.37  	 97.83  	 87.97  	 75.27  	 31.99
1998	   4	  29	   8	 37.88  	 72.39  	 76.78  	 79.48  	 79.62  	 82.74  	 92.39  	 93.95  	 83.17  	 68.98  	 31.16
1998	   5	  13	   8	 30.40  	 71.03  	 82.88  	 83.09  	 82.22  	 89.46  	 99.22  	 97.80  	 90.34  	 74.98  	 32.22
1998	   5	  26	   8	 37.29  	 74.01  	 79.65  	 80.52  	 83.56  	 88.62  	 93.10  	 93.97  	 98.45  	 74.01  	 31.37
1998	   6	  25	   8	 41.64  	 75.90  	 79.93  	 76.67  	 78.84  	 86.79  	 99.09  	 96.37  	 91.58  	 74.60  	 32.78
1998	   6	  30	   8	 23.10  	 48.13  	 66.25  	 68.67  	 72.81  	 76.95  	 82.51  	 78.37  	 75.66  	 73.95  	 31.77
1998	   7	  13	   8	 22.46  	 43.67  	 63.10  	 67.91  	 72.71  	 79.81  	 83.41  	 79.91  	 74.02  	 67.36  	 30.51
1998	   7	  29	   8	 14.98  	 47.33  	 60.70  	 62.01  	 69.56  	 77.99  	 81.62  	 78.43  	 71.31  	 55.61  	 28.10
1998	   8	  12	   8	 25.09  	 62.56  	 68.71  	 65.85  	 69.92  	 80.70  	 82.79  	 79.38  	 65.96  	 58.16  	 27.32
1998	   8	  31	   8	 17.87  	 45.64  	 66.05  	 64.85  	 68.78  	 79.15  	 80.79  	 77.40  	 61.58  	 57.86  	 25.38
1998	   9	  16	   8	 29.86  	 38.81  	 56.44  	 57.74  	 62.94  	 74.35  	 77.24  	 76.37  	 58.31  	 49.50  	 25.18
1998	   9	  28	   8	 23.10  	 42.18  	 58.33  	 58.11  	 62.86  	 77.57  	 81.55  	 75.03  	 51.91  	 57.33  	 24.79
1998	  10	  28	   8	 44.47  	 69.38  	 62.18  	 55.94  	 59.60  	 73.04  	 74.97  	 72.61  	 49.81  	 52.61  	 23.51
1998	  12	   2	   8	 33.51  	 68.14  	 74.13  	 69.99  	 65.63  	 75.00  	 78.16  	 76.09  	 52.34  	 54.52  	 23.61
1999	   1	   5	   8	 31.83  	 64.86  	 75.86  	 72.37  	 65.70  	 72.26  	 74.80  	 73.21  	 53.54  	 49.63  	 23.33
1999	   1	  27	   8	 45.76  	 74.93  	 80.91  	 79.09  	 77.49  	 78.88  	 82.41  	 87.75  	 88.07  	 67.23  	 30.67
1999	   2	  25	   8	 41.12  	 67.87  	 74.17  	 75.43  	 74.73  	 76.13  	 77.81  	 77.39  	 70.95  	 65.35  	 29.59
1999	   3	  15	   8	 42.24  	 73.68  	 79.45  	 79.23  	 78.16  	 78.91  	 80.51  	 78.16  	 74.00  	 70.05  	 31.34
1999	   3	  29	   8	 33.53  	 67.07  	 76.68  	 76.25  	 76.82  	 77.66  	 78.80  	 77.95  	 73.28  	 68.20  	 29.72
1999	   4	  14	   8	 27.83  	 65.87  	 76.67  	 76.02  	 77.98  	 78.85  	 81.58  	 80.71  	 76.02  	 64.78  	 32.12
1999	   4	  30	   8	 35.08  	 68.31  	 77.46  	 76.47  	 80.41  	 83.64  	 89.69  	 90.40  	 87.72  	 69.16  	 30.43
1999	   5	  11	   8	 39.49  	 53.57  	 71.59  	 76.37  	 75.50  	 82.23  	 82.33  	 83.85  	 90.80  	 72.46  	 32.27
1999	   5	  26	   8	 34.81  	 64.99  	 75.41  	 76.51  	 81.01  	 83.53  	 92.20  	 95.27  	 98.13  	 77.06  	 33.15
1999	   6	  14	   8	 35.82  	 54.54  	 66.36  	 68.49  	 71.34  	 79.17  	 80.60  	 78.46  	 78.60  	 70.49  	 30.69
1999	   6	  29	   8	 17.39  	 37.18  	 60.08  	 62.51  	 70.66  	 76.53  	 79.82  	 76.67  	 73.67  	 62.51  	 29.68
1999	   7	  14	   8	 14.82  	 31.01  	 52.25  	 54.13  	 58.03  	 76.23  	 81.86  	 76.08  	 67.13  	 58.17  	 28.22
1999	   7	  28	   8	 20.03  	 40.08  	 55.02  	 53.13  	 57.34  	 76.63  	 78.51  	 76.63  	 66.77  	 55.89  	 25.70
1999	   8	  12	   8	 33.25  	 56.31  	 62.77  	 55.16  	 52.29  	 73.10  	 78.26  	 75.54  	 56.74  	 53.01  	 24.57
1999	   8	  30	   8	 13.81  	 36.31  	 59.66  	 57.58  	 54.53  	 71.00  	 77.76  	 76.46  	 55.95  	 44.93  	 25.19
1999	   9	  14	   8	 15.72  	 29.53  	 50.52  	 49.22  	 53.27  	 70.06  	 73.82  	 72.52  	 46.32  	 50.95  	 23.23
1999	   9	  28	   8	 38.78  	 24.33  	 48.58  	 47.61  	 47.50  	 65.74  	 72.18  	 69.39  	 45.36  	 40.74  	 23.54
1999	  10	  27	   8	 16.18  	 42.74  	 49.35  	 49.49  	 52.37  	 69.75  	 70.89  	 63.43  	 40.59  	 52.08  	 23.53
1999	  10	  28	   8	 24.40  	 59.14  	 51.03  	 52.33  	 52.77  	 56.10  	 60.73  	 68.70  	 73.92  	 84.93  	 43.26
1999	  11	  29	   8	 15.77  	 29.10  	 52.31  	 48.92  	 52.20  	 68.18  	 68.84  	 68.18  	 41.80  	 39.94  	 23.91
1999	  12	  27	   8	 33.15  	 60.32  	 52.62  	 49.34  	 50.34  	 66.44  	 66.16  	 62.45  	 38.51  	 47.34  	 22.82
2000	   1	  31	   8	 31.74  	 61.22  	 64.79  	 51.82  	 51.71  	 65.44  	 68.57  	 66.19  	 43.39  	 38.10  	 23.43
2000	   2	  29	   8	 35.15  	 69.60  	 76.78  	 67.59  	 55.10  	 68.60  	 67.30  	 60.70  	 37.86  	 47.34  	 22.31
2000	   3	  13	   8	 22.44  	 65.11  	 77.59  	 73.50  	 56.28  	 66.83  	 67.04  	 66.07  	 40.99  	 39.05  	 22.75
2000	   3	  29	   8	 27.77  	 67.47  	 77.80  	 78.89  	 75.93  	 70.33  	 70.33  	 67.69  	 44.09  	 40.46  	 23.47
2000	   4	  12	   8	 28.72  	 69.19  	 77.87  	 75.45  	 74.47  	 71.28  	 71.72  	 69.30  	 45.02  	 39.96  	 23.22
2000	   4	  26	   8	 28.01  	 70.07  	 75.26  	 75.26  	 72.95  	 69.34  	 70.79  	 63.57  	 40.63  	 46.83  	 22.55
2000	   5	  15	   8	 24.64  	 50.35  	 69.92  	 74.21  	 73.33  	 72.01  	 70.58  	 67.61  	 44.85  	 41.33  	 23.25
2000	   5	  30	   8	 34.98  	 54.55  	 65.79  	 68.53  	 69.97  	 69.25  	 69.68  	 64.06  	 40.42  	 48.20  	 22.37
2000	   6	  15	   8	 22.65  	 41.00  	 59.04  	 62.67  	 68.78  	 71.98  	 70.53  	 64.13  	 42.02  	 49.73  	 23.12
2000	   6	  29	   8	 34.51  	 59.23  	 59.56  	 58.90  	 65.43  	 72.96  	 72.41  	 69.20  	 46.93  	 43.39  	 24.24
2000	   7	  13	   8	 30.24  	 60.19  	 60.30  	 62.29  	 63.94  	 72.67  	 73.22  	 68.03  	 48.26  	 43.84  	 24.24
2000	   7	  27	   8	 13.93  	 33.38  	 58.39  	 59.83  	 63.70  	 73.67  	 72.78  	 69.35  	 46.88  	 43.89  	 24.16
2000	   8	  15	   8	 12.17  	 25.24  	 53.12  	 55.35  	 61.03  	 71.85  	 72.63  	 69.40  	 46.09  	 43.53  	 24.49
2000	   8	  29	   8	 17.27  	 35.40  	 49.86  	 49.53  	 50.41  	 70.06  	 69.06  	 69.29  	 42.47  	 42.58  	 23.44
2000	   9	  13	   8	 18.38  	 33.50  	 45.81  	 44.94  	 47.70  	 66.24  	 67.40  	 63.34  	 39.44  	 45.52  	 23.05
2000	   9	  28	   8	 29.65  	 62.62  	 53.53  	 50.20  	 49.98  	 68.16  	 69.82  	 65.83  	 40.89  	 42.44  	 24.10
2000	  10	  30	   8	 23.59  	 55.06  	 60.47  	 50.97  	 50.42  	 68.65  	 68.54  	 66.77  	 42.13  	 40.69  	 23.66
2000	  11	  29	   8	 38.91  	 71.46  	 74.49  	 63.80  	 52.68  	 65.83  	 65.68  	 63.37  	 38.38  	 43.72  	 22.95
2000	  12	  27	   8	 38.12  	 62.27  	 74.68  	 73.07  	 53.82  	 63.12  	 67.83  	 63.77  	 43.01  	 38.09  	 22.68
2001	   1	  30	   8	 45.24  	 71.03  	 77.65  	 74.27  	 73.71  	 74.69  	 72.01  	 67.22  	 51.72  	 45.10  	 23.04
2001	   2	  27	   8	 42.44  	 72.02  	 81.52  	 79.34  	 79.66  	 82.83  	 95.83  	 91.57  	 97.91  	 71.91  	 32.19
2001	   3	  14	   8	 35.36  	 70.38  	 75.67  	 74.81  	 76.10  	 77.25  	 78.68  	 77.96  	 86.69  	 66.51  	 30.25
2001	   3	  28	   8	 25.68  	 69.03  	 76.78  	 77.36  	 79.37  	 78.08  	 82.53  	 87.56  	 88.13  	 69.46  	 31.28
2001	   4	  11	   8	 54.59  	 77.16  	 84.82  	 78.91  	 81.98  	 82.96  	 82.42  	 83.29  	 98.73  	 74.42  	 33.05
2001	   4	  25	   8	 35.41  	 73.38  	 79.14  	 79.14  	 78.85  	 80.58  	 82.45  	 83.46  	 90.65  	 69.50  	 31.94
2001	   5	  15	   8	 27.95  	 50.39  	 69.17  	 73.53  	 77.03  	 77.76  	 81.54  	 78.19  	 72.81  	 64.36  	 30.94
2001	   5	  31	   8	 47.11  	 72.38  	 78.70  	 76.09  	 76.09  	 79.03  	 80.66  	 80.01  	 73.69  	 58.22  	 28.62
2001	   6	  13	   8	 26.75  	 59.10  	 71.74  	 71.45  	 76.83  	 78.57  	 80.02  	 76.54  	 73.92  	 64.48  	 31.22
2001	   6	  27	   8	 18.42  	 30.47  	 57.41  	 56.85  	 59.29  	 78.47  	 82.35  	 81.57  	 73.48  	 57.96  	 29.31
2001	   7	  12	   8	 13.18  	 30.60  	 49.97  	 48.21  	 55.25  	 72.12  	 80.48  	 77.99  	 69.48  	 54.81  	 28.50
2001	   7	  30	   8	 13.59  	 21.75  	 49.99  	 47.76  	 45.65  	 67.33  	 79.89  	 79.00  	 64.22  	 50.65  	 26.66
2001	   8	  13	   8	 10.92  	 31.19  	 46.15  	 45.42  	 49.38  	 71.97  	 76.52  	 74.32  	 54.66  	 51.73  	 25.86
2001	   8	  29	   8	 19.69  	 46.59  	 50.27  	 48.38  	 48.82  	 68.51  	 78.30  	 77.97  	 55.16  	 45.37  	 25.41
2001	   9	  12	   8	 24.98  	 41.59  	 50.12  	 46.74  	 48.94  	 68.49  	 73.49  	 74.81  	 49.97  	 49.68  	 25.79
2001	   9	  26	   8	 33.33  	 58.44  	 54.35  	 48.59  	 47.93  	 66.29  	 74.59  	 76.13  	 54.46  	 43.17  	 24.41
2001	  10	  31	   8	 35.89  	 58.98  	 76.62  	 73.00  	 56.23  	 76.18  	 78.64  	 79.22  	 72.28  	 67.80  	 29.85
2001	  11	  29	   8	 40.72  	 63.73  	 78.61  	 76.22  	 67.86  	 75.90  	 79.70  	 78.39  	 71.34  	 58.52  	 28.88
2001	  12	  26	   8	 37.67  	 60.94  	 79.08  	 78.98  	 78.87  	 81.14  	 79.19  	 79.41  	 73.36  	 68.61  	 32.04
2002	   1	  29	   8	 35.04  	 62.82  	 75.44  	 74.72  	 74.58  	 76.30  	 77.59  	 74.86  	 69.56  	 56.80  	 27.61
2002	   2	  27	   8	 45.08  	 64.46  	 79.07  	 79.73  	 80.71  	 82.67  	 94.89  	 91.84  	 97.18  	 74.49  	 31.96
2002	   3	  14	   8	 38.23  	 66.55  	 81.39  	 81.61  	 85.56  	 87.32  	 98.75  	 93.25  	 98.42  	 75.78  	 32.78
2002	   3	  27	   8	 46.28  	 63.83  	 79.56  	 80.65  	 79.34  	 81.85  	 83.49  	 83.60  	 97.25  	 72.24  	 32.08
2002	   4	  11	   8	 38.02  	 69.94  	 80.59  	 82.34  	 83.07  	 85.69  	 95.76  	 90.07  	 90.94  	 75.33  	 31.76
2002	   4	  29	   8	 37.03  	 65.02  	 80.44  	 83.57  	 82.71  	 85.08  	 95.43  	 92.95  	 97.15  	 75.05  	 32.03
2002	   5	  14	   8	 38.80  	 69.68  	 81.10  	 82.69  	 83.99  	 88.18  	 96.28  	 93.68  	 88.62  	 72.28  	 31.37
2002	   5	  29	   8	 30.65  	 57.00  	 74.89  	 75.33  	 80.27  	 82.31  	 94.53  	 93.65  	 90.60  	 71.84  	 32.14
2002	   6	  13	   8	 41.16  	 63.37  	 74.29  	 75.06  	 80.90  	 89.07  	 99.76  	 94.25  	 99.21  	 76.38  	 33.28
2002	   6	  27	   8	 21.65  	 36.99  	 55.19  	 54.90  	 64.07  	 79.94  	 82.12  	 79.65  	 80.09  	 73.53  	 31.53
2002	   7	  11	   8	 18.85  	 19.37  	 53.89  	 50.32  	 50.21  	 77.83  	 83.06  	 81.83  	 77.16  	 64.80  	 29.95
2002	   7	  30	   8	 26.07  	 64.07  	 64.07  	 52.28  	 51.99  	 76.01  	 78.78  	 76.30  	 70.48  	 57.96  	 27.09
2002	   8	  13	   8	 25.04  	 48.04  	 63.59  	 54.55  	 54.66  	 74.07  	 81.12  	 80.68  	 70.32  	 52.01  	 25.90
2002	   8	  27	   8	 30.20  	 60.28  	 79.87  	 79.42  	 79.53  	 80.44  	 82.60  	 81.35  	 75.43  	 48.56  	 23.65
2002	   9	  13	   8	 16.37  	 46.88  	 68.05  	 70.99  	 73.49  	 77.02  	 78.49  	 76.58  	 64.96  	 55.41  	 25.28
2002	   9	  26	   8	 14.33  	 44.42  	 63.34  	 65.24  	 70.19  	 75.72  	 77.76  	 76.16  	 59.85  	 51.12  	 24.68
2002	  10	  30	   8	 23.75  	 48.50  	 58.69  	 61.16  	 65.67  	 75.43  	 76.88  	 76.59  	 57.38  	 53.44  	 24.17
2002	  11	  26	   8	 29.65  	 47.39  	 60.54  	 61.19  	 65.86  	 73.69  	 77.49  	 75.75  	 55.65  	 44.34  	 23.97
2002	  12	  31	   8	 37.32  	 69.11  	 76.46  	 75.74  	 71.85  	 75.45  	 74.73  	 73.43  	 52.09  	 47.34  	 23.16
2003	   1	  29	   8	 31.86  	 57.37  	 74.39  	 74.17  	 71.43  	 75.82  	 76.26  	 77.03  	 57.37  	 43.54  	 24.40
2003	   2	  26	   8	 37.41  	 70.59  	 73.05  	 72.33  	 72.33  	 72.18  	 75.22  	 75.36  	 51.24  	 46.76  	 23.74
2003	   3	  13	   8	 39.43  	 83.27  	 75.21  	 71.23  	 72.56  	 75.76  	 75.76  	 76.42  	 57.76  	 43.51  	 24.85
2003	   3	  27	   8	 34.18  	 70.04  	 76.45  	 77.03  	 76.30  	 76.16  	 76.88  	 72.95  	 53.01  	 50.53  	 23.52
2003	   4	  14	   8	 24.76  	 64.20  	 79.69  	 79.80  	 81.36  	 82.03  	 80.47  	 79.69  	 67.54  	 49.49  	 25.64
2003	   4	  29	   8	 21.70  	 58.73  	 74.26  	 74.84  	 74.55  	 76.15  	 79.05  	 75.86  	 65.40  	 50.89  	 24.50
2003	   5	  13	   8	 32.64  	 66.04  	 77.35  	 75.18  	 77.93  	 79.09  	 79.82  	 77.93  	 83.01  	 67.78  	 30.19
2003	   5	  28	   8	 22.34  	 21.78  	 55.50  	 69.18  	 77.19  	 81.09  	 83.87  	 80.53  	 74.52  	 63.17  	 31.92
2003	   6	  11	   8	 32.92  	 20.33  	 51.18  	 59.78  	 73.55  	 79.61  	 80.38  	 80.05  	 75.32  	 59.23  	 28.73
2003	   6	  25	   8	 18.21  	 48.13  	 63.41  	 67.67  	 74.13  	 78.97  	 80.30  	 76.92  	 72.07  	 65.90  	 30.97
2003	   7	  14	   8	 24.83  	 64.20  	 78.57  	 80.02  	 79.80  	 81.69  	 84.37  	 81.36  	 78.57  	 71.44  	 33.49
2003	   7	  30	   8	 25.26  	 55.98  	 76.05  	 76.82  	 77.71  	 79.91  	 81.24  	 80.68  	 72.85  	 58.52  	 28.76
2003	   8	  13	   8	 14.75  	 37.09  	 69.06  	 72.93  	 75.14  	 78.79  	 80.67  	 78.35  	 72.93  	 53.24  	 26.62
2003	   8	  28	   8	 12.73  	 41.03  	 55.23  	 62.56  	 71.20  	 77.35  	 80.71  	 75.15  	 64.90  	 54.79  	 26.52
2003	   9	  15	   8	 30.80  	 55.83  	 72.41  	 66.84  	 70.40  	 77.97  	 79.53  	 78.97  	 67.96  	 49.27  	 25.02
2003	   9	  29	   8	 20.84  	 59.22  	 68.51  	 62.85  	 67.64  	 75.61  	 79.67  	 75.32  	 60.96  	 52.99  	 23.96
2003	  10	  29	   8	 33.44  	 47.15  	 68.51  	 64.84  	 69.07  	 76.41  	 78.64  	 79.64  	 66.40  	 46.26  	 25.63
2003	  11	  25	   8	 37.00  	 65.13  	 78.81  	 79.80  	 78.37  	 79.25  	 80.68  	 78.26  	 69.44  	 46.72  	 24.57
2003	  12	  29	   8	 40.99  	 67.12  	 78.26  	 78.81  	 80.68  	 80.24  	 80.35  	 78.37  	 69.10  	 48.48  	 25.23
2004	   1	  28	   8	 36.23  	 66.87  	 73.71  	 73.43  	 73.71  	 75.14  	 75.57  	 74.00  	 61.60  	 50.48  	 24.67
2004	   2	  25	   8	 40.78  	 68.28  	 80.34  	 79.01  	 79.12  	 77.79  	 79.67  	 77.46  	 68.83  	 49.59  	 25.51
2004	   3	  11	   8	 35.29  	 63.68  	 77.94  	 80.35  	 79.04  	 78.05  	 80.02  	 78.93  	 73.44  	 53.58  	 26.96
2004	   3	  30	   8	 38.88  	 74.54  	 77.41  	 76.84  	 76.12  	 79.43  	 77.27  	 76.69  	 71.08  	 67.77  	 29.14
2004	   4	  14	   8	 20.84  	 64.45  	 75.96  	 77.13  	 77.42  	 77.28  	 78.15  	 76.98  	 71.30  	 61.54  	 30.26
2004	   4	  28	   8	 24.68  	 50.84  	 73.15  	 75.62  	 78.19  	 79.99  	 83.58  	 82.68  	 77.30  	 70.35  	 33.04
2004	   5	  11	   8	 19.99  	 55.02  	 72.17  	 73.05  	 74.08  	 78.33  	 80.96  	 77.89  	 71.14  	 61.47  	 30.00
2004	   5	  26	   8	 35.93  	 64.69  	 77.49  	 75.71  	 77.16  	 80.05  	 82.28  	 82.73  	 96.31  	 74.71  	 32.84
2004	   6	  14	   8	 31.06  	 70.96  	 78.11  	 75.63  	 78.25  	 79.13  	 81.61  	 85.98  	 84.82  	 70.23  	 30.67
2004	   6	  29	   8	 24.66  	 67.83  	 74.27  	 77.20  	 77.20  	 78.37  	 83.93  	 78.96  	 73.83  	 65.48  	 31.06
