# Station Name: Rend Lake (Ina)
# Station Code: RND
# Station Latitude: 38.130000
# Station Longitude: 88.920000
# Station Altitude: 130.000000
Year	  MO	  DY	 Sta	 0-10cm 	 10-30  	 30-50  	 50-70  	 70-90  	 90-110 	 110-130	 130-150	 150-170	 170-190	 190-200
1982	   8	   5	  14	  7.98  	 51.91  	 66.74  	 73.07  	 69.45  	 66.55  	 66.24  	 67.72  	 67.00  	 66.48  	 33.24
1982	   8	  10	  14	 11.94  	 48.13  	 66.14  	 72.45  	 70.33  	 66.69  	 65.68  	 67.71  	 66.94  	 67.61  	 33.81
1982	   9	   1	  14	 29.40  	 56.30  	 65.58  	 70.82  	 68.78  	 65.70  	 65.91  	 67.16  	 66.94  	 67.22  	 33.61
1982	   9	  14	  14	 30.31  	 58.85  	 65.16  	 69.79  	 67.01  	 65.31  	 64.39  	 65.97  	 66.92  	 66.90  	 33.45
1982	   9	  29	  14	 13.83  	 52.39  	 67.17  	 70.99  	 68.71  	 65.41  	 65.43  	 67.30  	 67.08  	 67.74  	 33.87
1982	  10	  27	  14	 17.62  	 56.23  	 67.01  	 70.21  	 68.57  	 65.63  	 64.66  	 66.53  	 67.11  	 66.39  	 33.20
1982	  12	   1	  14	 30.43  	 63.38  	 68.75  	 69.80  	 65.63  	 63.71  	 62.58  	 64.64  	 65.61  	 64.60  	 32.30
1982	  12	  14	  14	 39.78  	 64.67  	 71.24  	 71.95  	 68.66  	 65.05  	 64.13  	 65.89  	 65.96  	 64.96  	 32.48
1982	  12	  29	  14	 35.71  	 68.69  	 73.66  	 74.34  	 70.42  	 67.03  	 66.66  	 68.72  	 67.82  	 66.98  	 33.49
1983	   1	  26	  14	 41.80  	 67.46  	 71.96  	 75.66  	 70.53  	 67.75  	 66.89  	 68.58  	 66.98  	 67.90  	 33.95
1983	   2	  23	  14	 33.47  	 67.53  	 72.96  	 74.57  	 70.35  	 68.16  	 67.50  	 67.75  	 67.69  	 66.93  	 33.46
1983	   3	  16	  14	 31.55  	 65.30  	 72.12  	 73.47  	 69.82  	 66.85  	 65.87  	 67.42  	 67.32  	 66.27  	 33.13
1983	   3	  29	  14	 33.07  	 68.97  	 74.12  	 75.18  	 70.64  	 68.16  	 67.74  	 68.06  	 68.53  	 67.39  	 33.69
1983	   4	  13	  14	 37.31  	 69.11  	 73.23  	 74.11  	 70.66  	 67.58  	 66.23  	 67.51  	 67.04  	 67.04  	 33.52
1983	   4	  27	  14	 33.85  	 65.83  	 71.98  	 74.46  	 70.24  	 67.82  	 66.08  	 67.74  	 67.37  	 66.71  	 33.35
1983	   5	  17	  14	 32.80  	 66.98  	 72.50  	 75.06  	 69.83  	 68.35  	 67.72  	 68.77  	 67.49  	 66.78  	 33.39
1983	   6	   1	  14	 30.41  	 58.77  	 69.77  	 73.29  	 70.28  	 67.28  	 66.51  	 68.01  	 68.32  	 66.63  	 33.31
1983	   6	  14	  14	 11.96  	 44.66  	 64.57  	 73.48  	 69.50  	 67.49  	 66.55  	 67.82  	 66.93  	 66.29  	 33.14
1983	   6	  28	  14	 23.80  	 54.64  	 62.87  	 71.79  	 71.68  	 68.28  	 68.04  	 69.30  	 68.74  	 67.04  	 33.52
1983	   7	  12	  14	  9.74  	 41.98  	 59.46  	 65.96  	 65.16  	 66.34  	 66.08  	 67.91  	 67.00  	 65.92  	 32.96
1983	   7	  27	  14	 19.64  	 51.90  	 58.96  	 65.13  	 66.36  	 67.42  	 66.67  	 67.97  	 67.60  	 67.14  	 33.57
1983	   8	  16	  14	  1.20  	 42.71  	 57.62  	 66.36  	 66.39  	 65.85  	 66.56  	 67.95  	 67.61  	 67.09  	 33.55
1983	   8	  30	  14	 17.26  	 48.20  	 57.69  	 66.52  	 66.66  	 67.15  	 66.25  	 67.75  	 67.58  	 67.22  	 33.61
1983	   9	  13	  14	 13.37  	 47.09  	 57.01  	 67.07  	 66.22  	 66.34  	 65.19  	 66.31  	 66.62  	 66.75  	 33.37
1983	   9	  28	  14	 11.38  	 48.50  	 58.36  	 67.62  	 67.97  	 67.40  	 66.48  	 67.32  	 68.16  	 67.17  	 33.59
1983	  10	  26	  14	 29.60  	 67.20  	 72.43  	 74.87  	 69.95  	 68.45  	 66.81  	 68.38  	 68.07  	 66.51  	 33.25
1983	  12	   1	  14	 34.18  	 68.62  	 72.68  	 74.44  	 70.31  	 67.49  	 67.24  	 68.02  	 67.78  	 67.28  	 33.64
1983	  12	  30	  14	 39.29  	 65.32  	 66.51  	 73.48  	 69.11  	 67.91  	 66.65  	 68.57  	 67.61  	 65.84  	 32.92
1984	   1	  31	  14	 43.95  	 70.76  	 71.03  	 74.30  	 69.56  	 68.37  	 66.80  	 67.31  	 67.19  	 66.96  	 33.48
1984	   3	   9	  14	 33.10  	 71.80  	 76.55  	 80.99  	 77.24  	 74.49  	 72.38  	 71.38  	 71.96  	 71.69  	 35.16
1984	   4	   2	  14	 39.65 -	999.99 -	999.99 -	999.99 -	999.99 -	999.99 -	999.99 -	999.99 -	999.99 -	999.99 -	999.99
1984	   4	  20	  14	 36.04  	 70.76  	 76.67  	 78.62  	 74.66  	 72.55  	 71.45  	 71.18  	 72.29  	 70.44  	 35.54
1984	   4	  30	  14	 33.55  	 73.36  	 79.94  	 82.43  	 76.07  	 73.31  	 72.20  	 71.19  	 71.93  	 71.61  	 35.51
1984	   5	  22	  14	 29.16  	 67.49  	 74.59  	 79.54  	 75.89  	 73.25  	 72.28  	 72.66  	 72.55  	 70.88  	 35.41
1984	   6	   5	  14	 27.39  	 65.92  	 73.92  	 78.76  	 75.53  	 72.74  	 71.56  	 71.67  	 72.10  	 71.51  	 35.70
1984	   6	  18	  14	 19.79  	 63.46  	 73.25  	 78.58  	 75.45  	 72.93  	 71.74  	 72.98  	 73.09  	 71.31  	 35.66
1984	   6	  27	  14	 25.16  	 69.44  	 78.93  	 79.50  	 76.28  	 73.59  	 72.66  	 73.63  	 73.06  	 72.33  	 36.88
1984	   7	  16	  14	999.99  	 62.87  	 74.98  	 79.77  	 76.24  	 73.68  	 72.78  	 73.88  	 73.52  	 72.95  	 36.43
1984	   7	  31	  14	 19.12  	 59.38  	 74.39  	 79.54  	 75.81  	 73.29  	 72.85  	 73.78  	 73.50  	 72.65  	 36.51
1984	   8	  15	  14	 23.18  	 60.59  	 64.96  	 77.06  	 75.00  	 70.76  	 71.30  	 74.55  	 74.38  	 72.82  	 36.80
1984	   8	  29	  14	 21.46  	 57.38  	 72.26  	 77.82  	 75.02  	 72.78  	 72.58  	 73.31  	 73.39  	 73.19  	 36.09
1984	   9	  12	  14	 30.75  	 66.60  	 74.67  	 78.73  	 74.52  	 72.32  	 71.87  	 73.38  	 72.85  	 71.83  	 35.67
1984	   9	  26	  14	 32.47  	 68.79  	 76.46  	 79.63  	 75.40  	 73.02  	 71.51  	 72.72  	 73.06  	 71.73  	 36.17
1984	  11	  29	  14	 39.09 -	999.99 -	999.99 -	999.99 -	999.99 -	999.99 -	999.99 -	999.99 -	999.99 -	999.99 -	999.99
1985	   1	   2	  14	999.99  	 74.43  	 80.93  	 80.89  	 76.45  	 73.16  	 72.26  	 72.64  	 72.90  	 71.29  	 36.11
1985	   1	  28	  14	999.99  	 69.11  	 77.05  	 79.44  	 76.06  	 72.09  	 71.17  	 71.36  	 71.54  	 71.17  	 35.75
1985	   3	  20	  14	 36.34  	 70.67  	 77.48  	 80.94  	 77.67  	 72.82  	 72.40  	 72.93  	 72.97  	 72.22  	 35.98
1985	   3	  27	  14	 35.38  	 70.61  	 77.23  	 80.80  	 77.08  	 72.79  	 70.84  	 73.17  	 73.20  	 72.04  	 36.08
1985	   4	  16	  14	 37.56  	 75.27  	 80.29  	 81.91  	 77.08  	 73.54  	 72.22  	 72.86  	 72.90  	 71.81  	 36.26
1985	   4	  25	  14	 35.14  	 69.40  	 77.22  	 80.31  	 76.80  	 73.48  	 72.08  	 72.92  	 73.75  	 71.52  	 36.08
1985	   5	  14	  14	 34.66  	 69.50  	 77.92  	 81.50  	 77.04  	 73.84  	 72.62  	 73.35  	 73.19  	 72.05  	 36.20
1985	   5	  29	  14	 32.94  	 68.59  	 76.52  	 79.26  	 75.96  	 72.80  	 71.56  	 73.06  	 72.65  	 71.79  	 36.12
1985	   6	  12	  14	 30.06  	 74.60  	 80.38  	 81.86  	 77.03  	 73.88  	 71.41  	 72.97  	 73.81  	 72.14  	 36.35
1985	   6	  26	  14	999.99  	 71.32  	 78.21  	 81.41  	 77.07  	 73.79  	 72.08  	 72.65  	 73.11  	 72.15  	 36.42
1985	   7	  14	  14	 28.32  	 66.51  	 75.18  	 79.76  	 77.12  	 73.08  	 71.70  	 73.34  	 73.23  	 72.01  	 36.19
1985	   7	  30	  14	 28.01  	 64.78  	 74.85  	 79.46  	 77.06  	 73.29  	 72.49  	 73.44  	 72.83  	 71.53  	 36.36
1985	   8	  15	  14	 32.70  	 69.77  	 77.51  	 80.01  	 77.17  	 73.43  	 72.19  	 72.56  	 72.68  	 71.62  	 36.04
1985	   8	  29	  14	 29.45  	 70.41  	 78.47  	 82.75  	 78.64  	 76.58  	 74.68  	 74.85  	 75.61  	 74.56  	 37.36
1985	   9	  11	  14	 25.63  	 63.48  	 73.84  	 79.17  	 76.41  	 72.14  	 72.29  	 72.29  	 72.86  	 71.72  	 36.16
1985	   9	  30	  14	 18.45  	 56.81  	 71.72  	 78.57  	 75.89  	 72.88  	 71.45  	 72.32  	 72.73  	 71.90  	 35.97
1985	  10	  16	  14	 21.52  	 59.12  	 72.28  	 78.10  	 74.89  	 72.81  	 71.79  	 72.54  	 73.34  	 72.05  	 36.23
1985	  10	  28	  14	 26.51  	 67.65  	 76.85  	 79.91  	 75.07  	 72.99  	 71.85  	 73.02  	 72.72  	 71.74  	 36.13
1986	   1	   2	  14	 26.72  	 68.10  	 77.09  	 79.34  	 76.38  	 72.50  	 71.61  	 72.17  	 72.35  	 71.39  	 35.77
1986	   1	  30	  14	 28.68  	 67.68  	 75.27  	 79.25  	 76.53  	 73.33  	 71.92  	 72.44  	 72.89  	 71.96  	 35.66
1986	   4	   2	  14	 26.84  	 68.40  	 76.34  	 80.60  	 77.33  	 73.34  	 72.66  	 73.19  	 73.38  	 71.93  	 36.19
1986	   4	  22	  14	 37.26  	 72.22  	 79.39  	 80.70  	 77.66  	 73.46  	 72.11  	 73.27  	 72.90  	 71.40  	 36.00
1986	   5	   1	  14	 28.76  	 67.45  	 76.01  	 80.10  	 76.84  	 73.81  	 72.14  	 72.60  	 73.09  	 72.33  	 36.32
1986	   5	  15	  14	 28.17  	 63.39  	 73.95  	 78.92  	 76.49  	 72.72  	 72.12  	 72.80  	 72.46  	 71.64  	 35.78
1986	   5	  28	  14	 20.34  	 63.43  	 74.09  	 79.05  	 76.67  	 73.37  	 72.01  	 72.62  	 73.64  	 71.94  	 35.89
1986	   6	  16	  14	 22.88  	 63.81  	 74.47  	 79.99  	 76.50  	 73.70  	 72.59  	 73.36  	 73.36  	 72.36  	 36.45
1986	   8	  14	  14	 17.20  	 57.12  	 72.32  	 78.88  	 76.32  	 73.72  	 72.40  	 73.60  	 73.83  	 71.62  	 36.35
1986	   8	  28	  14	 20.37  	 55.67  	 70.91  	 77.85  	 76.01  	 73.18  	 72.18  	 72.91  	 73.48  	 72.22  	 35.88
1986	   9	  16	  14	 21.41  	 56.05  	 70.10  	 77.54  	 75.18  	 71.93  	 71.74  	 72.62  	 73.50  	 73.50  	 35.95
1986	   9	  30	  14	 23.63  	 66.83  	 75.52  	 78.28  	 75.10  	 72.96  	 72.84  	 73.22  	 73.45  	 72.34  	 36.31
1986	  10	  29	  14	 36.15  	 68.83  	 77.91  	 79.69  	 76.84  	 73.31  	 72.86  	 73.16  	 73.20  	 71.41  	 36.20
1987	   1	   6	  14	 42.53  	 74.14  	 80.19  	 81.10  	 77.20  	 73.42  	 71.95  	 72.93  	 73.46  	 72.18  	 36.05
1987	   1	  29	  14	 41.44  	 71.21  	 78.15  	 80.24  	 75.95  	 73.04  	 71.51  	 72.93  	 72.93  	 71.36  	 35.53
1987	   2	  26	  14	999.99 -	999.99 -	999.99 -	999.99 -	999.99 -	999.99 -	999.99 -	999.99 -	999.99 -	999.99 -	999.99
1987	   3	  16	  14	999.99 -	999.99 -	999.99 -	999.99 -	999.99 -	999.99 -	999.99 -	999.99 -	999.99 -	999.99 -	999.99
1987	   4	   1	  14	 31.96  	 70.98  	 78.64  	 81.79  	 77.47  	 73.79  	 72.61  	 73.71  	 73.98  	 72.08  	 36.04
1987	   4	  15	  14	 37.35  	 74.23  	 80.90  	 80.90  	 77.68  	 73.86  	 72.27  	 73.06  	 73.71  	 72.19  	 35.83
1987	   4	  28	  14	 33.06  	 68.86  	 77.96  	 80.54  	 77.16  	 73.52  	 72.50  	 73.41  	 73.26  	 72.42  	 36.23
1987	   5	  14	  14	 29.15  	 61.33  	 74.23  	 79.10  	 76.55  	 74.23  	 72.82  	 73.28  	 73.51  	 72.10  	 36.07
1987	   5	  28	  14	 18.51  	 57.26  	 73.74  	 79.34  	 76.96  	 74.24  	 72.36  	 73.74  	 73.47  	 72.36  	 36.06
1987	   6	  16	  14	 17.52  	 67.00  	 76.21  	 79.76  	 76.47  	 73.76  	 72.31 -	999.99 -	999.99 -	999.99 -	999.99
1987	   6	  30	  14	  9.83  	 62.86  	 74.46  	 79.53  	 75.95  	 73.47  	 72.51  	 73.47  	 73.81  	 71.94  	 36.01
1987	   7	  15	  14	 30.45  	 66.73  	 71.51  	 77.20  	 72.69  	 71.51  	 70.79  	 70.91  	 70.83  	 71.70  	 36.23
1987	   8	   5	  14	 32.98  	 65.03  	 72.82  	 78.00  	 75.77  	 72.70  	 71.84  	 72.97  	 73.42  	 71.46  	 35.82
1987	   8	  14	  14	 29.50  	 62.75  	 73.16  	 79.28  	 76.14  	 73.35  	 72.32  	 73.12  	 73.35  	 72.13  	 36.27
1987	   8	  31	  14	 17.34  	 52.93  	 70.85  	 77.08  	 75.17  	 72.76  	 72.99  	 73.22  	 73.06  	 72.07  	 36.19
1987	   9	  15	  14	 17.34  	 47.24  	 65.87  	 74.40  	 73.30  	 72.88  	 72.04  	 73.41  	 73.07  	 72.08  	 36.29
1987	   9	  29	  14	 22.71  	 54.28  	 67.51  	 74.43  	 73.10  	 71.92  	 72.11  	 72.95  	 73.14  	 71.69  	 36.11
1987	  10	  28	  14	 23.48  	 62.09  	 69.53  	 77.76  	 73.47  	 71.16  	 72.26  	 74.31  	 73.10  	 72.98  	 35.77
1987	  12	   1	  14	 31.20  	 70.64  	 75.60  	 79.06  	 74.70  	 72.07  	 73.98  	 74.59  	 73.01  	 72.67  	 35.69
1988	   1	   5	  14	 33.99  	 71.07  	 75.56  	 79.94  	 75.30  	 73.97  	 74.71  	 74.04  	 73.11  	 72.26  	 35.48
1988	   1	  26	  14	 37.50  	 72.74  	 75.44  	 79.47  	 75.00  	 74.37  	 74.11  	 74.15  	 73.00  	 72.41  	 35.69
1988	   3	   1	  14	 37.96  	 72.62  	 77.55  	 80.20  	 76.68  	 74.75  	 75.66  	 75.77  	 73.68  	 73.04  	 35.97
1988	   3	  17	  14	 38.67  	 73.06  	 77.66  	 80.87  	 76.53  	 74.60  	 74.76  	 75.36  	 74.15  	 72.56  	 35.77
1988	   3	  30	  14	 49.72  	 74.84  	 77.38  	 81.52  	 77.27  	 75.37  	 75.68  	 75.87  	 74.92  	 72.45  	 35.92
1988	   4	  12	  14	 41.28  	 69.22  	 74.46  	 81.22  	 76.17  	 74.65  	 76.02  	 75.41  	 74.27  	 73.02  	 35.92
1988	   4	  28	  14	 26.51  	 59.98  	 70.53  	 80.39  	 75.61  	 75.12  	 75.76  	 76.10  	 73.41  	 72.76  	 35.79
1988	   5	  12	  14	 14.23  	 54.86  	 69.26  	 79.70  	 75.97  	 74.40  	 76.12  	 75.93  	 73.87  	 73.15  	 35.93
1988	   5	  26	  14	 14.38  	 54.75  	 68.84  	 79.60  	 76.17  	 74.11  	 75.56  	 75.14  	 73.69  	 73.27  	 36.02
1988	   6	  15	  14	  8.53  	 54.51  	 69.08  	 79.90  	 75.58  	 73.93  	 74.62  	 75.81  	 74.55  	 72.94  	 35.74
1988	   7	   7	  14	  8.25  	 50.54  	 67.78  	 79.45  	 76.32  	 73.58  	 74.77  	 75.93  	 73.77  	 74.04  	 36.27
1988	   7	  14	  14	 18.96  	 59.23  	 68.01  	 78.64  	 75.26  	 74.11  	 74.53  	 75.53  	 74.27  	 72.69  	 35.94
1988	   7	  28	  14	 22.01  	 58.69  	 69.97  	 78.95  	 75.34  	 73.58  	 74.46  	 75.42  	 74.15  	 73.12  	 36.12
1988	   8	   1	  14	 14.46  	 58.56  	 71.66  	 77.33  	 74.71  	 72.53  	 74.06  	 74.99  	 73.30  	 73.35  	 35.69
1988	   8	  16	  14	 12.60  	 44.37  	 62.63  	 76.81  	 75.27  	 73.66  	 74.51  	 76.00  	 74.81  	 73.24  	 36.08
1988	   8	  31	  14	  8.24  	 42.38  	 59.21  	 74.89  	 72.78  	 72.17  	 72.78  	 75.31  	 74.08  	 73.62  	 35.82
1988	   9	  16	  14	 28.88  	 51.93  	 59.35  	 72.98  	 71.07  	 71.30  	 72.82  	 74.31  	 73.66  	 72.71  	 35.69
1988	   9	  30	  14	 29.56  	 67.00  	 72.60  	 76.48  	 72.86  	 72.56  	 72.71  	 74.84  	 73.93  	 73.09  	 35.84
1988	  10	  28	  14	 28.52  	 71.63  	 76.05  	 78.39  	 74.35  	 72.16  	 73.22  	 74.43  	 73.33  	 72.88  	 35.74
1988	  11	  30	  14	 45.02  	 75.11  	 78.56  	 80.14  	 75.67  	 74.36  	 75.79  	 75.34  	 73.46  	 72.67  	 35.60
1989	   1	   4	  14	 52.85  	 74.03  	 77.72  	 80.43  	 75.85  	 74.89  	 75.97  	 75.26  	 72.91  	 72.80  	 35.43
1989	   1	  31	  14	 49.84  	 74.70  	 78.83  	 80.58  	 76.33  	 74.77  	 75.57  	 75.38  	 73.83  	 73.11  	 35.95
1989	   2	  27	  14	 50.15  	 74.45  	 78.49  	 80.32  	 75.42  	 74.60  	 75.94  	 75.19  	 73.29  	 72.91  	 35.75
1989	   3	  16	  14	 44.35  	 74.28  	 78.08  	 79.94  	 75.44  	 74.32  	 76.11  	 75.40  	 74.06  	 72.34  	 35.65
1989	   3	  30	  14	 57.40  	 75.58  	 78.19  	 80.96  	 76.64  	 75.28  	 75.81  	 75.62  	 74.33  	 73.46  	 35.86
1989	   4	  13	  14	 44.11  	 73.71  	 77.85  	 80.52  	 76.38  	 74.92  	 76.23  	 76.08  	 73.48  	 73.07  	 35.91
1989	   4	  27	  14	 26.64  	 71.14  	 76.24  	 80.09  	 76.05  	 75.40  	 76.77  	 75.75  	 73.80  	 72.81  	 36.01
1989	   5	  11	  14	 22.09  	 68.38  	 74.17  	 80.30  	 76.33  	 74.47  	 76.59  	 75.83  	 73.64  	 73.26  	 35.67
1989	   5	  17	  14	 35.46  	 66.04  	 72.46  	 77.50  	 74.48  	 72.62  	 73.63  	 74.00  	 71.98  	 71.35  	 35.14
1989	   5	  31	  14	 41.32  	 74.23  	 78.19  	 80.62  	 76.63  	 75.56  	 76.93  	 76.13  	 73.78  	 73.51  	 35.97
1989	   6	  14	  14	 38.68  	 75.16  	 78.48  	 80.97  	 76.61  	 75.50  	 77.49  	 76.04  	 74.24  	 73.59  	 36.13
1989	   6	  29	  14	 33.91  	 74.31  	 77.80  	 80.08  	 76.55  	 74.88  	 76.55  	 75.87  	 74.12  	 73.36  	 35.88
1989	   7	  13	  14	 32.71  	 67.64  	 74.24  	 80.77  	 76.48  	 75.27  	 76.14  	 75.95  	 73.94  	 73.33  	 35.70
1989	   7	  27	  14	 33.23  	 72.41  	 77.03  	 80.21  	 76.80  	 75.13  	 76.27  	 75.70  	 73.92  	 72.82  	 35.79
1989	   8	  16	  14	 20.74  	 54.72  	 69.11  	 79.41  	 76.23  	 74.23  	 75.97  	 75.74  	 73.77  	 72.67  	 35.65
1989	   8	  31	  14	 38.71  	 70.70  	 75.58  	 80.04  	 75.50  	 75.12  	 76.64  	 76.52  	 74.10  	 72.89  	 35.80
1989	   9	  14	  14	 43.22  	 71.76  	 76.50  	 79.48  	 75.34  	 73.87  	 75.83  	 75.83  	 74.02  	 72.48  	 35.49
1989	   9	  28	  14	 22.77  	 65.34  	 73.17  	 79.13  	 75.70  	 74.83  	 74.79  	 76.19  	 73.66  	 72.61  	 35.81
1989	  10	  26	  14	 23.10  	 66.93  	 73.90  	 78.87  	 74.58  	 73.03  	 74.46  	 75.71  	 73.94  	 72.92  	 35.91
1989	  11	  30	  14	 19.68  	 65.72  	 72.53  	 78.40  	 74.21  	 71.97  	 73.61  	 76.05  	 72.94  	 72.72  	 35.78
1990	   1	   3	  14	 30.01  	 70.64  	 76.13  	 79.36  	 75.53  	 72.74  	 73.50  	 75.41  	 73.65  	 73.12  	 35.88
1990	   2	   1	  14	 55.66  	 73.70  	 77.43  	 79.86  	 76.01  	 74.11  	 75.27  	 74.71  	 73.63  	 72.32  	 35.73
1990	   3	   1	  14	 41.68  	 74.32  	 78.88  	 80.12  	 75.83  	 74.40  	 75.79  	 75.41  	 74.06  	 73.38  	 35.96
1990	   3	  14	  14	 38.99  	 72.91  	 76.76  	 79.36  	 75.35  	 73.45  	 74.59  	 75.41  	 73.89  	 73.29  	 35.94
1990	   3	  30	  14	 51.94  	 73.20  	 77.70  	 80.37  	 76.28  	 74.66  	 76.16  	 75.82  	 73.95  	 73.20  	 35.70
1990	   4	  19	  14	 38.86  	 74.92  	 78.24  	 81.21  	 76.39  	 74.62  	 76.09  	 76.13  	 73.91  	 73.31  	 36.11
1990	   5	   3	  14	 47.74  	 75.12  	 78.44  	 80.27  	 76.54  	 74.19  	 75.94  	 75.79  	 73.22  	 72.88  	 34.80
1990	   5	  16	  14	 65.86  	 75.03  	 78.23  	 80.28  	 76.37  	 74.50  	 75.51  	 74.62  	 73.39  	 72.53  	 35.80
1990	   5	  30	  14	 38.09  	 75.59  	 79.04  	 80.59  	 76.54  	 74.98  	 76.23  	 75.63  	 74.76  	 73.32  	 36.22
1990	   6	  14	  14	 29.80  	 73.59  	 78.53  	 81.12  	 76.48  	 75.22  	 76.67  	 76.10  	 74.42  	 73.36  	 36.09
1990	   6	  28	  14	 28.16  	 67.07  	 74.47  	 80.61  	 76.57  	 75.16  	 76.60  	 76.03  	 74.55  	 73.13  	 35.69
1990	   7	  17	  14	 11.72  	 52.32  	 70.16  	 80.07  	 76.19  	 74.39  	 76.64  	 76.53  	 74.16  	 72.87  	 35.98
1990	   7	  31	  14	 17.67  	 56.57  	 70.57  	 79.38  	 75.83  	 74.19  	 76.41  	 75.87  	 74.08  	 72.93  	 36.12
1990	   8	  15	  14	 12.92  	 51.69  	 68.01  	 78.20  	 75.57  	 73.82  	 75.04  	 76.03  	 73.94  	 72.91  	 36.11
1990	   8	  30	  14	 11.42  	 46.97  	 65.36  	 77.91  	 75.56  	 73.75  	 75.18  	 76.80  	 74.18  	 73.52  	 36.01
1990	   9	  13	  14	 26.66  	 64.15  	 71.05  	 76.16  	 74.59  	 72.38  	 74.06  	 75.36  	 74.48  	 73.41  	 36.15
1990	   9	  28	  14	 20.44  	 66.23  	 73.54  	 76.35  	 73.81  	 72.37  	 73.51  	 75.21  	 73.85  	 72.75  	 35.96
1990	  10	  30	  14	 22.24  	 69.47  	 74.67  	 79.27  	 74.90  	 72.94  	 73.84  	 74.97  	 73.31  	 73.09  	 35.81
1990	  11	  29	  14	 38.64  	 73.05  	 77.60  	 79.46  	 75.44  	 73.87  	 76.22  	 74.95  	 73.46  	 72.83  	 35.72
1991	   1	   4	  14	 40.98  	 73.24  	 76.92  	 79.59  	 75.17  	 74.50  	 75.21  	 74.99  	 72.83  	 72.09  	 36.12
1991	   1	  31	  14	 52.29  	 73.95  	 76.73  	 80.04  	 75.51  	 74.43  	 74.88  	 75.66  	 73.61  	 72.65  	 36.04
1991	   2	  28	  14	 48.56  	 75.38  	 76.85  	 76.85  	 76.14  	 73.48  	 75.00  	 76.25  	 74.08  	 72.01  	 35.90
1991	   3	  14	  14	 50.84  	 73.44  	 76.01  	 78.85  	 75.64  	 71.95  	 73.77  	 75.64  	 72.75  	 71.95  	 35.22
1991	   3	  27	  14	 43.45  	 73.80  	 77.90  	 80.15  	 75.82  	 74.84  	 75.22  	 75.71  	 73.80  	 72.54  	 36.05
1991	   4	  18	  14	 42.00  	 72.88  	 76.79  	 79.62  	 75.38  	 73.32  	 75.22  	 75.05  	 73.42  	 72.07  	 35.79
1991	   5	   1	  14	 41.65  	 72.82  	 77.10  	 79.90  	 76.22  	 74.19  	 75.24  	 75.78  	 74.36  	 72.49  	 35.97
1991	   5	  16	  14	 40.14  	 71.24  	 76.67  	 80.17  	 76.25  	 74.63  	 75.80  	 75.61  	 73.69  	 72.48  	 35.90
1991	   5	  31	  14	 27.83  	 65.31  	 72.98  	 79.16  	 76.81  	 74.13  	 75.82  	 75.06  	 71.77  	 72.05  	 35.39
1991	   6	  12	  14	 20.55  	 62.57  	 71.48  	 79.06  	 75.18  	 73.58  	 75.68  	 76.01  	 73.64  	 73.14  	 35.93
1991	   6	  28	  14	 19.33  	 60.61  	 70.02  	 79.22  	 75.28  	 72.98  	 75.33  	 75.33  	 72.87  	 73.14  	 35.89
1991	   7	  16	  14	 25.97  	 62.37  	 71.77  	 78.68  	 75.28  	 73.70  	 75.85  	 75.59  	 73.32  	 72.15  	 35.96
1991	   7	  30	  14	  9.10  	 56.56  	 71.37  	 81.37  	 78.35  	 76.65  	 77.62  	 78.19  	 76.73  	 72.50  	 37.38
1991	   8	  14	  14	 12.92  	 54.84  	 68.34  	 78.37  	 74.48  	 70.03  	 73.92  	 75.16  	 69.85  	 72.22  	 35.77
1991	   8	  29	  14	 22.89  	 56.66  	 67.73  	 73.96  	 74.76  	 70.00  	 69.96  	 74.68  	 73.81  	 69.92  	 35.49
1991	   9	  13	  14	 26.88  	 70.66  	 77.60  	 81.82  	 77.96  	 75.40  	 76.87  	 77.72  	 72.77  	 75.40  	 37.66
1991	   9	  30	  14	 33.60  	 70.99  	 77.49  	 82.46  	 78.26  	 72.81  	 76.89  	 78.30  	 72.65  	 74.95  	 37.13
1991	  10	  31	  14	 54.10  	 72.58  	 73.79  	 80.11  	 75.42  	 73.87  	 75.61  	 75.53  	 70.05  	 70.24 -	999.99
1991	  12	   3	  14	 59.15  	 74.67  	 77.77  	 79.19  	 74.75  	 73.96  	 75.72  	 74.82  	 69.45  	 71.87 -	999.99
1991	  12	  31	  14	 56.15  	 77.73  	 81.65  	 80.72  	 78.18  	 77.41  	 78.50  	 78.34  	 76.60  	 75.15 -	999.99
1992	   1	  29	  14	 58.61  	 75.02  	 78.04  	 77.26  	 75.73  	 74.16  	 75.65  	 75.09  	 69.75  	 73.26 -	999.99
1992	   2	  27	  14	 45.08  	 73.76  	 78.41  	 80.11  	 76.33  	 74.48  	 73.73  	 75.39  	 70.17  	 69.95 -	999.99
1992	   3	  16	  14	 39.07  	 67.99  	 74.69  	 78.21  	 74.44  	 74.62  	 74.44  	 74.48  	 74.51  	 71.00 -	999.99
1992	   3	  30	  14	 60.03  	 74.62  	 78.35  	 78.35  	 74.62  	 74.51  	 74.66  	 74.44  	 74.51  	 70.86 -	999.99
1992	   4	  14	  14	 41.16  	 68.71  	 75.29  	 80.44  	 75.82  	 74.35  	 76.28  	 75.67  	 74.08  	 73.55 -	999.99
1992	   4	  29	  14	 42.21  	 68.63  	 74.37  	 79.52  	 75.34  	 74.75  	 76.35  	 75.83  	 72.88  	 72.28 -	999.99
1992	   5	  15	  14	 26.82  	 57.92  	 72.16  	 80.18  	 76.24  	 75.21  	 76.97  	 76.21  	 74.45  	 73.84 -	999.99
1992	   5	  27	  14	 34.66  	 64.77  	 73.10  	 79.00  	 76.62  	 74.99  	 77.00  	 75.86  	 74.20  	 73.02 -	999.99
1992	   6	  12	  14	 16.93  	 60.65  	 71.80  	 79.57  	 76.43  	 75.09  	 76.47  	 75.74  	 73.94  	 73.86 -	999.99
1992	   6	  30	  14	 11.10  	 56.45  	 70.37  	 79.30  	 75.89  	 74.24  	 76.58  	 76.27  	 74.12  	 73.70 -	999.99
1992	   7	  15	  14	 30.35  	 58.95  	 70.13  	 78.71  	 75.43  	 73.23  	 76.41  	 76.03  	 73.76  	 73.12  	 36.09
1992	   7	  30	  14	 11.38  	 51.03  	 68.25  	 77.28  	 74.81  	 73.86  	 74.81  	 76.37  	 73.52  	 72.92  	 36.23
1992	   8	  14	  14	  9.10  	 47.43  	 65.41  	 76.86  	 74.24  	 72.99  	 74.28  	 76.06  	 73.71  	 73.37  	 36.17
1992	   8	  31	  14	 18.27  	 46.79  	 61.92  	 75.19  	 73.14  	 72.50  	 73.67  	 75.12  	 73.03  	 72.54  	 35.98
1992	   9	  14	  14	 18.15  	 56.64  	 65.11  	 75.34  	 73.32  	 71.67  	 73.47  	 75.07  	 73.66  	 73.35  	 36.09
1992	   9	  28	  14	 27.92  	 62.38  	 70.39  	 75.80  	 72.75  	 72.18  	 72.79  	 74.62  	 73.06  	 72.75  	 35.73
1992	  10	  29	  14	 17.39  	 59.24  	 68.42  	 75.28  	 72.06  	 70.63  	 71.83  	 74.27  	 72.43  	 71.57  	 35.67
1992	  11	  30	  14	 37.35  	 71.56  	 76.97  	 78.89  	 74.42  	 73.55  	 74.91  	 74.83  	 73.37  	 72.16  	 35.80
1992	  12	  29	  14	 44.33  	 71.46  	 76.72  	 79.76  	 75.33  	 73.79  	 75.33  	 74.46  	 73.30  	 72.62  	 35.96
1993	   1	  27	  14	 52.12  	 73.62  	 77.37  	 79.73  	 75.20  	 74.15  	 75.35  	 74.82  	 72.91  	 72.08  	 35.69
1993	   2	  23	  14	 51.81  	 73.60  	 77.66  	 79.71  	 75.35  	 73.64  	 75.09  	 74.53  	 73.53  	 72.56  	 35.92
1993	   3	  15	  14	 44.69  	 72.73  	 77.67  	 80.69  	 75.71  	 74.43  	 75.82  	 75.26  	 73.59  	 72.65  	 35.76
1993	   3	  30	  14	 50.55  	 74.54  	 78.42  	 80.36  	 76.25  	 74.38  	 76.13  	 75.75  	 73.85  	 72.86  	 36.09
1993	   4	  14	  14	 64.27  	 73.94  	 79.09  	 80.41  	 76.14  	 74.21  	 75.19  	 74.89  	 73.37  	 73.15  	 35.97
1993	   4	  27	  14	 40.04  	 71.93  	 78.02  	 80.46  	 76.19  	 74.56  	 75.58  	 75.01  	 72.80  	 72.84  	 36.21
1993	   5	  13	  14	 51.50  	 74.37  	 78.37  	 79.51  	 76.14  	 73.88  	 75.46  	 75.35  	 73.01  	 72.70  	 35.82
1993	   5	  26	  14	 44.24  	 70.23  	 76.39  	 80.91  	 77.31  	 74.82  	 76.01  	 76.16  	 73.10  	 73.25  	 36.03
1993	   6	  15	  14	 36.25  	 63.96  	 73.47  	 79.82  	 75.77  	 74.55  	 75.84  	 75.54  	 73.25  	 73.63  	 36.20
1993	   6	  28	  14	 30.70  	 67.32  	 74.76  	 79.52  	 76.07  	 75.03  	 76.45  	 75.26  	 73.88  	 73.12  	 36.39
1993	   7	  13	  14	 31.52  	 65.28  	 74.29  	 79.73  	 76.24  	 74.52  	 75.97  	 76.12  	 73.21  	 73.60  	 36.22
1993	   7	  28	  14	 33.69  	 67.41  	 75.59  	 80.86  	 76.79  	 75.39  	 76.79  	 76.17  	 73.73  	 73.50  	 36.13
1993	   8	  17	  14	 33.09  	 60.38  	 72.98  	 78.89  	 76.28  	 74.28  	 76.82  	 76.40  	 73.71  	 73.56  	 36.20
1993	   8	  30	  14	 21.28  	 63.35  	 72.99  	 79.08  	 75.98  	 74.30  	 76.25  	 76.21  	 74.03  	 73.72  	 36.46
1993	   9	  15	  14	 38.76  	 70.62  	 76.51  	 79.41  	 75.53  	 74.89  	 75.45  	 75.00  	 73.19  	 72.06  	 36.03
1993	   9	  28	  14	 44.54  	 75.26  	 78.81  	 79.99  	 76.67  	 75.60  	 76.63  	 75.68  	 74.12  	 73.32  	 35.93
1993	  10	  27	  14	 42.29  	 71.32  	 77.66  	 79.78  	 76.53  	 75.21  	 76.00  	 75.81  	 73.47  	 72.75  	 36.11
1993	  11	  29	  14	 51.33  	 74.50  	 78.74  	 80.10  	 76.34  	 75.40  	 76.34  	 75.52  	 73.56  	 72.51  	 36.27
1993	  12	  27	  14	 47.50  	 72.73  	 77.70  	 80.83  	 76.08  	 75.25  	 76.16  	 75.18  	 74.01  	 72.05  	 36.08
1994	   1	  26	  14	 64.75  	 73.21  	 77.60  	 80.33  	 76.77  	 75.53  	 76.47  	 75.31  	 72.98  	 72.76  	 36.34
1994	   2	  28	  14	 50.92  	 74.58  	 78.43  	 80.99  	 76.50  	 75.52  	 76.43  	 75.97  	 73.56  	 72.92  	 35.93
1994	   3	  16	  14	 44.04  	 72.68  	 78.42  	 80.31  	 76.30  	 75.55  	 76.30  	 76.08  	 73.47  	 73.09  	 36.26
1994	   3	  30	  14	 46.66  	 73.35  	 78.02  	 81.48  	 76.77  	 75.67  	 76.54  	 76.24  	 74.22  	 73.35  	 36.69
1994	   4	  15	  14	 59.30  	 75.10  	 78.63  	 80.79  	 76.77  	 75.36  	 76.92  	 75.70  	 74.26  	 73.08  	 36.37
1994	   4	  26	  14	 35.98  	 69.26  	 76.72  	 80.85  	 76.22  	 75.64  	 76.64  	 76.10  	 74.46  	 72.62  	 36.02
1994	   5	  13	  14	 42.75  	 72.05  	 78.91  	 81.14  	 76.69  	 75.81  	 76.96  	 76.31  	 74.24  	 73.93  	 35.97
1994	   5	  26	  14	 37.47  	 68.15  	 76.32  	 80.86  	 77.39  	 75.86  	 76.82  	 76.09  	 73.99  	 73.30  	 36.02
1994	   6	  15	  14	 29.38  	 70.95  	 77.13  	 81.19  	 76.94  	 75.55  	 77.02  	 76.28  	 74.31  	 73.58  	 36.13
1994	   6	  28	  14	 41.05  	 73.47  	 78.27  	 81.42  	 77.04  	 76.35  	 76.93  	 76.89  	 74.08  	 73.31  	 36.18
1994	   7	  15	  14	 18.60  	 59.68  	 72.78  	 81.00  	 76.83  	 76.33  	 77.18  	 76.56  	 74.13  	 73.86  	 36.31
1994	   7	  27	  14	 13.38  	 55.42  	 71.02  	 79.62  	 76.44  	 75.05  	 76.01  	 76.90  	 73.98  	 73.40  	 36.12
1994	   8	  12	  14	 25.01  	 55.27  	 69.49  	 79.28  	 76.35  	 74.27  	 75.55  	 76.59  	 74.20  	 73.70  	 36.02
1994	   8	  29	  14	 15.99  	 49.54  	 67.60  	 78.45  	 75.64  	 74.22  	 75.14  	 76.41  	 73.75  	 73.06  	 36.22
1994	   9	  16	  14	 13.16  	 49.78  	 67.33  	 77.73  	 74.83  	 72.62  	 74.11  	 75.10  	 73.42  	 72.89  	 35.91
1994	   9	  28	  14	 27.38  	 55.02  	 67.00  	 77.44  	 74.11  	 71.93  	 74.73  	 75.45  	 73.12  	 72.97  	 35.62
1994	  10	  26	  14	 22.92  	 60.57  	 71.30  	 77.32  	 73.46  	 72.02  	 73.08  	 74.25  	 73.12  	 72.24  	 35.35
1994	  11	  28	  14	 41.54  	 73.57  	 77.98  	 80.29  	 76.23  	 74.40  	 75.43  	 75.09  	 73.61  	 72.85  	 35.74
1994	  12	  27	  14	 38.83  	 73.86  	 78.49  	 80.54  	 76.18  	 74.74  	 75.95  	 75.46  	 73.98  	 72.69  	 35.95
1995	   1	  30	  14	 53.05  	 73.85  	 78.83  	 80.76  	 75.96  	 74.98  	 76.53  	 75.74  	 73.92  	 73.17  	 35.89
1995	   3	   1	  14	 58.64  	 74.02  	 78.48  	 80.67  	 76.33  	 74.47  	 76.44  	 75.30  	 73.15  	 72.62  	 35.95
1995	   3	  15	  14	 49.75  	 74.33  	 79.55  	 80.82  	 76.67  	 75.41  	 76.64  	 75.37  	 73.91  	 72.99  	 36.17
1995	   3	  29	  14	 39.02  	 69.73  	 76.59  	 79.78  	 76.41  	 74.36  	 76.25  	 75.72  	 73.56  	 72.61  	 35.87
1995	   4	  14	  14	 39.65  	 63.37  	 72.85  	 80.06  	 76.45  	 75.69  	 76.15  	 75.42  	 73.61  	 73.46  	 36.40
1995	   4	  26	  14	 39.10  	 68.70  	 75.78  	 80.39  	 76.47  	 74.03  	 76.39  	 75.29  	 73.88  	 73.31  	 36.27
1995	   5	  16	  14	 51.49  	 74.10  	 78.77  	 80.14  	 76.00  	 74.63  	 76.30  	 75.62  	 73.26  	 72.66  	 36.46
1995	   5	  30	  14	 42.17  	 74.00  	 79.03  	 81.03  	 76.27  	 74.80  	 76.77  	 76.00  	 73.88  	 73.11  	 36.52
1995	   6	  14	  14	 37.06  	 70.65  	 77.25  	 80.71  	 76.29  	 75.22  	 76.98  	 75.83  	 73.95  	 73.76  	 36.30
1995	   6	  28	  14	 31.79  	 65.09  	 74.54  	 80.08  	 75.77  	 74.31  	 76.12  	 75.89  	 73.81  	 73.24  	 36.56
1995	   7	  13	  14	 20.66  	 59.78  	 72.26  	 79.85  	 76.40  	 75.55  	 76.71  	 75.70  	 73.92  	 73.69  	 36.57
1995	   7	  31	  14	 12.50  	 53.39  	 70.15  	 78.97  	 75.84  	 74.60  	 76.07  	 76.42  	 74.45  	 73.36  	 36.58
1995	   8	  17	  14	 12.45  	 62.68  	 73.34  	 77.76  	 75.90  	 74.04  	 76.17  	 75.63  	 73.57  	 73.81  	 36.73
1995	   8	  29	  14	 13.69  	 56.12  	 71.09  	 77.86  	 75.42  	 73.72  	 74.69  	 76.27  	 74.42  	 73.18  	 36.45
1995	   9	  13	  14	 10.14  	 53.34  	 69.85  	 78.01  	 74.88  	 73.10  	 74.80  	 76.35  	 74.11  	 73.06  	 36.73
1995	   9	  28	  14	 11.79  	 52.22  	 68.88  	 77.25  	 74.53  	 72.72  	 74.53  	 75.45  	 74.03  	 73.34  	 36.90
1995	  10	  31	  14	 21.47  	 56.52  	 68.09  	 76.39  	 73.54  	 72.05  	 73.46  	 75.48  	 72.93  	 71.94  	 35.95
1995	  11	  30	  14	 24.45  	 63.69  	 72.77  	 76.70  	 73.72  	 71.56  	 72.69  	 74.13  	 73.00  	 72.43  	 35.50
1995	  12	  27	  14	 34.58  	 69.37  	 74.95  	 78.62  	 74.16  	 71.74  	 73.44  	 75.22  	 73.07  	 72.42  	 35.63
1996	   1	  29	  14	 53.90  	 73.02  	 77.60  	 78.87  	 74.71  	 73.62  	 74.86  	 74.45  	 72.83  	 72.61  	 35.72
1996	   3	   1	  14	 45.89  	 73.09  	 76.86  	 81.50  	 77.11  	 74.70  	 75.53  	 76.15  	 73.79  	 73.58  	 36.21
1996	   3	  15	  14	 42.78  	 73.38  	 78.32  	 80.08  	 76.67  	 74.64  	 75.14  	 75.48  	 73.76  	 72.99  	 36.06
1996	   3	  27	  14	 49.66  	 73.73  	 77.64  	 79.77  	 75.86  	 74.95  	 75.02  	 75.55  	 73.05  	 72.21  	 35.59
1996	   4	  12	  14	 43.33  	 73.14  	 79.07  	 80.76  	 76.33  	 74.91  	 76.10  	 75.53  	 73.64  	 73.33  	 35.84
1996	   4	  30	  14	 58.15  	 75.76  	 79.20  	 80.50  	 75.76  	 75.07  	 75.72  	 75.49  	 73.23  	 72.24  	 36.22
1996	   5	  15	  14	 57.35  	 75.29  	 78.95  	 80.22  	 76.41  	 75.02  	 76.29  	 76.06  	 74.14  	 72.91  	 36.20
1996	   5	  30	  14	 40.50  	 74.32  	 78.49  	 81.47  	 76.87  	 74.59  	 75.67  	 75.71  	 74.05  	 72.93  	 36.18
1996	   6	  13	  14	 47.28  	 74.94  	 79.25  	 81.00  	 76.84  	 75.17  	 76.88  	 76.07  	 74.12  	 73.74  	 36.17
1996	   6	  25	  14	 30.11  	 68.45  	 76.34  	 81.19  	 76.57  	 74.94  	 75.76  	 76.26  	 73.85  	 73.31  	 36.56
1996	   7	  15	  14	 29.54  	 61.27  	 71.48  	 79.60  	 76.35  	 74.69  	 76.58  	 76.27  	 74.26  	 73.02  	 36.09
1996	   7	  29	  14	 22.10  	 66.10  	 74.09  	 80.55  	 76.74  	 75.09  	 76.01  	 75.36  	 73.67  	 73.21  	 36.14
1996	   8	  14	  14	 11.98  	 56.94  	 71.44  	 79.21  	 75.69  	 74.03  	 76.54  	 75.96  	 74.42  	 73.37  	 35.85
1996	   8	  29	  14	 17.37  	 53.17  	 68.86  	 79.55  	 75.92  	 74.15  	 74.88  	 75.88  	 73.42  	 72.91  	 36.07
1996	   9	  12	  14	 10.80  	 49.47  	 67.71  	 77.91  	 75.53  	 73.02  	 73.91  	 75.68  	 73.45  	 73.14  	 36.11
1996	   9	  27	  14	 44.66  	 71.53  	 76.55  	 78.23  	 74.96  	 73.09  	 74.04  	 75.64  	 73.43  	 72.82  	 36.15
1996	  10	  30	  14	 37.08  	 70.65  	 76.81  	 79.11  	 75.17  	 73.18  	 74.59  	 75.59  	 73.71  	 72.87  	 36.17
1996	  11	  25	  14	 49.14  	 73.05  	 76.59  	 80.42  	 75.39  	 74.82  	 75.46  	 75.12  	 73.05  	 72.53  	 35.68
1997	   1	   2	  14	 51.09  	 73.88  	 77.72  	 80.38  	 76.05  	 74.41  	 75.74  	 76.20  	 73.27  	 72.70  	 36.18
1997	   1	  29	  14	 53.23  	 74.41  	 77.60  	 80.76  	 76.35  	 74.22  	 75.70  	 76.46  	 73.16  	 72.78  	 36.96
1997	   2	  25	  14	 50.22  	 74.88  	 79.23  	 80.84  	 76.80  	 75.53  	 76.57  	 76.00  	 73.80  	 73.38  	 36.15
1997	   3	  14	  14	 54.36  	 74.62  	 79.07  	 80.17  	 75.53  	 75.04  	 75.95  	 74.96  	 73.98  	 72.53  	 36.08
1997	   3	  26	  14	 44.97  	 74.05  	 78.76  	 80.91  	 76.42  	 75.50  	 76.35  	 76.15  	 74.08  	 73.32  	 36.03
1997	   4	  14	  14	 50.62  	 74.96  	 78.73  	 80.56  	 76.25  	 75.45  	 76.37  	 75.64  	 73.35  	 72.51  	 35.70
1997	   4	  28	  14	 44.05  	 74.78  	 79.09  	 80.62  	 76.05  	 75.78  	 76.36  	 75.71  	 73.98  	 73.36  	 35.97
1997	   5	  15	  14	 37.47  	 69.82  	 76.86  	 80.45  	 77.10  	 75.29  	 76.90  	 76.71  	 74.09  	 73.40  	 35.93
1997	   5	  29	  14	 36.92  	 70.39  	 79.34  	 79.67  	 75.63  	 74.97  	 75.79  	 74.76  	 73.61  	 72.90  	 35.68
1997	   6	  13	  14	 49.04  	 73.50  	 80.82  	 80.43  	 75.04  	 74.82  	 76.09  	 75.37  	 73.39  	 72.95  	 35.82
1997	   6	  25	  14	 44.18  	 72.44  	 81.03  	 79.26  	 75.16  	 75.05  	 76.15  	 75.82  	 73.66  	 73.44  	 36.08
1997	   7	  15	  14	 33.32  	 64.00  	 75.00  	 81.86  	 77.49  	 76.30  	 77.64  	 76.70  	 75.16  	 73.39  	 36.57
1997	   7	  29	  14	 14.07  	 54.69  	 71.45  	 78.92  	 76.57  	 75.36  	 76.96  	 76.53  	 74.15  	 74.03  	 36.39
1997	   8	  15	  14	 33.22 -	999.99 -	999.99 -	999.99  	 56.82  	 74.15  	 75.20  	 76.06  	 73.80  	 72.87  	 36.28
1997	   8	  27	  14	 29.50  	 60.83  	 72.40  	 78.36  	 75.58  	 74.56  	 74.83  	 76.44  	 74.48  	 74.09  	 36.55
1997	   9	  12	  14	 20.02  	 56.55  	 69.94  	 77.28  	 75.14  	 73.69  	 75.06  	 75.80  	 74.20  	 73.42  	 36.22
1997	   9	  24	  14	 25.52  	 55.13  	 69.22  	 77.66  	 74.60  	 72.39  	 73.94  	 74.87  	 74.10  	 73.28  	 36.10
1997	  10	  28	  14	 28.41  	 56.17  	 69.42  	 77.53  	 74.90  	 72.31  	 73.63  	 75.63  	 74.21  	 73.70  	 36.10
1997	  11	  24	  14	 28.88  	 62.15  	 72.57  	 77.42  	 73.84  	 72.03  	 73.03  	 75.26  	 73.42  	 73.26  	 36.00
1997	  12	  30	  14	 39.41  	 69.26  	 75.76  	 78.44  	 73.69  	 71.82  	 73.39  	 74.88  	 72.62  	 72.47  	 35.78
1998	   1	  27	  14	 49.74  	 75.36  	 78.96  	 80.70  	 76.01  	 74.81  	 75.90  	 76.56  	 73.96  	 73.61  	 36.30
1998	   2	  24	  14	 45.75  	 75.44  	 79.82  	 80.36  	 76.33  	 75.06  	 76.02  	 75.25  	 74.32  	 73.16  	 36.09
1998	   3	  13	  14	 47.47  	 75.04  	 79.20  	 80.51  	 77.08  	 74.88  	 75.57  	 75.50  	 73.76  	 73.45  	 36.28
1998	   3	  31	  14	 48.46  	 75.57  	 80.45  	 81.08  	 76.55  	 75.11  	 76.43  	 75.93  	 73.94  	 73.74  	 36.73
1998	   4	  15	  14	 51.46  	 74.45  	 79.82  	 81.34  	 76.17  	 74.88  	 76.32  	 76.28  	 73.99  	 73.52  	 36.70
1998	   4	  28	  14	 49.73  	 73.69  	 78.99  	 80.79  	 76.24  	 74.14  	 75.37  	 74.83  	 72.81  	 73.15  	 36.73
1998	   5	  15	  14	 44.43  	 74.66  	 80.35  	 81.09  	 76.88  	 75.36  	 76.10  	 76.57  	 74.00  	 73.18  	 35.71
1998	   5	  27	  14	 49.01  	 74.50  	 79.40  	 81.11  	 77.18  	 75.36  	 75.79  	 75.94  	 74.08  	 73.92  	 36.16
1998	   6	  15	  14	 42.45  	 75.50  	 80.66  	 81.95  	 77.26  	 75.66  	 76.75  	 76.05  	 74.44  	 73.23  	 36.40
1998	   6	  29	  14	 34.31  	 72.42  	 79.30  	 81.69  	 76.56  	 75.51  	 76.56  	 76.13  	 73.98  	 73.98  	 36.48
1998	   7	  15	  14	 35.66  	 74.65  	 80.10  	 80.68  	 76.70  	 74.49  	 75.93  	 76.23  	 73.84  	 73.26  	 36.15
1998	   7	  28	  14	 37.92  	 74.43  	 79.50  	 80.94  	 77.20  	 75.52  	 76.50  	 76.61  	 73.77  	 73.54  	 36.20
1998	   8	  14	  14	 41.85  	 74.80  	 80.26  	 81.96  	 77.22  	 76.31  	 76.86  	 77.33  	 75.04  	 73.38  	 36.35
1998	   8	  31	  14	 27.39  	 62.11  	 74.37  	 81.37  	 76.35  	 74.87  	 76.62  	 75.84  	 74.37  	 73.04  	 36.74
1998	   9	  17	  14	 27.51  	 57.63  	 71.82  	 80.45  	 76.53  	 74.77  	 76.37  	 76.80  	 73.98  	 73.00  	 36.15
1998	   9	  28	  14	 17.41  	 56.37  	 71.43  	 80.04  	 76.20  	 75.03  	 75.73  	 76.36  	 74.56  	 73.46  	 36.42
1998	  10	  28	  14	 29.89  	 67.94  	 76.42  	 79.93  	 75.79  	 74.54  	 75.05  	 76.46  	 74.58  	 73.68  	 36.18
1998	  12	   1	  14	 38.79  	 70.01  	 77.32  	 80.05  	 76.00  	 73.82  	 74.64  	 76.70  	 74.52  	 73.47  	 36.48
1998	  12	  28	  14	 44.53  	 70.68  	 77.64  	 79.13  	 75.69  	 74.09  	 75.62  	 75.50  	 74.09  	 73.05  	 36.20
1999	   1	  27	  14	 46.22  	 74.60  	 79.28  	 80.72  	 77.35  	 75.03  	 76.42  	 76.03  	 74.64  	 73.83  	 36.29
1999	   2	  24	  14	 40.75  	 75.23  	 79.15  	 80.96  	 76.92  	 75.11  	 76.65  	 76.11  	 74.34  	 73.38  	 35.94
1999	   3	  17	  14	 53.19  	 75.52  	 80.26  	 81.23  	 76.53  	 75.95  	 76.84  	 76.53  	 74.16  	 73.39  	 36.25
1999	   3	  29	  14	 48.96  	 76.12  	 79.83  	 81.27  	 77.10  	 75.96  	 77.29  	 76.63  	 74.17  	 73.66  	 36.40
1999	   4	  15	  14	 51.86  	 75.37  	 79.93  	 80.51  	 76.42  	 74.76  	 76.42  	 75.91  	 73.71  	 73.37  	 36.32
1999	   4	  28	  14	 48.68  	 75.06  	 79.64  	 82.05  	 77.62  	 75.37  	 76.84  	 76.14  	 74.55  	 73.27  	 36.25
1999	   5	  13	  14	 43.03  	 74.52  	 80.28  	 82.29  	 77.99  	 76.65  	 77.52  	 77.04  	 75.27  	 74.36  	 36.85
1999	   6	   1	  14	 38.65  	 64.16  	 74.67  	 78.39  	 75.27  	 74.30  	 74.51  	 74.73  	 73.92  	 74.08  	 37.36
1999	   6	  15	  14	 26.75  	 63.20  	 75.45  	 79.77  	 78.32  	 75.96  	 76.39  	 75.92  	 75.53  	 75.30  	 37.67
1999	   6	  28	  14	 33.95  	 62.35  	 75.30  	 80.21  	 77.12  	 76.65  	 77.52  	 76.84  	 76.72  	 76.84  	 37.95
1999	   7	  15	  14	 19.37  	 55.05  	 73.21  	 79.23  	 76.81  	 76.22  	 77.56  	 76.69  	 75.98  	 75.74  	 37.93
1999	   7	  27	  14	 26.58  	 54.40  	 73.10  	 78.55  	 76.18  	 75.28  	 77.00  	 75.87  	 75.63  	 75.48  	 37.27
1999	   8	  13	  14	 16.19  	 47.04  	 69.17  	 76.55  	 74.14  	 74.81  	 76.32  	 75.33  	 75.92  	 75.88  	 37.53
1999	   8	  30	  14	 12.08  	 43.00  	 63.70  	 73.07  	 69.24  	 71.19  	 74.20  	 73.96  	 74.75  	 75.21  	 37.47
1999	   9	  15	  14	 10.17  	 41.84  	 61.02  	 69.85  	 66.32  	 68.63  	 72.40  	 72.72  	 74.44  	 73.54  	 37.34
1999	   9	  28	  14	 10.72  	 41.54  	 59.26  	 69.79  	 65.52  	 67.32  	 71.23  	 71.59  	 73.11  	 72.60  	 36.65
1999	  10	  27	  14	 25.98  	 60.53  	 71.44  	 73.80  	 69.31  	 69.08  	 70.49  	 71.40  	 72.86  	 72.38  	 36.64
1999	  12	   1	  14	 15.00  	 52.73  	 67.95  	 73.11  	 67.68  	 67.13  	 69.50  	 70.98  	 72.73  	 72.22  	 36.17
1999	  12	  27	  14	 33.10  	 68.03  	 75.92  	 78.92  	 73.57  	 70.19  	 70.65  	 71.19  	 72.11  	 71.42  	 36.21
2000	   1	  26	  14	 34.76  	 68.66  	 76.38  	 79.59  	 75.35  	 71.64  	 71.03  	 71.30  	 71.91  	 73.55  	 37.14
2000	   2	  28	  14	 39.19  	 74.91  	 80.12  	 80.24  	 76.76  	 74.91  	 74.72  	 74.79  	 74.10  	 74.18  	 37.34
2000	   3	  14	  14	 40.06  	 75.53  	 79.62  	 82.42  	 76.97  	 75.14  	 75.18  	 75.30  	 74.48  	 75.07  	 37.59
2000	   3	  28	  14	 42.60  	 73.73  	 80.49  	 81.31  	 78.10  	 75.20  	 75.28  	 74.81  	 74.74  	 74.23  	 37.58
2000	   4	  14	  14	 36.77  	 69.51  	 78.71  	 81.99  	 78.55  	 76.28  	 75.85  	 75.97  	 75.26  	 75.42  	 38.10
2000	   4	  26	  14	 35.38  	 70.92  	 79.18  	 82.51  	 78.63  	 75.76  	 76.90  	 76.23  	 75.56  	 75.29  	 37.51
2000	   5	  16	  14	 34.89  	 65.86  	 77.78  	 81.60  	 78.30  	 76.09  	 76.80  	 76.13  	 75.07  	 75.38  	 37.93
2000	   5	  30	  14	 34.55  	 67.08  	 77.82  	 81.59  	 78.65  	 76.10  	 76.49  	 75.82  	 75.31  	 74.69  	 37.68
2000	   6	  14	  14	 27.28  	 56.28  	 75.38  	 79.78  	 77.07  	 75.65  	 76.20  	 76.01  	 75.77  	 74.98  	 37.79
2000	   6	  28	  14	 35.27  	 70.75  	 80.41  	 82.45  	 78.84  	 76.56  	 76.72  	 75.85  	 75.97  	 75.58  	 37.44
2000	   7	  14	  14	 36.38  	 70.05  	 80.11  	 81.69  	 79.21  	 77.59  	 76.13  	 76.44  	 76.09  	 75.30  	 37.71
2000	   7	  26	  14	 28.65  	 62.06  	 76.29  	 80.86  	 77.81  	 76.84  	 76.41  	 75.47  	 75.23  	 74.84  	 37.54
2000	   8	  16	  14	 28.16  	 66.80  	 77.58  	 82.02  	 79.01  	 76.99  	 75.72  	 76.23  	 75.99  	 75.76  	 37.92
2000	   8	  29	  14	 33.01  	 63.05  	 76.28  	 80.44  	 77.87  	 76.36  	 76.87  	 76.20  	 75.33  	 75.37  	 37.78
2000	   9	  14	  14	 30.94  	 54.79  	 73.66  	 79.25  	 76.65  	 74.88  	 76.18  	 75.32  	 76.34  	 74.84  	 37.78
2000	   9	  27	  14	 35.52  	 63.65  	 76.07  	 79.22  	 76.30  	 75.36  	 75.63  	 75.67  	 75.91  	 75.00  	 37.66
2000	  10	  30	  14	 21.03  	 51.15  	 71.51  	 77.34  	 73.18  	 72.83  	 74.66  	 74.27  	 74.50  	 74.35  	 37.45
2000	  11	  28	  14	 38.81  	 64.08  	 77.98  	 80.37  	 76.48  	 74.71  	 75.67  	 75.55  	 75.09  	 75.17  	 37.22
2000	  12	  27	  14	 45.17  	 68.54  	 79.49  	 80.44  	 76.50  	 74.83  	 74.87  	 75.44  	 74.00  	 74.53  	 37.09
2001	   1	  30	  14	 53.47  	 80.13  	 80.44  	 81.61  	 78.70  	 75.65  	 76.61  	 75.10  	 75.10  	 74.95  	 37.46
2001	   2	  26	  14	 52.42  	 80.08  	 80.58  	 81.58  	 77.68  	 75.94  	 76.14  	 76.06  	 75.17  	 74.71  	 37.26
2001	   3	  14	  14	 46.02  	 71.63  	 80.88  	 81.84  	 78.28  	 75.69  	 77.05  	 75.46  	 75.27  	 74.77  	 37.36
2001	   3	  29	  14	 45.75  	 69.75  	 80.69  	 81.90  	 78.29  	 75.57  	 76.58  	 76.00  	 75.18  	 75.34  	 37.53
2001	   4	  12	  14	 44.68  	 69.38  	 80.68  	 82.65  	 78.56  	 76.55  	 77.06  	 76.27  	 76.39  	 76.04  	 37.94
2001	   4	  25	  14	 31.64  	 63.89  	 77.77  	 80.81  	 77.57  	 76.52  	 77.10  	 76.52  	 75.43  	 75.43  	 37.69
2001	   5	  15	  14	 15.94  	 49.38  	 73.74  	 80.25  	 77.49  	 76.54  	 77.56  	 76.30  	 75.99  	 75.04  	 37.97
2001	   5	  29	  14	 24.04  	 50.30  	 72.14  	 79.59  	 76.88  	 75.31  	 76.65  	 76.18  	 75.31  	 74.92  	 37.46
2001	   6	  14	  14	 16.49  	 46.04  	 70.73  	 78.29  	 76.40  	 75.02  	 76.87  	 75.85  	 75.93  	 74.98  	 37.63
2001	   6	  27	  14	 36.37  	 59.88  	 75.11  	 79.52  	 76.76  	 76.29  	 77.19  	 76.37  	 75.42  	 75.58  	 37.46
2001	   7	  13	  14	 22.84  	 54.38  	 71.87  	 76.27  	 73.60  	 73.86  	 75.14  	 74.16  	 73.75  	 73.11  	 36.82
2001	   7	  30	  14	 25.21  	 53.88  	 72.58  	 77.82  	 74.82  	 74.90  	 77.30  	 76.08  	 75.89  	 75.06  	 37.57
2001	   8	  15	  14	 15.96  	 47.04  	 69.27  	 75.21  	 72.77  	 73.99  	 75.44  	 75.64  	 75.44  	 74.93  	 37.54
2001	   8	  29	  14	 29.39  	 61.02  	 75.52  	 79.40  	 75.21  	 74.23  	 76.07  	 76.11  	 75.40  	 74.85  	 37.47
2001	   9	  14	  14	 23.11  	 54.87  	 73.22  	 77.56  	 72.87  	 72.87  	 75.18  	 73.77  	 75.49  	 75.06  	 37.47
2001	   9	  27	  14	 17.59  	 52.77  	 72.25  	 76.67  	 72.68  	 72.88  	 75.25  	 74.26  	 75.25  	 75.57  	 37.64
2001	  10	  29	  14	 34.73  	 69.10  	 79.54  	 81.33  	 78.05  	 75.59  	 76.06  	 76.41  	 76.95  	 71.40  	 37.40
2001	  11	  28	  14	 45.64  	 72.69  	 79.40  	 79.98  	 77.28  	 75.31  	 75.55  	 75.62  	 76.16  	 74.89  	 37.27
2001	  12	  26	  14	 47.13  	 74.97  	 80.27  	 80.88  	 77.15  	 75.36  	 75.70  	 75.32  	 74.82  	 74.17  	 37.26
2002	   1	  29	  14	 48.12  	 79.02  	 80.85  	 82.59  	 77.98  	 77.20  	 76.66  	 76.11  	 75.45  	 75.14  	 37.22
2002	   2	  27	  14	 47.65  	 77.34  	 80.16  	 81.27  	 77.31  	 76.24  	 75.94  	 75.29  	 75.10  	 74.22  	 37.09
2002	   3	  14	  14	 50.57  	 80.15  	 82.45  	 82.22  	 78.67  	 76.61  	 76.65  	 76.61  	 75.59  	 75.28  	 37.41
2002	   3	  26	  14	 50.89  	 78.65  	 80.62  	 81.69  	 78.08  	 75.11  	 75.87  	 75.75  	 74.61  	 74.50  	 37.19
2002	   4	  12	  14	 47.66  	 76.32  	 79.82  	 80.47  	 77.00  	 77.95  	 75.82  	 75.71  	 74.53  	 74.07  	 37.05
2002	   4	  29	  14	 40.58  	 78.98  	 81.15  	 82.04  	 78.86  	 76.12  	 76.16  	 75.69  	 75.89  	 74.96  	 37.44
2002	   5	  15	  14	 43.32  	 78.30  	 81.00  	 82.16  	 77.80  	 76.17  	 76.41  	 75.90  	 75.52  	 74.94  	 37.39
2002	   5	  29	  14	 39.31  	 70.30  	 79.12  	 81.55  	 78.65  	 76.61  	 77.04  	 78.69  	 75.67  	 75.47  	 37.87
2002	   6	  14	  14	 34.89  	 69.56  	 78.31  	 80.52  	 78.71  	 76.74  	 77.25  	 76.50  	 75.87  	 75.32  	 37.58
2002	   6	  26	  14	 30.20  	 66.00  	 76.71  	 80.98  	 79.12  	 76.12  	 77.34  	 77.11  	 76.32  	 76.24  	 37.43
2002	   7	  12	  14	 43.67  	 69.34  	 75.67  	 80.71  	 78.45  	 75.79  	 76.42  	 76.10  	 74.58  	 75.05  	 37.19
2002	   7	  29	  14	 21.20  	 52.03  	 71.80  	 79.96  	 77.79  	 76.06  	 76.81  	 77.36  	 75.98  	 75.90  	 37.63
2002	   8	  15	  14	 28.66  	 46.95  	 65.93  	 76.79  	 75.93  	 75.10  	 75.73  	 74.90  	 76.48  	 75.53  	 37.51
2002	   8	  28	  14	 15.29  	 44.84  	 62.32  	 75.87  	 74.51  	 73.77  	 74.75  	 73.97  	 74.90  	 74.82  	 37.30
2002	   9	  13	  14	 10.45  	 41.10  	 59.22  	 70.77  	 68.72  	 71.99  	 75.05  	 74.15  	 73.71  	 74.23  	 37.21
2002	   9	  25	  14	 25.13  	 55.14  	 68.52  	 76.24  	 73.18  	 72.44  	 73.91  	 73.45  	 73.83  	 74.07  	 36.92
2002	  11	   4	  14	 36.21  	 64.34  	 75.18  	 77.45  	 73.19  	 72.69  	 72.97  	 72.25  	 71.81  	 71.15  	 35.30
2002	  11	  25	  14	 30.59  	 65.03  	 75.81  	 78.88  	 75.97  	 74.42  	 74.03  	 73.64  	 73.41  	 73.10  	 38.49
2002	  12	  30	  14	 52.47  	 86.36  	 81.71  	 82.29  	 77.60  	 75.94  	 77.53  	 77.72  	 76.91  	 77.25  	 38.32
2003	   1	  29	  14	 54.02  	 67.28  	 75.82  	 80.19  	 76.70  	 75.70  	 77.20  	 76.74  	 76.24  	 76.35  	 38.06
2003	   2	  26	  14	 57.59  	 89.42  	 85.86  	 86.91  	 82.51  	 80.33  	 81.17  	 81.13  	 81.05  	 79.33  	 39.85
2003	   3	  13	  14	 59.23  	 85.83  	 82.17  	 82.71  	 78.70  	 76.27  	 77.97  	 77.50  	 77.46  	 76.42  	 38.02
2003	   3	  26	  14	 55.41  	 85.34  	 81.34  	 83.20  	 78.93  	 76.40  	 78.07  	 77.37  	 78.11  	 77.18  	 38.06
2003	   4	  15	  14	 30.51  	 69.09  	 77.25  	 82.00  	 78.73  	 76.36  	 77.76  	 77.33  	 77.06  	 77.37  	 37.56
2003	   4	  28	  14	 55.36  	 86.16  	 82.20  	 83.09  	 78.62  	 76.72  	 78.35  	 77.22  	 77.38  	 77.30  	 37.80
2003	   5	  14	  14	 44.44  	 71.76  	 82.05  	 83.06  	 78.67  	 76.88  	 78.12  	 77.31  	 77.15  	 76.53  	 37.64
2003	   5	  27	  14	 42.84  	 83.48  	 81.69  	 82.58  	 78.89  	 76.59  	 77.76  	 77.99  	 77.88  	 76.63  	 37.89
2003	   6	  12	  14	 49.68  	 86.51  	 83.20  	 83.64  	 79.89  	 76.82  	 78.39  	 78.27  	 78.35  	 77.60  	 38.27
2003	   6	  25	  14	 26.32  	 67.09  	 76.44  	 81.49  	 78.32  	 76.83  	 77.18  	 78.08  	 77.10  	 77.10  	 37.69
2003	   7	  15	  14	 12.81  	 56.73  	 73.91  	 80.64  	 77.71  	 76.29  	 78.03  	 78.19  	 77.64  	 78.23  	 37.87
2003	   7	  29	  14	 12.63  	 49.19  	 70.14  	 78.84  	 76.66  	 75.24  	 75.87  	 78.88  	 78.17  	 77.49  	 37.76
2003	   8	  14	  14	 13.09  	 50.65  	 69.63  	 78.32  	 76.03  	 75.56  	 75.32  	 75.12  	 78.01  	 78.09  	 37.80
2003	   8	  27	  14	  9.64  	 44.70  	 65.43  	 76.13  	 72.93  	 74.07  	 73.72  	 74.00  	 77.19  	 77.23  	 37.51
2003	   9	  16	  14	 13.02  	 50.77  	 67.30  	 75.73  	 72.34  	 72.50  	 73.80  	 73.25  	 74.27  	 76.83  	 37.51
2003	   9	  29	  14	 26.34  	 63.21  	 72.55  	 77.67  	 74.14  	 72.40  	 73.72  	 73.14  	 77.36  	 77.36  	 37.21
2003	  10	  29	  14	 25.21  	 57.63  	 71.36  	 76.27  	 72.95  	 72.17  	 72.83  	 72.60  	 72.56  	 71.21  	 37.38
2003	  11	  24	  14	 33.55  	 69.53  	 75.98  	 80.19  	 75.52  	 73.47  	 76.72  	 77.45  	 77.60  	 76.10  	 37.47
2003	  12	  29	  14	 44.26  	 70.38  	 76.16  	 79.57  	 76.55  	 74.48  	 76.58  	 77.24  	 77.77  	 76.81  	 36.91
2004	   1	  28	  14	 39.28  	 69.69  	 77.19  	 81.11  	 77.77  	 74.80  	 77.50  	 78.03  	 77.11  	 76.38  	 37.00
2004	   2	  25	  14	 41.45  	 69.67  	 75.23  	 78.90  	 74.94  	 72.90  	 74.97  	 75.16  	 74.25  	 73.12  	 35.96
2004	   3	  12	  14	 35.24  	 74.61  	 78.82  	 81.86  	 78.20  	 76.68  	 78.39  	 78.94  	 78.12  	 76.05  	 37.42
2004	   3	  29	  14	 61.05  	 78.27  	 81.73  	 82.67  	 78.70  	 76.82  	 78.94  	 79.76  	 78.39  	 75.64  	 37.54
2004	   4	  15	  14	 29.67  	 69.05  	 76.16  	 81.38  	 78.08  	 76.36  	 78.91  	 79.22  	 77.45  	 76.08  	 37.57
2004	   4	  28	  14	 26.69  	 68.73  	 76.52  	 80.78  	 77.89  	 76.28  	 77.77  	 78.55  	 78.04  	 75.26  	 37.65
2004	   5	  12	  14	 25.54  	 66.62  	 75.76  	 81.04  	 78.71  	 76.55  	 78.75  	 79.31  	 77.77  	 76.55  	 37.60
2004	   5	  27	  14	 52.54  	 77.52  	 79.55  	 82.20  	 78.53  	 76.42  	 77.99  	 78.30  	 77.91  	 75.88  	 37.78
2004	   6	  15	  14	 32.91  	 65.32  	 74.73  	 81.53  	 77.89  	 76.35  	 78.56  	 78.60  	 78.09  	 75.99  	 37.92
2004	   6	  28	  14	 19.87  	 59.31  	 73.35  	 80.13  	 77.13  	 75.40  	 77.68  	 79.06  	 78.16  	 75.87  	 37.82
