# Station Name: Topeka
# Station Code: MTF
# Station Latitude: 40.300000
# Station Longitude: 89.900000
# Station Altitude: 152.000000
Year	  MO	  DY	 Sta	 0-10cm 	 10-30  	 30-50  	 50-70  	 70-90  	 90-110 	 110-130	 130-150	 150-170	 170-190	 190-200
1981	   6	   1	  16	  8.40  	 26.43  	 33.53  	 37.01  	 25.48  	 20.76  	 18.71  	 18.83  	 20.46  	 18.26  	  9.25
1981	   6	  18	  16	 18.56  	 29.90  	 36.27  	 39.99  	 27.50  	 22.58  	 20.85  	 18.89  	 19.91  	 17.58  	  9.13
1981	   7	   9	  16	 17.09  	 29.83  	 33.77  	 38.01  	 25.31  	 21.46  	 20.10  	 19.94  	 21.26  	 19.75  	  9.80
1981	   7	  29	  16	 21.59  	 35.16  	 37.08  	 40.61  	 27.42  	 23.52  	 22.85  	 21.43  	 22.09  	 20.95  	 10.41
1981	   8	  13	  16	 10.70  	 23.89  	 27.70  	 30.79  	 20.96  	 17.48  	 16.08  	 15.62  	 16.93  	 15.43  	  7.76
1981	   8	  27	  16	 10.53  	 26.04  	 32.53  	 37.17  	 23.73  	 20.53  	 18.67  	 18.32  	 20.02  	 18.01  	  9.15
1981	   9	  17	  16	 11.50  	 23.54  	 25.96  	 27.36  	 17.96  	 15.05  	 14.29  	 13.88  	 14.59  	 13.68  	  6.91
1981	   9	  30	  16	 12.32  	 27.75  	 31.50  	 33.21  	 21.22  	 18.17  	 16.52  	 15.57  	 17.20  	 15.54  	  7.93
1981	  10	  15	  16	 19.77  	 33.51  	 35.32  	 34.97  	 22.25  	 19.24  	 17.30  	 17.05  	 17.62  	 16.31  	  8.46
1981	  10	  29	  16	 14.24  	 29.24  	 33.54  	 36.32  	 24.02  	 20.99  	 19.29  	 17.75  	 18.24  	 16.03  	  8.27
1981	  11	  16	  16	 14.58  	 30.94  	 34.47  	 37.54  	 24.27  	 21.06  	 19.88  	 18.33  	 19.79  	 18.07  	  9.08
1981	  12	   2	  16	 20.61  	 32.43  	 34.92  	 35.38  	 22.65  	 19.43  	 18.09  	 17.44  	 18.65  	 17.08  	  8.67
1981	  12	  30	  16	 59.22  	 31.12  	 31.96  	 35.70  	 23.42  	 20.08  	 18.98  	 18.07  	 19.25  	 18.03  	  8.78
1982	   1	  27	  16	 41.40  	 38.91  	 39.41  	 38.71  	 20.80  	 19.50  	 18.92  	 18.19  	 19.20  	 18.31  	  9.31
1982	   2	  11	  16	 47.66  	 38.85  	 39.07  	 38.69  	 20.56  	 18.04  	 17.62  	 17.34  	 18.92  	 17.28  	  8.63
1982	   2	  25	  16	 40.89  	 46.96  	 51.06  	 46.32  	 29.59  	 28.69  	 25.62  	 24.49  	 25.78  	 20.41  	  9.85
1982	   3	  16	  16	 25.23  	 38.65  	 40.82  	 41.44  	 30.05  	 26.11  	 24.74  	 24.49  	 25.05  	 23.39  	 11.86
1982	   3	  31	  16	 13.21  	 29.34  	 33.26  	 35.88  	 24.34  	 21.32  	 20.58  	 19.61  	 20.77  	 19.20  	  9.79
1982	   4	  14	  16	 14.67  	 29.94  	 33.59  	 35.81  	 25.00  	 21.35  	 19.49  	 18.53  	 19.84  	 17.59  	  9.01
1982	   4	  28	  16	 12.58  	 28.35  	 32.76  	 34.95  	 23.98  	 20.58  	 19.64  	 19.63  	 20.64  	 18.94  	  9.71
1982	   5	  14	  16	  7.56  	 26.68  	 31.55  	 32.64  	 22.63  	 19.70  	 18.16  	 17.95  	 18.97  	 17.25  	  8.94
1982	   5	  27	  16	 22.05  	 31.76  	 34.74  	 36.20  	 25.19  	 21.76  	 20.31  	 19.97  	 20.87  	 19.13  	  9.54
1982	   6	  15	  16	  8.70  	 26.71  	 32.44  	 33.67  	 23.49  	 20.02  	 18.41  	 18.05  	 18.74  	 17.32  	  8.73
1982	   6	  30	  16	  9.48  	 27.16  	 34.15  	 35.49  	 24.09  	 20.73  	 19.79  	 19.35  	 20.31  	 18.27  	  9.30
1982	   7	  14	  16	  8.78  	 21.81  	 32.39  	 35.06  	 24.12  	 20.95  	 19.46  	 18.75  	 20.41  	 18.49  	  9.08
1982	   7	  27	  16	  5.98  	 23.41  	 33.65  	 36.23  	 25.14  	 21.42  	 19.69  	 19.02  	 19.61  	 18.25  	  9.16
1982	   8	  11	  16	  9.43  	 17.56  	 26.98  	 31.24  	 21.48  	 19.20  	 18.79  	 17.61  	 18.96  	 17.41  	  8.81
1982	   9	   2	  16	 17.72  	 25.46  	 24.60  	 26.92  	 19.37  	 18.41  	 17.58  	 16.87  	 17.93  	 16.85  	  8.62
1982	   9	  16	  16	 10.39  	 20.88  	 29.15  	 30.07  	 20.43  	 17.32  	 16.85  	 16.21  	 17.70  	 16.21  	  8.55
1982	   9	  30	  16	  8.38  	 21.36  	 30.32  	 32.15  	 20.95  	 17.58  	 16.85  	 16.44  	 17.51  	 15.99  	  8.38
1982	  10	  28	  16	 10.38  	 23.78  	 31.43  	 32.16  	 21.54  	 18.27  	 16.70  	 15.77  	 17.20  	 15.84  	  8.28
1982	  12	   3	  16	 21.77  	 32.63  	 40.38  	 41.09  	 31.30  	 28.02  	 27.30  	 26.46  	 26.45  	 21.70  	 10.54
1982	  12	  13	  16	 22.40  	 30.77  	 34.78  	 36.09  	 25.13  	 21.34  	 20.90  	 20.27  	 21.25  	 19.14  	  9.70
1982	  12	  27	  16	 18.80  	 29.75  	 37.65  	 38.77  	 27.39  	 24.36  	 23.12  	 22.70  	 24.18  	 21.69  	 10.71
1983	   1	  25	  16	 22.55  	 32.17  	 31.53  	 33.82  	 23.31  	 20.31  	 19.12  	 18.21  	 19.20  	 17.13  	  9.01
1983	   2	  22	  16	 22.24  	 30.74  	 35.97  	 38.83  	 27.24  	 23.27  	 19.12  	 17.36  	 18.44  	 17.28  	  8.71
1983	   3	  15	  16	 15.83  	 26.87  	 35.63  	 36.71  	 26.62  	 23.09  	 21.21  	 20.22  	 20.85  	 18.44  	  8.99
1983	   3	  28	  16	 17.45  	 30.90  	 37.02  	 36.49  	 26.07  	 23.23  	 22.35  	 20.90  	 22.22  	 20.11  	 10.40
1983	   4	  12	  16	 16.80  	 30.55  	 38.00  	 40.55  	 28.68  	 24.40  	 23.04  	 22.46  	 24.72  	 22.05  	 11.46
1983	   4	  26	  16	 11.02  	 24.75  	 33.59  	 36.49  	 25.13  	 21.35  	 20.18  	 19.67  	 21.29  	 18.91  	  9.84
1983	   5	  16	  16	 17.56  	 27.47  	 35.81  	 37.20  	 25.97  	 21.33  	 19.69  	 19.33  	 20.64  	 18.46  	  9.46
1983	   5	  31	  16	 15.24  	 27.44  	 36.33  	 37.18  	 25.07  	 21.31  	 20.08  	 19.00  	 20.15  	 18.43  	  9.41
1983	   6	  13	  16	  7.96  	 20.85  	 32.02  	 35.02  	 25.08  	 21.92  	 20.00  	 19.07  	 20.32  	 18.09  	  9.31
1983	   6	  27	  16	  6.27  	 16.01  	 29.66  	 32.55  	 22.94  	 20.22  	 19.36  	 18.01  	 19.72  	 17.96  	  9.03
1983	   7	  11	  16	  5.95  	 15.79  	 28.43  	 31.94  	 21.52  	 18.89  	 17.76  	 16.94  	 18.43  	 16.83  	  8.78
1983	   7	  26	  16	  5.41  	 13.73  	 28.75  	 31.48  	 21.16  	 19.42  	 17.76  	 17.30  	 18.43  	 16.79  	  8.40
1983	   8	  15	  16	  0.11  	 12.58  	 19.00  	 21.56  	 13.52  	 12.62  	 12.19  	 11.96  	 12.16  	 11.76  	  5.95
1983	   8	  29	  16	  8.34  	 20.64  	 26.42  	 30.15  	 20.96  	 18.89  	 17.10  	 16.58  	 17.29  	 16.58  	  8.48
1983	   9	  12	  16	  3.02  	 17.98  	 25.05  	 29.24  	 19.55  	 17.69  	 16.34  	 15.79  	 16.76  	 15.84  	  7.95
1983	   9	  27	  16	 12.01  	 27.57  	 32.45  	 29.40  	 19.81  	 17.43  	 16.06  	 15.32  	 16.21  	 15.31  	  7.91
1983	  10	  25	  16	 14.09  	 28.04  	 34.13  	 38.28  	 24.15  	 16.88  	 15.60  	 15.12  	 16.02  	 15.18  	  7.72
1983	  11	  29	  16	 18.58  	 29.91  	 40.96  	 45.35  	 33.42  	 29.21  	 27.28  	 25.97  	 26.93  	 25.44  	 12.55
1983	  12	  27	  16	999.99  	 40.40  	 36.19  	 42.06  	 29.97  	 25.33  	 23.32  	 23.40  	 24.54  	 22.27  	 11.22
1984	   2	   2	  16	999.99  	 49.73  	 42.46  	 39.05  	 25.92  	 22.86  	 21.54  	 21.02  	 21.46  	 20.58  	 10.42
1984	   3	   2	  16	 16.87  	 31.45  	 36.69  	 42.56  	 29.59  	 25.68  	 23.81  	 23.55  	 25.14  	 22.92  	 12.00
1984	   3	  15	  16	 20.66  	 35.03  	 35.73  	 40.56  	 27.13  	 23.36  	 22.31  	 21.60  	 23.09  	 20.99  	 10.93
1984	   3	  27	  16	 19.63  	 39.02  	 43.12  	 46.77  	 32.16  	 28.33  	 27.26  	 25.93  	 27.80  	 25.39  	 12.79
1984	   4	  17	  16	 16.68  	 37.02  	 42.29  	 45.96  	 30.58  	 26.74  	 24.68  	 23.52  	 25.13  	 23.34  	 11.62
1984	   4	  25	  16	 15.00  	 37.83  	 41.62  	 45.67  	 30.63  	 28.20  	 26.30  	 25.40  	 26.84  	 24.68  	 12.88
1984	   5	  15	  16	 13.18  	 32.34  	 38.32  	 42.88  	 29.66  	 25.73  	 23.23  	 23.05  	 25.28  	 21.62  	 10.99
1984	   5	  30	  16	 14.43  	 36.54  	 41.49  	 44.55  	 30.78  	 25.11  	 24.12  	 23.22  	 24.21  	 22.41  	 11.43
1984	   6	  11	  16	 13.87  	 37.00  	 41.33  	 43.95  	 28.79  	 24.55  	 23.37  	 22.47  	 23.74  	 21.57  	 11.42
1984	   6	  27	  16	 12.14  	 30.98  	 36.79  	 41.52  	 28.43  	 24.53  	 22.89  	 21.98  	 23.53  	 20.89  	 10.63
1984	   7	  17	  16	 13.66  	 34.77  	 37.46  	 37.01  	 24.97  	 22.46  	 21.92  	 20.21  	 21.83  	 19.94  	 10.02
1984	   7	  30	  16	 12.88  	 34.31  	 37.48  	 36.12  	 24.23  	 22.42  	 21.15  	 20.24  	 21.33  	 19.69  	  9.85
1984	   8	  14	  16	  7.80  	 21.48  	 30.12  	 32.40  	 22.93  	 21.20  	 20.39  	 19.29  	 20.57  	 18.75  	  9.83
1984	   8	  29	  16	  7.96  	 19.31  	 25.35  	 26.91  	 19.40  	 18.49  	 19.49  	 19.13  	 20.32  	 18.58  	  9.52
1984	   9	  13	  16	 14.27  	 30.78  	 25.56  	 24.92  	 18.69  	 16.95  	 17.22  	 18.14  	 19.42  	 18.04  	  9.43
1984	   9	  27	  16	 16.07  	 34.26  	 34.53  	 26.35  	 18.34  	 16.37  	 17.08  	 17.26  	 18.97  	 17.44  	  9.76
1984	  10	  31	  16	 19.32  	 43.68  	 44.67  	 40.70  	 27.35  	 21.21  	 17.33  	 17.15  	 18.50  	 18.14  	  9.25
1984	  11	  28	  16	 18.96  	 39.42  	 43.38  	 39.78  	 27.72  	 23.58  	 24.48  	 22.68  	 24.48  	 21.15  	 11.03
1984	  12	  27	  16	 20.82  	 34.64  	 40.30  	 41.19  	 30.07  	 25.85  	 26.21  	 24.59  	 25.85  	 23.87  	 12.16
1985	   2	   1	  16	 18.51  	 39.79  	 40.86  	 37.11  	 25.31  	 23.25  	 22.45  	 21.28  	 23.16  	 20.30  	 10.55
1985	   2	  27	  16	 22.82  	 40.27  	 44.10  	 48.28  	 34.48  	 30.02  	 29.04  	 28.24  	 29.67  	 26.55  	 14.43
1985	   3	  13	  16	 18.26  	 41.13  	 42.84  	 43.11  	 31.14  	 27.81  	 27.99  	 27.36  	 29.70  	 25.92  	 12.96
1985	   3	  28	  16	 18.51  	 37.96  	 38.41  	 39.50  	 27.63  	 24.28  	 24.64  	 23.19  	 24.01  	 21.47  	 10.92
1985	   4	  17	  16	 13.41  	 34.25  	 39.52  	 40.61  	 28.71  	 24.71  	 24.80  	 24.71  	 25.07  	 22.89  	 11.58
1985	   5	   1	  16	 24.06  	 44.30  	 37.87  	 38.50  	 27.72  	 23.37  	 23.19  	 22.56  	 24.01  	 21.02  	 10.73
1985	   5	  15	  16	 15.51  	 33.41  	 38.08  	 37.99  	 27.82  	 24.25  	 23.98  	 23.80  	 23.52  	 21.23  	 10.66
1985	   5	  28	  16	 10.79  	 26.91  	 33.68  	 34.41  	 25.90  	 23.06  	 22.15  	 22.88  	 22.88  	 20.41  	 10.34
1985	   6	  12	  16	 13.02  	 25.85  	 29.60  	 30.70  	 23.84  	 21.65  	 20.92  	 21.10  	 22.38  	 20.19  	  9.91
1985	   6	  26	  16	  9.02  	 25.52  	 28.58  	 29.69  	 21.64  	 21.36  	 21.27  	 20.34  	 21.55  	 20.16  	  9.80
1985	   7	  16	  16	 10.09  	 17.97  	 20.94  	 21.64  	 15.42  	 14.85  	 16.01  	 16.54  	 18.13  	 16.83  	  8.81
1985	   7	  30	  16	 15.21  	 17.88  	 20.63  	 22.01  	 16.32  	 13.84  	 14.48  	 16.14  	 18.70  	 18.25  	  9.26
1985	   8	  14	  16	 16.12  	 24.44  	 24.44  	 22.18  	 16.14  	 15.06  	 13.98  	 15.15  	 17.94  	 16.95  	  9.69
1985	   8	  28	  16	 13.91  	 29.65  	 24.57  	 21.94  	 16.50  	 14.51  	 14.23  	 15.32  	 17.50  	 17.68  	  9.38
1985	   9	  18	  16	  8.50  	 16.77  	 21.31  	 21.76  	 16.05  	 14.05  	 14.60  	 15.05  	 17.14  	 16.32  	  8.84
1985	  10	   1	  16	 15.32  	 33.52  	 32.34  	 23.19  	 16.67  	 14.95  	 13.77  	 14.40  	 16.67  	 16.49  	  9.01
1985	  10	  29	  16	 13.09  	 33.61  	 38.41  	 39.77  	 27.63  	 23.91  	 18.93  	 14.76  	 16.49  	 16.12  	  8.51
1985	  12	   4	  16	 19.46  	 38.21  	 40.01  	 42.53  	 29.58  	 26.62  	 26.26  	 25.90  	 28.59  	 24.91  	 12.95
1985	  12	  31	  16	 26.90  	 44.56  	 44.74  	 41.34  	 26.45  	 23.40  	 22.33  	 22.15  	 23.67  	 21.61  	 10.81
1986	   1	  29	  16	 23.86  	 40.51  	 49.93  	 40.60  	 24.79  	 21.24  	 19.90  	 20.70  	 22.57  	 20.79  	 10.22
1986	   2	  27	  16	 35.78  	 59.49  	 46.04  	 37.79  	 25.22  	 20.83  	 19.69  	 19.25  	 21.01  	 19.25  	 10.02
1986	   3	  20	  16	 19.79  	 36.29  	 41.07  	 40.81  	 27.71  	 23.81  	 24.26  	 24.43  	 26.20  	 23.02  	 12.17
1986	   4	   3	  16	 12.86  	 30.12  	 35.44  	 38.05  	 26.87  	 22.81  	 22.72  	 23.08  	 25.16  	 21.82  	 11.18
1986	   4	  16	  16	 13.70  	 29.12  	 34.62  	 35.06  	 24.50  	 21.66  	 21.39  	 21.04  	 22.73  	 21.04  	 10.83
1986	   4	  30	  16	  8.75  	 24.50  	 34.77  	 34.41  	 24.50  	 22.52  	 20.99  	 20.90  	 22.61  	 20.81  	 10.81
1986	   5	  15	  16	 10.47  	 27.67  	 35.66  	 36.74  	 27.04  	 23.54  	 22.46  	 20.66  	 21.65  	 20.03  	 10.24
1986	   5	  28	  16	 13.13  	 32.46  	 35.02  	 35.30  	 25.05  	 22.86  	 22.40  	 21.03  	 21.85  	 20.57  	 10.33
1986	   6	  11	  16	 16.05  	 38.43  	 43.04  	 42.14  	 32.28  	 27.04  	 24.86  	 21.70  	 22.51  	 19.62  	  9.99
1986	   7	   2	  16	 17.58  	 37.89  	 41.58  	 36.90  	 25.83  	 22.95  	 22.41  	 21.69  	 23.13  	 20.52  	 10.80
1986	   7	  15	  16	 15.67  	 36.88  	 43.24  	 42.75  	 31.63  	 27.20  	 25.40  	 24.92  	 25.27  	 22.57  	 11.04
1986	   7	  29	  16	 12.03  	 22.62  	 33.05  	 35.18  	 25.91  	 22.89  	 23.10  	 22.75  	 22.96  	 21.18  	 10.59
1986	   8	  12	  16	999.99  	 27.78  	 33.58  	 34.57  	 25.16  	 22.17  	 21.00  	 20.63  	 22.53  	 20.63  	 10.77
1986	   8	  26	  16	  6.97  	 18.38  	 27.07  	 30.91  	 22.31  	 21.40  	 20.39  	 20.02  	 21.49  	 19.66  	 10.38
1986	   9	  17	  16	  9.77  	 27.32  	 24.01  	 26.16  	 18.99  	 18.46  	 18.19  	 18.01  	 19.80  	 18.81  	  9.90
1986	   9	  30	  16	 16.24  	 38.43  	 44.60  	 44.33  	 33.16  	 26.98  	 25.34  	 23.44  	 24.80  	 21.71  	 11.04
1986	  10	  30	  16	 14.03  	 34.46  	 41.01  	 42.19  	 30.28  	 26.91  	 26.28  	 25.55  	 26.64  	 23.46  	 11.23
1986	  12	   1	  16	 21.23  	 42.25  	 41.80  	 41.26  	 30.45  	 26.21  	 26.03  	 25.49  	 25.76  	 21.62  	 10.81
1986	  12	  31	  16	 14.45  	 33.81  	 38.39  	 40.64  	 27.60  	 24.19  	 23.47  	 23.20  	 24.46  	 22.30  	 11.01
1987	   1	  29	  16	 46.04  	 35.03  	 39.64  	 41.06  	 28.65  	 25.45  	 24.21  	 24.30  	 25.01  	 21.82  	 10.69
1987	   2	  26	  16	 10.23  	 32.19  	 38.34  	 39.33  	 27.76  	 23.69  	 24.14  	 23.60  	 25.05  	 22.88  	 11.48
1987	   3	  18	  16	 16.06  	 35.94  	 39.55  	 39.64  	 28.02  	 24.32  	 24.32  	 24.32  	 24.50  	 21.35  	 10.90
1987	   3	  31	  16	 16.44  	 38.15  	 42.24  	 42.79  	 30.52  	 27.98  	 28.07  	 27.34  	 28.34  	 23.98  	 11.26
1987	   4	  15	  16	 13.88  	 38.10  	 42.76  	 43.40  	 31.24  	 28.41  	 27.59  	 26.86  	 28.78  	 26.58  	 13.89
1987	   4	  29	  16	 13.88  	 27.72  	 37.39  	 38.66  	 27.72  	 24.25  	 24.25  	 24.25  	 25.71  	 22.25  	 11.63
1987	   5	  13	  16	  6.59  	 21.56  	 31.88  	 36.91  	 26.22  	 23.66  	 23.02  	 22.93  	 24.02  	 20.92  	 10.64
1987	   5	  26	  16	  8.09  	 20.05  	 27.53  	 33.54  	 25.22  	 22.82  	 21.90  	 21.90  	 22.91  	 20.42  	 10.95
1987	   6	  17	  16	  5.60  	 17.16  	 22.03  	 26.43  	 21.57  	 20.37  	 21.11  	 20.19  	 21.38  	 20.10  	 10.46
1987	   7	   1	  16	 14.77  	 36.48  	 33.67  	 25.32  	 18.88  	 18.60  	 19.51  	 18.97  	 20.24  	 19.42  	 10.16
1987	   7	  14	  16	  8.61  	 26.83  	 58.16  	 27.38  	 18.28  	 17.18  	 18.83  	 19.20  	 21.04  	 18.74  	  9.83
1987	   7	  30	  16	 11.55  	 26.92  	 21.63  	 21.72  	 16.24  	 14.97  	 15.88 -	999.99 -	999.99 -	999.99 -	999.99
1987	   7	  31	  16	 10.46  	 25.55  	 21.45  	 22.36  	 16.52  	 15.33  	 16.06  	 17.25  	 18.53  	 18.16  	  9.49
1987	   8	  13	  16	  9.02  	 27.25  	 27.71  	 22.86  	 16.55  	 15.18  	 15.63  	 16.46  	 18.01  	 17.65  	  9.51
1987	   9	   3	  16	  6.68  	 20.93  	 21.20  	 21.57  	 15.65  	 14.29  	 14.92  	 15.65  	 18.02  	 16.93  	  8.83
1987	   9	  18	  16	 10.39  	 18.70  	 20.17  	 21.27  	 16.04  	 14.48  	 14.67  	 15.03  	 17.05  	 16.41  	  9.17
1987	   9	  30	  16	  7.90  	 17.97  	 19.71  	 21.27  	 15.59  	 14.58  	 14.30  	 14.30  	 15.40  	 15.77  	  8.89
1987	  10	  28	  16	 10.62  	 21.02  	 20.19  	 21.48  	 15.60  	 14.87  	 14.22  	 14.50  	 15.32  	 14.77  	  8.63
1987	  12	   1	  16	 14.61  	 36.21  	 39.73  	 26.66  	 15.76  	 14.50  	 13.96  	 14.14  	 15.22  	 15.04  	  8.38
1987	  12	  28	  16	 17.36  	 39.06  	 43.24  	 43.33  	 32.52  	 27.71  	 26.62  	 26.53  	 27.80  	 25.07  	 13.67
1988	   1	  28	  16	 17.11  	 43.61  	 50.33  	 41.15  	 28.98  	 26.07  	 24.62  	 23.89  	 25.44  	 23.89  	 11.99
1988	   3	   3	  16	 15.77  	 39.46  	 44.01  	 43.83  	 31.64  	 27.91  	 27.28  	 25.91  	 27.46  	 23.00  	 11.77
1988	   3	  14	  16	 14.86  	 36.29  	 40.09  	 39.73  	 29.14  	 25.25  	 24.53  	 24.53  	 25.52  	 23.71  	 12.58
1988	   3	  29	  16	 22.18  	 42.91  	 45.98  	 45.26  	 32.34  	 26.56  	 22.94  	 23.13  	 24.39  	 22.58  	 12.29
1988	   4	  14	  16	 11.13  	 33.19  	 38.48  	 39.12  	 27.17  	 24.53  	 24.34  	 24.16  	 26.26  	 23.34  	 12.08
1988	   4	  26	  16	  9.69  	 29.54  	 35.29  	 37.39  	 25.71  	 22.06  	 21.88  	 22.34  	 24.25  	 21.34  	 11.58
1988	   5	  19	  16	  8.56  	 25.63  	 28.85  	 32.62  	 23.24  	 20.85  	 21.13  	 20.85  	 23.06  	 20.76  	 10.52
1988	   6	   1	  16	  7.93  	 22.16  	 23.16  	 28.61  	 21.17  	 19.98  	 19.89  	 19.53  	 21.17  	 19.53  	 10.13
1988	   6	  15	  16	  7.03  	 18.96  	 21.08  	 25.80  	 20.71  	 18.68  	 18.68  	 18.96  	 20.25  	 19.70  	  9.99
1988	   6	  29	  16	  6.67  	 16.20  	 19.68  	 22.88  	 17.57  	 17.57  	 16.38  	 17.02  	 18.12  	 16.75  	  9.11
1988	   7	  14	  16	  7.30  	 15.26  	 19.49  	 21.15  	 16.73  	 16.27  	 16.00  	 16.09  	 17.19  	 16.18  	  8.60
1988	   7	  27	  16	  6.00  	 15.17  	 19.12  	 20.60  	 16.36  	 15.54  	 16.00  	 15.54  	 16.36  	 15.44  	  8.23
1988	   8	   2	  16	  6.65  	 19.75  	 22.31  	 21.58  	 16.09  	 15.08  	 14.81  	 15.82  	 15.36  	 14.72  	  7.77
1988	   8	  17	  16	  8.82  	 16.15  	 19.00  	 19.82  	 15.51  	 14.77  	 14.41  	 15.32  	 15.14  	 15.14  	  7.85
1988	   8	  31	  16	  6.39  	 13.63  	 18.70  	 20.91  	 15.20  	 14.74  	 14.37  	 14.74  	 15.47  	 15.01  	  7.69
1988	   9	  14	  16	  5.01  	 13.10  	 18.37  	 19.84  	 15.32  	 14.03  	 14.49  	 14.03  	 14.67  	 13.84  	  7.10
1988	   9	  30	  16	  7.29  	 16.93  	 18.87  	 20.89  	 15.92  	 14.63  	 14.17  	 14.63  	 14.91  	 14.45  	  7.36
1988	  11	   2	  16	  8.15  	 16.49  	 18.31  	 20.68  	 16.03  	 14.30  	 14.30  	 14.48  	 14.76  	 14.03  	  7.20
1988	  12	   1	  16	 12.51  	 32.92  	 38.04  	 40.60  	 28.44  	 24.78  	 18.83  	 17.37  	 18.83  	 18.19  	  7.82
1988	  12	  28	  16	 22.22  	 38.39  	 42.31  	 44.23  	 32.28  	 28.08  	 27.17  	 25.17  	 24.80  	 21.15  	  9.62
1989	   1	  27	  16	 14.11  	 35.53  	 40.08  	 40.63  	 28.24  	 23.50  	 23.05  	 22.41  	 25.14  	 21.68  	 12.34
1989	   2	  27	  16	 26.29  	 30.34  	 33.56  	 35.71  	 25.15  	 22.02  	 22.29  	 22.56  	 24.08  	 19.60  	 10.83
1989	   3	  14	  16	 15.90  	 37.74  	 41.28  	 41.55  	 27.64  	 25.64  	 25.00  	 24.00  	 25.91  	 23.28  	 12.23
1989	   3	  27	  16	 11.79  	 33.08  	 37.85  	 39.05  	 27.38  	 24.25  	 21.59  	 23.52  	 24.90  	 22.78  	 11.07
1989	   4	  11	  16	 14.33  	 36.36  	 41.20  	 42.21  	 29.14  	 25.49  	 25.40  	 26.95  	 28.05  	 24.48  	 12.61
1989	   4	  25	  16	 14.80  	 36.36  	 40.87  	 43.08  	 31.30  	 27.89  	 26.05  	 27.24  	 28.07 -	999.99 -	999.99
1989	   5	  18	  16	  9.62  	 27.98  	 34.30  	 35.38  	 25.00  	 22.92  	 21.12  	 21.21  	 23.01  	 21.12  	 11.10
1989	   5	  31	  16	 14.78  	 35.63  	 39.17  	 38.63  	 24.30  	 21.31  	 20.76  	 20.67  	 22.30  	 21.40  	 10.61
1989	   6	  13	  16	  7.11  	 22.01  	 27.88  	 31.64  	 23.11  	 20.08  	 19.44  	 19.44  	 21.36  	 19.53  	 10.18
1989	   6	  28	  16	  6.62  	 17.16  	 20.37  	 23.86  	 19.09  	 17.80  	 17.71  	 17.16  	 18.35  	 17.53  	  9.54
1989	   7	  13	  16	  5.37  	 15.02  	 18.87  	 20.15  	 16.40  	 15.85  	 15.57  	 15.75  	 16.40  	 15.39  	  8.43
1989	   8	   3	  16	  7.41  	 17.90  	 19.10  	 20.67  	 15.87  	 14.76  	 14.86  	 15.04  	 16.24  	 15.41  	  8.17
1989	   8	  15	  16	  9.13  	 12.78  	 18.30  	 19.86  	 14.80  	 14.52  	 13.79  	 14.16  	 14.52  	 14.52  	  7.58
1989	   8	  30	  16	 13.84  	 26.77  	 22.42  	 21.24  	 14.97  	 13.52  	 13.88  	 13.70  	 14.52  	 14.43  	  7.40
1989	   9	  19	  16	 11.41  	 29.97  	 35.89  	 33.39  	 16.36  	 13.68  	 13.77  	 14.24  	 14.70  	 14.42  	  7.90
1989	  10	   2	  16	  7.90  	 20.77  	 27.55  	 28.46  	 16.20  	 14.46  	 13.73  	 14.00  	 14.37  	 14.27  	  7.59
1989	  10	  30	  16	 12.11  	 24.09  	 24.46  	 24.64  	 16.09  	 14.36  	 14.00  	 14.46  	 14.91  	 14.55  	  7.46
1989	  11	  29	  16	 12.01  	 30.45  	 32.25  	 28.47  	 16.22  	 14.68  	 14.05  	 13.69  	 14.95  	 14.50  	  7.66
1990	   1	   4	  16	 23.90  	 44.32  	 39.03  	 30.09  	 16.87  	 13.86  	 13.86  	 14.22  	 15.95  	 14.95  	  7.70
1990	   1	  29	  16	 16.10  	 37.27  	 40.56  	 41.11  	 29.69  	 27.22  	 27.13  	 26.31  	 24.02  	 15.71  	  7.81
1990	   2	  26	  16	 18.77  	 37.48  	 39.66  	 42.93  	 29.13  	 25.87  	 25.32  	 26.59  	 27.05  	 25.68  	 13.11
1990	   3	  16	  16	 17.44  	 38.18  	 41.32  	 41.05  	 30.81  	 27.13  	 27.31  	 27.13  	 27.58  	 24.35  	 12.26
1990	   3	  26	  16	 13.64  	 33.73  	 38.64  	 40.01  	 27.73  	 23.82  	 23.00  	 22.46  	 24.46  	 21.73  	 11.37
1990	   4	  19	  16	 13.80  	 33.25  	 37.96  	 39.32  	 26.00  	 23.01  	 21.20  	 21.47  	 22.37  	 20.11  	 10.64
1990	   5	   2	  16	 10.79  	 30.03  	 34.40  	 36.31  	 25.03  	 22.02  	 21.57  	 20.29  	 22.93  	 19.84  	 10.06
1990	   5	  17	  16	 19.70  	 39.88  	 42.77  	 45.30  	 33.00  	 30.92  	 29.57  	 27.40  	 23.33  	 19.17  	  9.99
1990	   5	  30	  16	 12.92  	 34.88  	 38.70  	 41.15  	 29.61  	 26.25  	 25.53  	 24.80  	 26.25  	 23.98  	 12.76
1990	   6	  14	  16	 19.64  	 44.07  	 45.70  	 42.89  	 28.74  	 24.57  	 24.57  	 24.39  	 24.57  	 22.76  	 11.70
1990	   6	  26	  16	  8.40  	 33.08  	 38.68  	 40.06  	 28.48  	 24.53  	 24.80  	 24.53  	 26.00  	 23.52  	 12.08
1990	   7	  19	  16	 10.61  	 33.05  	 37.10  	 38.39  	 24.76  	 21.17  	 20.80  	 21.26  	 22.55  	 20.80  	 10.81
1990	   8	   2	  16	 11.17  	 35.80  	 40.72  	 41.54  	 28.60  	 25.78  	 23.68  	 22.77  	 22.41  	 19.22  	 10.25
1990	   8	  14	  16	 14.43  	 35.88  	 37.89  	 40.09  	 28.56  	 25.44  	 23.98  	 23.70  	 23.43  	 20.32  	 10.20
1990	   8	  27	  16	  9.44  	 33.55  	 40.15  	 41.92  	 28.71  	 26.30  	 25.27  	 25.09  	 25.46  	 22.30  	 11.47
1990	   9	  13	  16	  6.63  	 25.88  	 33.10  	 37.31  	 26.97  	 23.59  	 22.31  	 21.85  	 23.04  	 21.21  	 10.56
1990	   9	  26	  16	  9.17  	 28.09  	 31.42  	 34.47  	 24.67  	 23.10  	 21.62  	 21.53  	 21.90  	 20.05  	 10.25
1990	  10	  31	  16	 10.16  	 35.90  	 39.31  	 41.42  	 28.72  	 27.15  	 26.14  	 24.39  	 24.76  	 20.89  	 10.86
1990	  11	  28	  16	 17.03  	 40.84  	 44.40  	 45.86  	 32.52  	 29.69  	 30.70  	 31.79  	 34.08  	 30.15  	 16.35
1990	  12	  27	  16	 19.60  	 39.98  	 40.25  	 41.43  	 29.78  	 25.54  	 24.73  	 24.73  	 25.45  	 22.29  	 11.15
1991	   1	  28	  16	 50.71  	 56.52  	 50.22  	 38.88  	 26.01  	 22.95  	 22.14  	 22.32  	 23.49  	 19.98  	 10.49
1991	   2	  25	  16	 18.55  	 58.43  	 51.24  	 38.41  	 24.48  	 22.39  	 21.48  	 20.84  	 21.75  	 19.20  	 10.15
1991	   3	  12	  16	 15.77  	 37.88  	 40.89  	 43.35  	 31.12  	 27.29  	 26.47  	 26.47  	 25.92  	 21.45  	 11.73
1991	   3	  25	  16	 11.39  	 36.33  	 38.63  	 42.49  	 29.43  	 26.21  	 26.67  	 26.39  	 27.31  	 24.18  	 12.78
1991	   4	  16	  16	 15.13  	 39.01  	 42.56  	 43.65  	 33.28  	 29.37  	 30.10  	 30.10  	 30.73  	 22.00  	 11.50
1991	   4	  30	  16	  7.11  	 25.85  	 34.44  	 37.73  	 27.31  	 24.02  	 24.02  	 24.48  	 25.12  	 22.75  	 11.51
1991	   5	  17	  16	 11.51  	 32.12  	 35.45  	 38.50  	 28.98  	 23.35  	 24.18  	 23.72  	 25.11  	 22.34  	 11.40
1991	   5	  28	  16	 11.23  	 36.68  	 42.51  	 42.88  	 31.60  	 27.44  	 27.16  	 27.26  	 26.42  	 23.00  	 10.90
1991	   6	  10	  16	  6.69  	 24.25  	 34.09  	 36.29  	 26.46  	 23.79  	 23.15  	 23.33  	 24.34  	 21.96  	 11.30
1991	   6	  25	  16	  7.81  	 19.68  	 30.49  	 32.06  	 24.30  	 20.97  	 20.97  	 21.53  	 22.73  	 19.58  	 10.86
1991	   7	  16	  16	  6.31  	 15.03  	 22.92  	 28.61  	 21.27  	 21.00  	 20.45  	 19.53  	 21.18  	 18.61  	  9.58
1991	   7	  29	  16	  5.20  	 13.37  	 19.46  	 24.25  	 19.27  	 19.09  	 19.09  	 19.18  	 20.93  	 18.53  	  9.64
1991	   8	  14	  16	 11.65  	 31.44  	 36.93  	 37.77  	 26.14  	 19.34  	 18.41  	 18.50  	 19.99  	 18.41  	  9.62
1991	   8	  29	  16	  6.47  	 19.64  	 28.58  	 32.50  	 24.48  	 20.48  	 19.36  	 18.15  	 19.55  	 18.34  	  9.49
1991	   9	  16	  16	 15.62  	 32.34  	 36.51  	 40.40  	 28.82  	 24.74  	 22.61  	 19.18  	 19.92  	 18.71  	  9.63
1991	   9	  30	  16	  8.92  	 26.96  	 33.12  	 36.76  	 27.05  	 23.97  	 23.22  	 21.08  	 21.17  	 18.37  	  9.65
1991	  10	  29	  16	 19.00  	 39.09  	 42.62  	 44.75  	 31.84  	 26.92  	 22.93  	 21.81  	 23.49  	 20.42  	 10.35
1991	  12	   4	  16	 21.96  	 37.64  	 42.13  	 43.48  	 30.90  	 26.50  	 26.14  	 25.69  	 27.31  	 23.09  	 11.86
1992	   1	   2	  16	 19.81  	 39.16  	 39.90  	 43.58  	 30.96  	 25.52  	 24.14  	 24.23  	 26.07  	 22.66  	 11.33
1992	   1	  29	  16	 24.46  	 36.39  	 39.08  	 42.92  	 29.33  	 24.95  	 24.95  	 23.43  	 25.04  	 20.39  	 10.55
1992	   2	  26	  16	 16.79  	 37.20  	 41.32  	 41.96  	 29.59  	 25.38  	 26.02  	 25.93  	 27.03  	 22.53  	 11.31
1992	   3	  17	  16	 14.20  	 35.40  	 37.86  	 42.23  	 28.21  	 25.21  	 23.57  	 24.30  	 23.84  	 21.66  	 10.10
1992	   4	   2	  16	 17.38  	 36.30  	 39.90  	 43.49  	 29.11  	 25.80  	 24.60  	 24.60  	 25.98  	 22.20  	 11.98
1992	   4	  16	  16	 18.23  	 36.54  	 40.11  	 43.96  	 30.90  	 26.20  	 25.92  	 23.10  	 24.51  	 21.88  	 11.41
1992	   4	  29	  16	 13.40  	 35.37  	 39.49  	 41.73  	 31.34  	 25.72  	 24.79  	 24.88  	 26.47  	 22.64  	 11.69
1992	   5	  14	  16	  7.37  	 21.91  	 29.89  	 35.28  	 25.99  	 23.39  	 22.56  	 22.74  	 24.88  	 21.26  	 11.05
1992	   5	  27	  16	  6.42  	 17.14  	 22.98  	 30.95  	 24.00  	 23.07  	 21.96  	 21.86  	 22.24  	 20.38  	 10.61
1992	   6	  12	  16	  7.78  	 17.39  	 21.33  	 25.82  	 21.42  	 21.14  	 21.61  	 20.30  	 20.95  	 19.45  	 10.19
1992	   7	   1	  16	  6.83  	 16.43  	 20.72  	 24.65  	 21.10  	 20.44  	 20.07  	 20.07  	 19.88  	 18.58  	  9.80
1992	   7	  14	  16	 15.48  	 34.98  	 39.56  	 41.89  	 30.50  	 26.86  	 25.93  	 23.60  	 20.42  	 18.09  	  9.93
1992	   7	  28	  16	 14.47  	 32.96  	 40.37  	 43.27  	 30.06  	 26.03  	 25.37  	 26.31  	 29.22  	 25.28  	 13.81
1992	   8	  14	  16	 14.42  	 26.54  	 32.43  	 35.89  	 26.73  	 23.27  	 23.08  	 21.96  	 23.27  	 21.40  	 10.79
1992	   8	  26	  16	  8.13  	 17.96  	 23.90  	 30.39  	 23.90  	 22.58  	 21.45  	 21.17  	 22.96  	 20.70  	 10.44
1992	   9	  16	  16	 12.87  	 31.04  	 36.62  	 39.78  	 26.76  	 23.97  	 22.58  	 20.81  	 21.37  	 18.95  	  9.80
1992	  10	   1	  16	 12.76  	 32.92  	 37.08  	 41.23  	 28.50  	 22.68  	 20.93  	 19.92  	 20.84  	 19.27  	  9.68
1992	  10	  30	  16	 13.64  	 34.25  	 37.87  	 41.29  	 29.07  	 26.20  	 23.14  	 20.36  	 20.92  	 18.23  	  9.76
1992	  12	   3	  16	 16.15  	 36.52  	 40.09  	 42.56  	 28.92  	 25.26  	 25.26  	 25.90  	 27.09  	 23.89  	 11.99
1992	  12	  30	  16	 22.38  	 44.12  	 42.18  	 42.36  	 28.95  	 26.73  	 24.32  	 25.62  	 27.19  	 21.73  	 11.74
1993	   1	  27	  16	 33.91  	 37.29  	 42.79  	 43.52  	 31.88  	 28.49  	 26.66  	 26.48  	 26.75  	 24.46  	 12.23
1993	   3	   2	  16	 43.44  	 36.55  	 37.92  	 41.92  	 29.73  	 24.64  	 24.09  	 24.91  	 24.00  	 21.28  	 11.59
1993	   3	  17	  16	 17.72  	 39.69  	 43.16  	 42.71  	 28.89  	 25.24  	 25.05  	 25.24  	 26.61  	 23.41  	 11.89
1993	   3	  31	  16	 19.26  	 38.66  	 40.61  	 42.46  	 29.78  	 27.00  	 26.17  	 26.63  	 27.47  	 23.40  	 12.07
1993	   4	  15	  16	 25.17  	 44.99  	 48.89  	 47.50  	 34.69  	 32.19  	 31.91  	 32.19  	 34.41  	 30.98  	 16.19
1993	   4	  29	  16	 17.14  	 33.73  	 38.27  	 43.83  	 28.17  	 25.11  	 25.94  	 23.63  	 25.85  	 23.07  	 11.72
1993	   5	  13	  16	 17.87  	 33.74  	 33.83  	 37.65  	 27.68  	 24.41  	 22.83  	 22.64  	 24.60  	 21.52  	 10.58
1993	   5	  27	  16	  7.08  	 20.76  	 26.25  	 31.56  	 24.95  	 22.99  	 22.16  	 21.41  	 22.71  	 20.20  	 10.52
1993	   6	  16	  16	  7.18  	 21.45  	 14.73  	 28.92  	 22.66  	 22.10  	 21.54  	 21.08  	 21.45  	 19.49  	 10.17
1993	   7	   1	  16	 19.56  	 41.95  	 44.01  	 47.02  	 35.84  	 31.24  	 29.84  	 30.78  	 30.68  	 26.74  	 10.27
1993	   7	  14	  16	 16.79  	 35.98  	 40.17  	 42.97  	 28.70  	 25.91  	 26.00  	 27.12  	 27.86  	 24.79  	 13.37
1993	   7	  29	  16	 12.73  	 33.12  	 37.50  	 41.52  	 28.45  	 25.00  	 25.18  	 25.56  	 26.49  	 23.04  	 12.03
1993	   8	  18	  16	 19.13  	 37.98  	 42.41  	 43.15  	 29.57  	 23.74  	 23.65  	 22.73  	 24.95  	 21.16  	 10.95
1993	   9	   2	  16	 20.13  	 43.55  	 46.95  	 48.05  	 37.21  	 36.02  	 29.12  	 24.53  	 26.37  	 21.31  	 11.12
1993	   9	  14	  16	 22.07  	 43.49  	 46.35  	 46.26  	 38.15  	 34.00  	 31.97  	 35.20  	 38.70  	 32.89  	 17.74
1993	   9	  30	  16	 14.81  	 36.70  	 42.44  	 43.93  	 30.67  	 26.59  	 25.76  	 25.39  	 26.41  	 22.24  	 20.48
1993	  10	  28	  16	 16.08  	 35.92  	 40.27  	 42.77  	 29.25  	 27.12  	 25.83  	 26.75  	 25.46  	 22.77  	 10.88
1993	  12	   1	  16	 21.09  	 39.51  	 43.21  	 45.33  	 31.94  	 28.06  	 26.77  	 26.95  	 26.77  	 23.35  	 11.31
1993	  12	  29	  16	 19.78  	 35.06  	 39.27  	 43.30  	 29.20  	 25.35  	 26.18  	 27.09  	 26.54  	 22.79  	 10.98
1994	   1	  27	  16	 35.90  	 59.24  	 53.21  	 45.45  	 29.66  	 24.19  	 23.45  	 24.19  	 25.01  	 20.72  	 10.50
1994	   3	   2	  16	 25.50  	 42.19  	 42.92  	 43.92  	 30.46  	 27.00  	 26.73  	 26.10  	 26.55  	 22.19  	 10.41
1994	   3	  17	  16	 14.62  	 36.02  	 40.94  	 42.95  	 30.82  	 25.62  	 26.26  	 27.17  	 28.08  	 23.25  	 11.85
1994	   4	   1	  16	 14.10  	 36.67  	 39.44  	 41.74  	 27.82  	 24.97  	 24.32  	 25.06  	 26.81  	 22.11  	 11.19
1994	   4	  15	  16	 21.60  	 40.14  	 42.92  	 44.40  	 31.17  	 27.93  	 27.93  	 29.41  	 29.04  	 26.17  	 13.04
1994	   4	  28	  16	 19.81  	 27.90  	 34.33  	 39.01  	 27.81  	 24.41  	 24.69  	 24.87  	 26.71  	 22.58  	 11.20
1994	   5	  18	  16	 10.72  	 31.91  	 36.90  	 41.90  	 28.48  	 25.71  	 25.15  	 25.34  	 26.36  	 21.73  	 11.14
1994	   6	   2	  16	 18.74  	 21.79  	 26.94  	 32.83  	 25.20  	 23.17  	 23.36  	 23.82  	 24.28  	 20.69  	 10.30
1994	   6	  16	  16	  7.41  	 19.47  	 23.18  	 28.84  	 22.91  	 21.61  	 22.91  	 21.70  	 23.18  	 19.84  	 10.11
1994	   6	  29	  16	  6.34  	 16.78  	 21.14  	 25.13  	 20.77  	 21.05  	 20.49  	 20.77  	 21.51  	 19.38  	  9.92
1994	   7	  13	  16	  7.07  	 20.23  	 23.58  	 24.04  	 19.21  	 18.75  	 18.93  	 19.40  	 21.91  	 18.93  	  9.65
1994	   7	  28	  16	  6.69  	 17.12  	 20.73  	 22.77  	 17.21  	 16.94  	 17.12  	 17.95  	 20.36  	 18.79  	  9.58
1994	   8	  18	  16	  6.96  	 17.09  	 19.32  	 21.56  	 16.91  	 15.98  	 15.42  	 16.81  	 18.30  	 17.65  	  8.87
1994	   9	   1	  16	 10.88  	 19.29  	 18.64  	 22.81  	 15.48  	 15.20  	 14.83  	 16.13  	 19.01  	 16.69  	  9.37
1994	   9	  14	  16	  7.20  	 17.02  	 18.78  	 20.65  	 15.81  	 14.88  	 15.15  	 15.34  	 19.25  	 17.67  	  9.07
1994	   9	  29	  16	 10.70  	 17.00  	 18.84  	 21.16  	 15.24  	 14.41  	 14.13  	 15.06  	 18.29  	 16.90  	  9.05
1994	  10	  27	  16	 10.76  	 26.89  	 24.37  	 21.85  	 15.59  	 14.18  	 13.90  	 14.93  	 17.17  	 16.71  	  8.68
1994	  11	  30	  16	 20.70  	 37.25  	 41.15  	 43.51  	 29.80  	 27.16  	 25.80  	 26.53  	 26.43  	 17.89  	  8.67
1994	  12	  23	  16	 18.21  	 35.40  	 38.84  	 42.48  	 28.50  	 24.87  	 23.78  	 24.14  	 25.68  	 22.42  	 11.93
1995	   1	  27	  16	 38.82  	 35.10  	 37.01  	 41.92  	 28.55  	 24.64  	 24.64  	 26.19  	 28.01  	 24.37  	 12.23
1995	   2	  27	  16	 31.22  	 51.67  	 43.38  	 38.81  	 26.72  	 23.12  	 23.47  	 24.78  	 23.75  	 21.60  	 10.97
1995	   3	  13	  16	 24.36  	 40.37  	 43.51  	 45.00  	 30.46  	 26.94  	 26.66  	 27.59  	 28.70  	 24.62  	 13.05
1995	   3	  31	  16	 18.12  	 34.76  	 37.56  	 40.08  	 27.49  	 24.51  	 24.51  	 24.97  	 26.09  	 23.58  	 11.60
1995	   4	  11	  16	 25.39  	 40.21  	 43.13  	 44.04  	 31.55  	 29.54  	 29.00  	 30.00  	 30.73  	 23.80  	 11.17
1995	   4	  24	  16	 21.31  	 37.01  	 40.96  	 42.35  	 28.99  	 26.42  	 26.05  	 26.23  	 28.17  	 24.85  	 12.61
1995	   5	  15	  16	 23.67  	 36.12  	 42.08  	 45.73  	 30.73  	 25.61  	 25.05  	 26.03  	 26.87  	 22.74  	 11.33
1995	   5	  30	  16	 23.79  	 36.52  	 41.18  	 44.04  	 30.46  	 26.84  	 26.00  	 27.40  	 28.51  	 23.85  	 11.92
1995	   6	  19	  16	  7.94  	 20.80  	 27.61  	 34.52  	 24.53  	 22.57  	 22.10  	 23.04  	 24.25  	 21.17  	 10.54
1995	   6	  27	  16	 11.52  	 19.23  	 23.75  	 30.74  	 22.64  	 20.98  	 20.98  	 21.72  	 22.83  	 20.25  	 10.12
1995	   7	  12	  16	  6.87  	 17.63  	 20.23  	 25.62  	 20.98  	 20.42  	 19.77  	 19.40  	 21.81  	 20.33  	 10.16
1995	   8	   3	  16	 24.53  	 25.89  	 19.70  	 23.58  	 20.16  	 19.60  	 18.21  	 18.49  	 21.27  	 18.77  	  9.94
1995	   8	  14	  16	 12.17  	 31.23  	 37.78  	 32.06  	 18.79  	 18.33  	 17.96  	 17.87  	 20.45  	 18.98  	  9.63
1995	   8	  28	  16	  7.41  	 20.66  	 26.25  	 28.68  	 19.27  	 18.52  	 17.78  	 17.96  	 20.48  	 18.89  	  9.91
1995	   9	  15	  16	 12.33  	 27.68  	 22.90  	 23.17  	 18.48  	 16.82  	 17.10  	 17.65  	 19.68  	 18.76  	  9.42
1995	   9	  27	  16	 11.92  	 24.74  	 22.61  	 23.35  	 18.18  	 17.53  	 17.16  	 17.07  	 19.66  	 18.64  	  9.46
1995	  10	  30	  16	 16.87  	 31.73  	 32.01  	 23.84  	 18.61  	 17.00  	 16.51  	 16.58  	 18.82  	 17.70  	  9.02
1995	  11	  27	  16	 14.77  	 33.35  	 38.30  	 38.66  	 26.84  	 24.18  	 25.47  	 26.11  	 26.75  	 23.73  	 11.27
1996	   1	   4	  16	 22.09  	 32.20  	 36.93  	 39.54  	 26.99  	 23.22  	 23.01  	 23.15  	 24.25  	 21.78  	 11.06
1996	   1	  29	  16	 32.43  	 34.96  	 38.81  	 40.27  	 28.37  	 25.08  	 25.26  	 25.53  	 24.71  	 23.15  	 10.94
1996	   2	  26	  16	 20.69  	 44.36  	 43.80  	 39.88  	 26.43  	 23.63  	 24.47  	 24.54  	 26.08  	 23.00  	 11.19
1996	   3	  12	  16	 27.48  	 36.46  	 38.20  	 40.40  	 28.40  	 26.11  	 26.66  	 27.57  	 26.29  	 24.73  	 12.83
1996	   3	  27	  16	 20.36  	 37.87  	 42.38  	 44.05  	 30.58  	 26.00  	 25.30  	 25.10  	 26.00  	 23.85  	 11.99
1996	   4	   9	  16	 16.65  	 33.22  	 38.72  	 40.73  	 28.74  	 25.90  	 25.90  	 26.08  	 27.00  	 23.70  	 11.90
1996	   4	  29	  16	 24.74  	 40.20  	 40.48  	 42.14  	 28.96  	 26.60  	 25.49  	 26.12  	 27.78  	 24.66  	 12.82
1996	   5	  13	  16	 20.97  	 36.65  	 42.21  	 43.80  	 30.88  	 26.99  	 27.41  	 27.82  	 29.84  	 26.16  	 13.25
1996	   5	  29	  16	 21.05  	 38.55  	 43.66  	 44.99  	 31.83  	 27.97  	 28.60  	 29.80  	 30.78  	 25.94  	 11.78
1996	   6	  13	  16	 21.10  	 36.28  	 41.82  	 42.47  	 30.55  	 26.31  	 26.86  	 26.95  	 28.25  	 23.91  	 12.00
1996	   6	  24	  16	 21.21  	 41.76  	 42.11  	 37.78  	 26.27  	 23.48  	 23.69  	 25.15  	 25.57  	 22.15  	 11.15
1996	   7	  15	  16	 19.01  	 25.09  	 27.12  	 29.99  	 22.03  	 21.47  	 20.18  	 21.29  	 22.03  	 20.73  	 10.55
1996	   7	  29	  16	 14.86  	 29.95  	 34.87  	 31.78  	 21.36  	 20.23  	 19.74  	 19.60  	 22.27  	 19.46  	  9.80
1996	   8	  13	  16	  8.55  	 23.17  	 30.92  	 33.32  	 24.83  	 22.89  	 21.69  	 21.41  	 22.52  	 19.75  	  9.64
1996	   8	  27	  16	  9.53  	 23.75  	 28.47  	 29.74  	 22.91  	 21.64  	 20.44  	 19.74  	 20.72  	 19.32  	  9.59
1996	   9	  11	  16	  6.92  	 17.43  	 23.61  	 25.17  	 20.56  	 19.27  	 18.16  	 18.81  	 20.38  	 19.46  	  9.54
1996	  10	   1	  16	 15.50  	 32.13  	 28.76  	 23.91  	 19.49  	 18.50  	 18.22  	 18.29  	 19.28  	 18.36  	  9.29
1996	  10	  28	  16	 16.56  	 34.04  	 31.35  	 24.78  	 18.49  	 18.31  	 18.40  	 17.84  	 19.51  	 17.66  	  8.97
1996	  12	   4	  16	 19.64  	 37.58  	 42.18  	 43.27  	 24.81  	 17.81  	 17.95  	 17.95  	 19.53  	 17.40  	  9.04
1997	   1	   2	  16	 21.87  	 39.38  	 42.24  	 39.94  	 27.85  	 25.91  	 25.54  	 25.36  	 26.28  	 22.68  	  9.68
1997	   1	  30	  16	 35.88  	 38.92  	 39.13  	 43.47  	 29.70  	 26.81  	 25.92  	 26.12  	 27.64  	 23.85  	 12.10
1997	   2	  24	  16	 23.02  	 39.87  	 44.81  	 42.43  	 29.17  	 25.88  	 27.80  	 29.35  	 30.82  	 26.79  	 13.99
1997	   3	  12	  16	 20.91  	 39.22  	 43.65  	 44.41  	 31.32  	 27.79  	 26.55  	 27.45  	 27.45  	 22.67  	 11.51
1997	   3	  26	  16	 23.51  	 38.86  	 42.36  	 39.69  	 26.92  	 24.71  	 24.25  	 25.91  	 26.37  	 23.15  	 11.71
1997	   4	  14	  16	 21.40  	 39.76  	 43.87  	 45.74  	 32.04  	 27.93  	 27.17  	 25.50  	 25.50  	 21.67  	 10.35
1997	   4	  28	  16	 14.94  	 33.19  	 39.21  	 38.48  	 26.81  	 23.98  	 24.34  	 25.62  	 25.17  	 21.15  	 10.85
1997	   5	  12	  16	 15.13  	 31.36  	 36.69  	 38.86  	 27.15  	 24.07  	 22.95  	 24.42  	 24.98  	 20.99  	 10.67
1997	   5	  27	  16	 20.97  	 41.67  	 46.57  	 46.43  	 33.48  	 27.60  	 23.69  	 22.29  	 23.20  	 20.26  	 10.23
1997	   6	  11	  16	 18.24  	 36.46  	 41.72  	 41.58  	 28.11  	 24.74  	 23.96  	 24.46  	 24.17  	 20.31  	 10.51
1997	   6	  26	  16	  9.41  	 23.15  	 29.40  	 33.09  	 24.99  	 22.30  	 22.49  	 22.56  	 22.76  	 19.33  	  9.73
1997	   7	  14	  16	  5.88  	 17.20  	 22.56  	 23.67  	 18.68  	 19.23  	 18.68  	 18.86  	 21.18  	 19.33  	  9.99
1997	   7	  29	  16	 12.09  	 29.11  	 32.76  	 29.46  	 18.36  	 17.17  	 17.03  	 17.87  	 20.33  	 19.20  	  9.39
1997	   8	  13	  16	 19.39  	 29.58  	 25.51  	 24.32  	 18.00  	 16.88  	 16.80  	 17.51  	 19.89  	 18.49  	  9.24
1997	   8	  26	  16	 21.64  	 37.99  	 43.00  	 42.03  	 27.15  	 17.97  	 16.72  	 17.76  	 19.22  	 18.32  	  9.09
1997	   9	  11	  16	 24.09  	 38.79  	 46.09  	 38.61  	 29.02  	 25.65  	 24.00  	 18.80  	 19.71  	 17.89  	  9.54
1997	   9	  25	  16	 18.15  	 32.22  	 36.29  	 37.62  	 27.24  	 24.51  	 24.30  	 23.95  	 22.40  	 18.69  	  9.52
1997	  10	  28	  16	 19.47  	 26.39  	 28.65  	 25.93  	 21.58  	 20.40  	 20.94  	 20.49  	 20.67  	 18.68  	  9.34
1997	  11	  24	  16	 15.90  	 33.89  	 40.48  	 38.95  	 27.23  	 22.79  	 20.57  	 20.15  	 20.92  	 19.18  	  9.31
1997	  12	  30	  16	 27.09  	 38.27  	 44.22  	 37.54  	 29.15  	 26.89  	 27.53  	 28.43  	 27.71  	 23.65  	 12.09
1998	   1	  28	  16	 27.65  	 38.87  	 40.96  	 41.94  	 28.34  	 24.93  	 24.16  	 25.76  	 25.55  	 21.86  	 11.14
1998	   2	  24	  16	 18.81  	 38.70  	 44.48  	 37.78  	 28.70  	 26.04  	 27.33  	 29.53  	 28.15  	 23.93  	 12.01
1998	   3	  12	  16	 23.29  	 38.84  	 43.60  	 42.70  	 30.50  	 26.78  	 28.57  	 29.19  	 29.19  	 26.50  	 13.39
1998	   3	  31	  16	 23.06  	 38.23  	 43.39  	 36.14  	 27.90  	 24.55  	 25.09  	 27.90  	 26.36  	 23.73  	 11.73
1998	   4	  14	  16	 26.34  	 40.87  	 44.98  	 42.82  	 28.91  	 26.33  	 26.89  	 28.21  	 28.42  	 24.73  	 12.68
1998	   4	  29	  16	 27.75  	 42.18  	 48.24  	 40.99  	 27.69  	 24.30  	 24.76  	 26.50  	 25.22  	 21.55  	 11.09
1998	   5	  12	  16	 23.94  	 36.21  	 41.78  	 41.29  	 29.26  	 25.85  	 25.92  	 27.86  	 27.86  	 24.11  	 12.23
1998	   5	  26	  16	 25.68  	 41.53  	 46.77  	 38.31  	 29.77  	 27.84  	 30.04  	 30.41  	 27.10  	 21.86  	 10.66
1998	   6	  15	  16	 27.47  	 42.74  	 45.39  	 43.97  	 32.41  	 28.06  	 25.47  	 23.77  	 23.16  	 20.37  	 10.08
1998	   6	  30	  16	 24.19  	 40.40  	 39.11  	 37.72  	 27.02  	 24.71  	 25.36  	 27.02  	 27.85  	 23.51  	 11.76
1998	   7	  13	  16	 14.63  	 33.81  	 39.06  	 39.06  	 27.46  	 24.21  	 25.18  	 26.01  	 24.21  	 21.24  	 10.52
1998	   7	  29	  16	  9.04  	 23.49  	 30.06  	 28.58  	 22.56  	 22.10  	 21.55  	 22.66  	 22.93  	 20.90  	 10.17
1998	   8	  12	  16	 14.04  	 32.87  	 37.10  	 35.23  	 23.45  	 20.75  	 19.78  	 21.03  	 21.03  	 19.09  	  9.51
1998	   8	  31	  16	 16.61  	 31.32  	 28.04  	 25.88  	 19.82  	 17.94  	 17.73  	 18.85  	 20.38  	 18.57  	  9.53
1998	   9	  16	  16	 19.25  	 24.44  	 24.80  	 22.79  	 18.14  	 17.05  	 16.87  	 17.60  	 19.97  	 19.06  	  9.89
1998	   9	  28	  16	 11.67  	 22.97  	 22.05  	 21.19  	 16.12  	 15.59  	 15.46  	 16.71  	 18.69  	 17.64  	  8.65
1998	  10	  28	  16	 22.01  	 29.14  	 23.29  	 22.10  	 16.60  	 16.33  	 16.60  	 17.37  	 19.39  	 17.44  	  8.96
1998	  11	  30	  16	 16.12  	 33.25  	 40.52  	 35.79  	 24.16  	 21.53  	 17.80  	 17.35  	 19.17  	 17.71  	  9.54
1999	   1	   5	  16	 20.32  	 31.80  	 37.45  	 34.98  	 25.83  	 22.19  	 19.40  	 17.52  	 18.43  	 17.46  	  8.89
1999	   1	  27	  16	 30.36  	 43.03  	 44.90  	 44.34  	 31.35  	 27.62  	 28.65  	 29.21  	 31.21  	 27.20  	 13.91
1999	   2	  25	  16	 24.97  	 36.81  	 39.93  	 38.86  	 27.96  	 24.21  	 24.57  	 25.82  	 27.34  	 23.14  	 11.61
1999	   3	  15	  16	 15.93  	 41.11  	 43.55  	 43.14  	 30.56  	 25.55  	 26.03  	 26.23  	 27.58  	 23.45  	 11.63
1999	   3	  29	  16	 20.57  	 35.14  	 39.43  	 39.25  	 28.08  	 23.70  	 25.04  	 26.02  	 27.18  	 23.16  	 11.67
1999	   4	  14	  16	 16.58  	 30.24  	 37.99  	 38.12  	 26.30  	 23.33  	 23.75  	 24.37  	 25.89  	 21.95  	 13.05
1999	   4	  29	  16	 23.10  	 40.22  	 43.94  	 43.66  	 28.72  	 24.64  	 24.64  	 26.36  	 27.18  	 23.01  	 11.82
1999	   5	  11	  16	 12.01  	 27.84  	 36.65  	 37.82  	 27.16  	 23.99  	 24.54  	 25.64  	 26.33  	 22.41  	 11.48
1999	   5	  26	  16	 16.71  	 32.69  	 38.59  	 39.98  	 27.89  	 24.28  	 24.84  	 26.02  	 27.48  	 23.45  	 11.83
1999	   6	  14	  16	 22.17  	 36.59  	 36.04  	 35.95  	 27.55  	 23.22  	 23.49  	 25.47  	 25.84  	 21.86  	 11.20
1999	   6	  29	  16	 10.70  	 23.78  	 28.68  	 30.59  	 22.60  	 21.33  	 21.69  	 21.87  	 23.32  	 19.78  	 10.48
1999	   7	  14	  16	  7.47  	 20.79  	 27.07  	 28.18  	 20.14  	 20.05  	 19.31  	 20.23  	 21.80  	 19.68  	 10.35
1999	   7	  20	  16	 25.19  	 42.00  	 30.54  	 25.77  	 20.08  	 18.80  	 17.79  	 18.89  	 21.09  	 19.44  	 10.22
1999	   8	  12	  16	 25.84  	 32.55  	 28.07  	 24.96  	 20.21  	 17.83  	 17.46  	 17.46  	 19.66  	 18.38  	  9.83
1999	   8	  30	  16	 11.21  	 29.96  	 33.82  	 29.89  	 19.98  	 18.52  	 17.35  	 17.86  	 20.49  	 19.39  	 10.21
1999	   9	  14	  16	 12.28  	 18.27  	 21.92  	 23.02  	 17.35  	 16.08  	 15.80  	 16.17  	 19.18  	 18.54  	  9.68
1999	   9	  28	  16	  8.46  	 15.04  	 19.32  	 22.68  	 16.79  	 15.39  	 14.83  	 15.25  	 17.99  	 17.35  	  9.41
1999	  10	  27	  16	  9.79  	 25.88  	 24.32  	 22.03  	 16.43  	 15.23  	 15.32  	 16.06  	 18.35  	 17.80  	  9.27
1999	  11	  29	  16	  9.50  	 18.01  	 21.15  	 22.12  	 17.03  	 14.80  	 14.73  	 15.50  	 18.01  	 17.24  	  9.25
1999	  12	  27	  16	 14.82  	 35.43  	 37.79  	 30.43  	 16.35  	 14.99  	 15.71  	 15.53  	 17.71  	 16.08  	  8.72
2000	   1	  31	  16	 21.25  	 31.39  	 35.05  	 38.99  	 21.01  	 15.24  	 14.22  	 15.11  	 17.35  	 16.87  	  9.01
2000	   2	  29	  16	 19.61  	 35.54  	 40.84  	 39.10  	 27.86  	 26.22  	 26.31  	 25.85  	 23.48  	 17.63  	  9.41
2000	   3	  13	  16	 17.82  	 32.80  	 37.70  	 41.56  	 29.01  	 25.76  	 25.07  	 25.63  	 27.56  	 23.49  	  9.61
2000	   3	  29	  16	  0.00  	  0.45  	  0.45  	  0.45  	  0.45  	  0.45  	  0.45  	  0.45  	  0.45  	  0.45  	  0.23
2000	   3	  29	  16	 16.20  	 33.66  	 38.23  	 42.18  	 28.25  	 25.68  	 24.85  	 26.03  	 28.39  	 25.13  	 13.29
2000	   4	  12	  16	 18.81  	 31.29  	 34.99  	 38.97  	 26.48  	 23.13  	 23.20  	 24.80  	 27.25  	 24.18  	 12.58
2000	   4	  26	  16	 20.96  	 36.69  	 36.79  	 34.76  	 23.91  	 21.98  	 22.07  	 24.46  	 25.75  	 22.34  	 11.77
2000	   5	  15	  16	 14.09  	 27.64  	 28.26  	 32.22  	 22.21  	 20.40  	 20.61  	 22.28  	 24.65  	 21.45  	 11.11
2000	   5	  30	  16	 20.16  	 36.63  	 40.70  	 38.01  	 24.32  	 23.30  	 20.71  	 21.82  	 23.12  	 20.99  	 10.31
2000	   6	  13	  16	 22.32  	 35.56  	 36.19  	 39.28  	 27.43  	 23.09  	 22.95  	 24.77  	 26.10  	 23.30  	 11.93
2000	   6	  29	  16	 19.69  	 35.01  	 39.79  	 38.87  	 24.40  	 21.94  	 21.38  	 22.51  	 24.40  	 21.94  	 11.18
2000	   7	  14	  16	 22.26  	 36.05  	 40.61  	 41.31  	 25.40  	 20.99  	 20.50  	 20.71  	 23.09  	 21.48  	 10.53
2000	   7	  27	  16	 11.76  	 22.78  	 29.76  	 34.69  	 24.33  	 20.67  	 19.61  	 19.54  	 22.36  	 20.67  	 10.51
2000	   8	  15	  16	 12.77  	 26.32  	 31.26  	 31.96  	 21.39  	 19.84  	 18.08  	 17.79  	 21.04  	 19.84  	 10.17
2000	   8	  29	  16	 14.94  	 23.25  	 24.72  	 26.89  	 19.88  	 18.55  	 17.84  	 17.63  	 20.30  	 19.11  	 10.01
2000	   9	  13	  16	 15.40  	 23.07  	 23.35  	 23.90  	 17.88  	 17.14  	 17.60  	 17.97  	 20.01  	 18.62  	  9.73
2000	   9	  28	  16	 18.57  	 34.90  	 30.53  	 24.40  	 17.92  	 16.65  	 16.79  	 17.43  	 19.61  	 18.56  	  9.70
2000	  10	  30	  16	 17.29  	 32.04  	 35.53  	 36.79  	 19.53  	 16.45  	 16.03  	 17.01  	 18.90  	 17.92  	  9.27
2000	  11	  29	  16	 25.11  	 37.52  	 41.06  	 38.97  	 26.62  	 22.16  	 17.62  	 17.53  	 19.26  	 17.99  	  9.22
2000	  12	  27	  16	 28.48  	 34.72  	 37.90  	 40.53  	 28.21  	 24.61  	 21.43  	 17.34  	 18.45  	 18.24  	  9.50
2001	   1	  30	  16	 46.12  	 47.28  	 46.74  	 45.47  	 33.28  	 30.55  	 31.73  	 34.37  	 36.19  	 32.01  	 16.14
2001	   2	  27	  16	 26.75  	 40.97  	 44.07  	 44.97  	 32.20  	 28.13  	 28.13  	 29.30  	 31.44  	 26.33  	 13.86
2001	   3	  14	  16	 22.66  	 38.07  	 42.97  	 41.77  	 27.07  	 24.39  	 24.39  	 26.24  	 27.07  	 22.82  	 11.04
2001	   3	  28	  16	 19.54  	 35.82  	 41.23  	 41.05  	 27.85  	 24.37  	 25.28  	 26.48  	 27.57  	 22.99  	 11.59
2001	   4	  11	  16	 27.12  	 42.86  	 46.38  	 47.65  	 34.97  	 25.67  	 23.21  	 24.68  	 26.59  	 22.22  	 11.11
2001	   4	  25	  16	 27.59  	 36.65  	 40.31  	 39.67  	 26.93  	 24.00  	 24.64  	 24.73  	 25.65  	 22.63  	 10.90
2001	   5	  15	  16	 19.36  	 24.53  	 28.05  	 29.53  	 21.66  	 21.66  	 21.20  	 23.23  	 22.96  	 20.36  	 10.37
2001	   5	  31	  16	 30.51  	 29.93  	 24.53  	 26.35  	 19.75  	 18.91  	 19.96  	 20.81  	 21.79  	 19.89  	 10.12
2001	   6	  12	  16	 12.73  	 32.62  	 40.66  	 39.07  	 27.29  	 24.39  	 26.17  	 26.26  	 26.92  	 23.46  	 11.40
2001	   6	  27	  16	 10.35  	 25.71  	 30.65  	 35.23  	 25.71  	 23.24  	 23.24  	 23.73  	 25.00  	 21.69  	 10.95
2001	   7	  12	  16	  8.44  	 19.12  	 23.88  	 24.90  	 19.96  	 20.33  	 21.45  	 20.70  	 21.82  	 20.14  	 10.40
2001	   7	  30	  16	  8.50  	 16.03  	 19.22  	 22.54  	 16.95  	 16.95  	 17.73  	 18.51  	 20.21  	 19.43  	  9.89
2001	   8	  13	  16	  7.71  	 16.83  	 20.74  	 20.46  	 15.71  	 14.97  	 16.64  	 16.83  	 19.06  	 19.16  	  9.58
2001	   8	  29	  16	 13.67  	 29.13  	 24.17  	 20.42  	 15.60  	 13.62  	 14.26  	 16.81  	 18.51  	 18.65  	  9.47
2001	   9	  12	  16	 14.74  	 24.93  	 20.46  	 19.81  	 14.88  	 14.13  	 15.43  	 16.27  	 17.85  	 18.04  	  9.11
2001	   9	  26	  16	 17.06  	 30.10  	 21.57  	 20.03  	 15.07  	 13.39  	 13.95  	 15.28  	 17.79  	 17.79  	  9.25
2001	  10	  31	  16	 19.00  	 35.58  	 39.73  	 38.72  	 28.00  	 25.50  	 26.33  	 27.16  	 27.16  	 22.17  	  9.19
2001	  11	  29	  16	 22.68  	 36.47  	 41.50  	 42.55  	 30.38  	 26.33  	 25.63  	 25.21  	 26.82  	 23.74  	 10.99
2001	  12	  26	  16	 23.71  	 37.57  	 40.80  	 41.17  	 28.89  	 25.85  	 26.86  	 27.32  	 28.43  	 24.64  	 12.88
2002	   1	  29	  16	 20.63  	 34.80  	 38.20  	 37.65  	 25.77  	 24.30  	 23.84  	 25.40  	 26.32  	 21.81  	 11.69
2002	   2	  27	  16	 25.11  	 37.72  	 42.17  	 43.21  	 29.72  	 25.27  	 25.48  	 26.59  	 27.57  	 22.84  	 11.14
2002	   3	  14	  16	 22.12  	 37.59  	 42.23  	 43.71  	 30.35  	 26.62  	 27.04  	 27.46  	 30.00  	 24.30  	 12.25
2002	   3	  27	  16	 25.45  	 36.86  	 40.70  	 40.98  	 29.10  	 24.21  	 24.35  	 25.33  	 27.15  	 22.81  	 11.93
2002	   4	  11	  16	 23.43  	 39.61  	 42.21  	 42.30  	 29.96  	 26.90  	 28.10  	 29.87  	 27.36  	 22.72  	 11.08
2002	   4	  29	  16	 24.76  	 38.58  	 42.89  	 45.33  	 32.60  	 28.77  	 28.98  	 30.72  	 30.93  	 24.59  	 12.02
2002	   5	  15	  16	 21.37  	 39.31  	 43.31  	 42.47  	 30.76  	 26.76  	 28.62  	 31.13  	 30.95  	 26.39  	 14.17
2002	   5	  29	  16	 17.51  	 31.63  	 37.54  	 37.17  	 26.19  	 23.88  	 24.07  	 26.01  	 25.45  	 22.87  	 10.83
2002	   6	  13	  16	 25.81  	 46.81  	 48.91  	 48.35  	 38.48  	 36.66  	 37.15  	 39.25  	 41.42  	 35.47  	 14.90
2002	   6	  27	  16	  8.19  	 22.81  	 30.07  	 32.22  	 24.02  	 22.16  	 22.81  	 23.65  	 24.20  	 21.32  	 10.80
2002	   7	  10	  16	  6.71  	 15.31  	 22.63  	 27.39  	 21.63  	 20.64  	 19.78  	 19.21  	 20.64  	 20.42  	 10.14
2002	   7	  30	  16	 21.58  	 38.66  	 43.20  	 41.62  	 30.89  	 26.63  	 26.73  	 28.67  	 27.56  	 24.32  	 12.95
2002	   8	  14	  16	 12.00  	 22.40  	 29.78  	 34.00  	 24.23  	 21.84  	 22.54  	 22.89  	 25.42  	 22.54  	 11.30
2002	   8	  28	  16	 14.77  	 34.27  	 40.13  	 38.83  	 27.84  	 24.48  	 25.97  	 27.28  	 27.74  	 24.30  	 12.71
2002	   9	  13	  16	  7.89  	 23.69  	 30.22  	 32.28  	 23.32  	 21.73  	 22.29  	 23.41  	 22.94  	 21.08  	 10.87
2002	   9	  26	  16	  8.82  	 20.65  	 29.45  	 33.96  	 25.72  	 24.95  	 22.41  	 23.19  	 24.46  	 22.41  	 10.64
2002	  10	  30	  16	 19.42  	 26.08  	 24.80  	 26.08  	 19.95  	 19.04  	 17.39  	 19.04  	 19.49  	 19.49  	  9.24
2002	  11	  26	  16	 17.34  	 30.67  	 33.25  	 29.13  	 20.13  	 18.45  	 18.04  	 18.10  	 19.85  	 18.04  	  9.30
2002	  12	  31	  16	 18.03  	 37.34  	 40.93  	 38.17  	 25.93  	 18.57  	 18.02  	 18.48  	 19.49  	 17.74  	  9.33
2003	   1	  29	  16	 24.19  	 34.11  	 34.87  	 38.80  	 27.42  	 24.38  	 24.94  	 23.42  	 22.04  	 17.69  	  9.26
2003	   2	  26	  16	 35.83  	 36.55  	 41.74  	 41.84  	 30.79  	 27.45  	 26.99  	 27.64  	 28.29  	 25.50  	 10.90
2003	   3	  13	  16	 36.81  	 50.39  	 40.93  	 41.35  	 27.69  	 24.75  	 25.03  	 25.52  	 27.20  	 23.84  	 11.99
2003	   3	  27	  16	 22.86  	 38.03  	 42.76  	 42.11  	 30.24  	 27.17  	 28.01  	 28.57  	 28.57  	 24.76  	 13.36
2003	   4	  14	  16	 17.54  	 33.95  	 38.84  	 42.90  	 28.84  	 26.05  	 26.33  	 26.54  	 29.12  	 24.37  	 13.13
2003	   4	  29	  16	 19.94  	 37.78  	 41.61  	 40.77  	 28.45  	 24.25  	 23.97  	 25.65  	 25.46  	 22.29  	 11.47
2003	   5	  13	  16	 20.82  	 37.66  	 41.00  	 40.81  	 29.77  	 27.92  	 27.92  	 28.47  	 28.84  	 25.50  	 13.22
2003	   5	  28	  16	  8.66  	 23.51  	 31.43  	 35.49  	 25.05  	 22.95  	 23.58  	 24.21  	 25.33  	 21.83  	 11.40
2003	   6	  11	  16	 21.10  	 24.85  	 29.66  	 30.49  	 22.73  	 20.60  	 22.17  	 22.36  	 22.26  	 20.42  	 10.44
2003	   6	  25	  16	  8.02  	 26.89  	 31.65  	 34.46  	 25.12  	 22.69  	 23.43  	 24.37  	 24.93  	 21.94  	 11.58
2003	   7	  14	  16	 13.48  	 29.93  	 37.51  	 41.06  	 29.43  	 25.40  	 25.40  	 27.17  	 28.09  	 24.54  	 12.70
2003	   7	  30	  16	 14.18  	 24.81  	 31.49  	 36.60  	 25.95  	 22.96  	 23.82  	 23.89  	 25.88  	 23.04  	 11.77
2003	   8	  13	  16	 12.94  	 23.16  	 27.27  	 30.45  	 22.24  	 20.90  	 21.96  	 20.33  	 22.88  	 20.83  	 10.70
2003	   8	  28	  16	  6.47  	 19.06  	 23.44  	 23.44  	 18.60  	 17.76  	 17.85  	 19.16  	 20.92  	 19.53  	 10.23
2003	   9	  15	  16	 14.38  	 28.02  	 34.18  	 38.58  	 26.25  	 24.19  	 24.47  	 25.40  	 26.39  	 22.91  	 11.32
2003	   9	  29	  16	 19.77  	 37.13  	 38.41  	 32.64  	 23.41  	 20.94  	 22.13  	 22.77  	 22.68  	 20.66  	 10.19
2003	  10	  29	  16	 20.12  	 35.76  	 38.90  	 39.53  	 23.27  	 20.06  	 20.27  	 20.41  	 22.36  	 19.71  	 10.03
2003	  11	  25	  16	 22.47  	 38.61  	 41.41  	 43.80  	 29.63  	 26.61  	 26.82  	 26.12  	 27.52  	 24.16  	 10.89
2003	  12	  29	  16	 21.01  	 36.13  	 40.38  	 42.40  	 29.99  	 26.44  	 26.09  	 25.33  	 27.35  	 23.24  	 11.83
2004	   1	  28	  16	 25.40  	 34.89  	 39.12  	 38.48  	 27.52  	 24.02  	 24.39  	 25.13  	 24.76  	 21.81  	 11.14
2004	   2	  25	  16	 25.87  	 43.48  	 42.78  	 45.43  	 32.55  	 28.58  	 27.74  	 26.00  	 25.31  	 22.31  	 10.95
2004	   3	  11	  16	 22.27  	 36.99  	 40.86  	 43.25  	 30.58  	 26.50  	 26.64  	 27.27  	 29.03  	 25.58  	 12.97
2004	   3	  30	  16	 22.99  	 40.17  	 43.31  	 41.74  	 30.40  	 26.16  	 25.61  	 26.53  	 25.52  	 22.11  	 11.61
2004	   4	  14	  16	 10.63  	 32.19  	 36.71  	 37.17  	 26.65  	 24.07  	 25.08  	 26.01  	 25.45  	 22.78  	 12.08
2004	   4	  28	  16	 17.78  	 36.46  	 38.35  	 37.16  	 24.46  	 22.42  	 22.70  	 23.68  	 25.65  	 22.00  	 11.28
2004	   5	  11	  16	 13.61  	 29.70  	 30.16  	 34.31  	 30.80  	 22.32  	 21.85  	 21.39  	 22.96  	 23.15  	 10.47
2004	   5	  26	  16	 23.30  	 39.18  	 39.46  	 35.74  	 23.08  	 19.99  	 19.71  	 19.92  	 22.66  	 20.27  	 10.45
2004	   6	  14	  16	 17.48  	 27.32  	 30.39  	 28.81  	 22.76  	 21.09  	 19.23  	 19.42  	 20.72  	 19.97  	  9.99
2004	   6	  29	  16	 12.53  	 26.09  	 30.73  	 29.89  	 22.65  	 21.26  	 20.61  	 20.51  	 19.96  	 19.31  	  9.93
