# Station Name: Belleville
# Station Code: FRM
# Station Latitude: 38.520000
# Station Longitude: 89.880000
# Station Altitude: 133.000000
Year	  MO	  DY	 Sta	 0-10cm 	 10-30  	 30-50  	 50-70  	 70-90  	 90-110 	 110-130	 130-150	 150-170	 170-190	 190-200
1982	   5	  13	  10	 27.64  	 42.39  	 44.39  	 54.88  	 80.05  	 76.12  	 77.73  	 75.44  	 75.91  	 75.73  	 38.65
1982	   5	  26	  10	 17.33  	 54.95  	 40.24  	 56.39  	 82.20  	 80.38  	 80.33  	 78.32  	 78.70  	 82.92  	 40.95
1982	   6	  15	  10	 30.92  	 55.34  	 52.69  	 60.79  	 81.61  	 78.40  	 70.08  	 78.89  	 80.14  	 78.44  	 39.71
1982	   6	  29	  10	 27.34  	 51.38  	 49.71  	 61.25  	 83.64  	 81.53  	 82.12  	 78.96  	 79.78  	 81.13  	 39.75
1982	   7	  13	  10	 26.63  	 58.66  	 55.37  	 64.16  	 84.18  	 80.92  	 83.51  	 80.84  	 80.59  	 81.39  	 40.50
1982	   7	  29	  10	 31.80  	 42.83  	 44.07  	 58.13  	 81.15  	 76.99  	 77.95  	 76.36  	 75.85  	 77.98  	 39.60
1982	   8	  11	  10	 33.64  	 45.15  	 39.20  	 57.20  	 81.56  	 78.52  	 77.03  	 74.74  	 76.63  	 79.73  	 40.75
1982	   9	   1	  10	 34.29  	 44.76  	 39.55  	 56.40  	 80.41  	 77.33  	 77.30  	 75.59  	 77.23  	 80.51  	 39.97
1982	   9	  15	  10	 31.52  	 51.40  	 46.56  	 58.83  	 79.70  	 71.01  	 75.84  	 75.10  	 75.41  	 78.12  	 39.58
1982	   9	  29	  10	 28.52  	 43.35  	 46.37  	 56.72  	 79.70  	 75.72  	 76.29  	 76.00  	 77.86  	 77.57  	 39.27
1982	  10	  27	  10	 32.41  	 45.17  	 48.62  	 57.49  	 80.55  	 74.08  	 76.78  	 75.95  	 76.35  	 79.62  	 39.78
1982	  12	   1	  10	 38.24  	 51.47  	 56.87  	 65.10  	 80.76  	 77.20  	 78.40  	 75.13  	 77.03  	 78.37  	 40.69
1982	  12	  14	  10	 46.13  	 52.26  	 63.41  	 75.42  	 82.42  	 78.45  	 79.30  	 76.41  	 82.15  	 80.39  	 40.44
1982	  12	  28	  10	 41.85  	 51.66  	 72.29  	 74.40  	 83.32  	 77.05  	 80.45  	 76.91  	 75.90  	 79.07  	 40.17
1983	   1	  27	  10	 42.56  	 53.09  	 63.46  	 75.15  	 84.65  	 84.62  	 83.65  	 82.25  	 81.73  	 83.39  	 41.82
1983	   2	  23	  10	 36.58  	 53.16  	 60.46  	 70.77  	 84.49  	 83.50  	 82.20  	 83.76  	 81.32  	 86.35  	 42.19
1983	   3	  16	  10	 40.89  	 51.67  	 58.53  	 66.08  	 84.65  	 77.54  	 78.75  	 77.68  	 77.26  	 76.89  	 39.69
1983	   3	  29	  10	 43.56  	 56.65  	 68.94  	 75.74  	 87.80  	 80.18  	 80.74  	 78.59  	 80.68  	 81.54  	 42.13
1983	   4	  13	  10	 52.17  	103.23  	 94.29  	 95.87  	102.92  	 99.52  	101.75  	 98.27  	101.31  	 97.59  	 50.15
1983	   4	  27	  10	 42.82  	 54.55  	 61.74  	 69.25  	 85.95  	 82.44  	 83.24  	 80.13  	 80.36  	 83.05  	 41.11
1983	   5	  17	  10	 41.70  	 59.98  	 64.26  	 69.35  	 84.18  	 79.49  	 81.18  	 80.93  	 81.44  	 81.96  	 40.52
1983	   6	   1	  10	 39.41  	 49.96  	 56.71  	 64.71  	 84.83  	 80.99  	 82.00  	 81.27  	 81.24  	 82.72  	 40.01
1983	   7	  19	  10	  3.81  	 32.37  	 45.70  	 57.78  	 74.60  	 61.14  	 68.98  	 66.87  	 73.81  	 74.72  	 37.36
1983	   7	  27	  10	 20.65  	 43.99  	 48.39  	 62.08  	 79.06  	 79.52  	 76.17  	 77.11  	 81.49  	 81.92  	 40.96
1983	   8	  16	  10	 15.66  	 37.05  	 44.46  	 55.77  	 76.66  	 75.95  	 75.64  	 72.38  	 75.48  	 77.21  	 38.61
1983	   8	  30	  10	 16.08  	 29.78  	 43.35  	 58.65  	 78.58  	 77.85  	 76.74  	 74.35  	 78.51  	 82.70  	 41.35
1983	   9	  13	  10	 21.42  	 40.68  	 40.33  	 56.70  	 79.14  	 77.88  	 74.45  	 73.19  	 75.97  	 77.54  	 38.77
1983	   9	  28	  10	 18.53  	 41.85  	 43.26  	 54.99  	 77.30  	 77.64  	 77.19  	 72.11  	 76.67  	 79.34  	 39.67
1983	  10	  26	  10	 33.11  	 62.47  	 64.57  	 66.82  	 79.35  	 79.90  	 77.46  	 75.40  	 80.79  	 77.95  	 38.97
1983	  12	   1	  10	 39.45  	 63.41  	 68.22  	 70.61  	 82.58  	 79.59  	 79.08  	 87.61  	 80.55  	 76.83  	 38.42
1983	  12	  30	  10	 48.03  	 79.11  	 55.56  	 59.82  	 78.56  	 82.67  	 77.92  	 89.34  	 83.16  	 81.01  	 40.51
1984	   1	  30	  10	 42.15  	 85.14  	 60.63  	 62.69  	 77.99  	 80.50  	 78.34  	 85.35  	 82.11  	 78.20  	 39.10
1984	   2	  13	  10	 43.87  	 78.41  	 68.59  	 68.81  	 78.80  	 82.75  	 82.74  	 84.61  	 84.00  	 76.40  	 38.20
1984	   3	   7	  10	 37.62  	 63.70  	 82.62  	 81.54  	 88.03  	 94.24  	 95.05  	100.60  	 99.92  	 91.81  	 45.03
1984	   3	  19	  10	 67.78  	 82.92  	 78.65  	 83.86  	 93.22  	 96.42  	 92.95  	103.24  	 93.08  	 85.33  	 45.87
1984	   4	   3	  10	 46.92  	 81.46  	 80.24  	 83.36  	 94.46  	 96.22  	 96.76  	103.81  	 93.38  	 88.10  	 44.05
1984	   4	  20	  10	 42.00  	 78.41  	 73.65  	 80.46  	 96.10  	 93.65  	 95.69  	103.99  	 94.06  	 89.71  	 47.17
1984	   5	   1	  10	 39.31  	 75.49  	 71.45  	 75.63  	 94.21  	 92.06  	 94.21  	103.77  	 92.73  	 88.15  	 45.42
1984	   5	  18	  10	 39.69  	 67.09  	 63.66  	 71.19  	 90.21  	 91.85  	 92.26  	104.03  	 95.27  	 88.29  	 46.88
1984	   6	   4	  10	 34.23  	 63.94  	 60.81  	 70.61  	 89.40  	 91.04  	 91.04  	100.98  	 92.81  	 88.72  	 46.13
1984	   6	  18	  10	 16.44  	 30.79  	 51.65  	 68.50  	 90.04  	 90.32  	 89.49  	 96.53  	 93.36  	 89.49  	 46.40
1984	   6	  28	  10	 19.69  	 80.31  	 48.98  	 79.68  	 94.14  	 93.41  	 93.62  	 99.69  	 96.55  	 97.08  	 48.69
1984	   7	  16	  10	999.99  	  9.38  	 29.76  	 59.85  	 88.06  	 92.76  	 92.34  	 93.80  	 98.40  	 92.86  	 49.41
1984	   7	  30	  10	 11.99  	  5.96  	 24.36  	 53.74  	 83.85  	 89.08  	 90.02  	 91.59  	 95.56  	 93.37  	 49.56
1984	   8	  16	  10	  9.72  	 11.25  	 14.73  	 45.08  	 74.90  	 81.12  	 88.39  	 85.65  	 91.45  	 94.93  	 49.99
1984	   8	  30	  10	 14.99  	 13.36  	 16.93  	 42.57  	 74.09  	 78.72  	 83.45  	 84.60  	 90.91  	 92.38  	 48.08
1984	   9	  12	  10	 30.25  	 60.64  	 27.52  	 37.98  	 70.61  	 74.20  	 78.94  	 80.20  	 86.69  	 91.82  	 46.64
1984	   9	  26	  10	 34.58  	 71.50  	 70.82  	 56.39  	 71.11  	 75.93  	 79.01  	 79.58  	 86.42  	 89.79  	 47.40
1984	  10	  29	  10	 37.24  	 76.47  	 77.15  	 81.48  	 94.19  	 92.65  	 95.16  	100.74  	 93.23  	 91.98  	 47.24
1984	  11	  29	  10	 37.63 -	999.99 -	999.99 -	999.99 -	999.99 -	999.99 -	999.99 -	999.99 -	999.99 -	999.99 -	999.99
1985	   1	   2	  10	 44.47  	 79.34  	 84.96  	 87.72  	 96.39  	 94.30  	 95.73  	102.11  	 94.11  	 89.53  	 47.01
1985	   3	  19	  10	 43.74  	 82.84  	 75.44  	 80.82  	 94.94  	 93.12  	 95.04  	100.80  	 95.52  	 90.71  	 47.52
1985	   3	  26	  10	 40.63  	 81.93  	 75.21  	 80.30  	 93.15  	 93.92  	 96.42  	102.27  	 94.50  	 91.24  	 47.39
1985	   4	  15	  10	 43.69  	 84.00  	 84.67  	 85.43  	 94.70  	 94.42  	 96.61  	101.30  	 95.08  	 89.45  	 47.16
1985	   4	  30	  10	 30.76  	 63.78  	 62.82  	 72.62  	 92.33  	 92.62  	 94.92  	101.56  	 93.67  	 90.89  	 47.46
1985	   5	  15	  10	 33.54  	 67.59  	 65.47  	 72.78  	 88.94  	 92.98  	 93.94  	100.77  	 92.69  	 91.63  	 47.45
1985	   5	  28	  10	 24.08  	 43.51  	 54.34  	 70.20  	 91.09  	 90.02  	 91.96  	 99.69  	 94.66  	 90.99  	 47.57
1985	   6	  12	  10	 36.05  	 73.04  	 71.42  	 74.19  	 91.25  	 92.58  	 96.78  	100.68  	 94.01  	 89.15  	 47.01
1985	   6	  27	  10	 34.41  	 71.63  	 70.65  	 76.22  	 94.78  	 97.02  	 98.68  	104.35  	 96.63  	 93.70  	 48.32
1985	   7	  15	  10	 21.18  	 44.30  	 56.56  	 70.57  	 90.51  	 91.29  	 91.87  	103.06  	 95.08  	 91.19  	 47.30
1985	   7	  30	  10	 16.83  	 31.82  	 47.32  	 67.09  	 88.50  	 88.79  	 88.70  	 92.96  	 96.26  	 92.57  	 47.06
1985	   8	  15	  10	 17.67  	 30.93  	 40.38  	 64.41  	 86.23  	 88.54  	 87.77  	 84.49  	 95.68  	 91.05  	 47.41
1985	   8	  28	  10	 25.34  	 54.87  	 51.58  	 64.05  	 86.85  	 88.11  	 89.27  	 88.69  	 95.16  	 90.82  	 47.68
1985	   9	  11	  10	 11.44  	 25.78  	 44.55  	 65.16  	 88.29  	 90.04  	 89.17  	 88.00  	 95.88  	 92.47  	 47.99
1985	   9	  26	  10	 10.54  	  8.76  	 36.34  	 64.32  	 85.08  	 89.37  	 89.47  	 88.89  	 91.52  	 93.47  	 47.81
1985	  10	  15	  10	 17.61  	  8.11  	 30.95  	 59.00  	 83.67  	 86.66  	 86.56  	 85.12  	 87.72  	 90.42  	 47.71
1985	  10	  28	  10	 10.82  	  7.45  	 28.96  	 60.31  	 84.42  	 88.08  	 85.48  	 85.00  	 87.60  	 92.33  	 47.51
1985	  11	  21	  10	 36.17  	 78.31  	 79.85  	 84.55  	 92.12  	 91.74  	 96.15  	101.13  	 92.50  	 91.26  	 47.45
1986	   1	   2	  10	 36.31  	 72.03  	 72.22  	 77.17  	 93.27  	 92.79  	 96.51  	100.22  	 92.79  	 89.46  	 46.59
1986	   1	  29	  10	 35.80  	 68.91  	 69.48  	 72.61  	 90.88  	 90.88  	 95.43  	100.16  	 92.49  	 88.70  	 46.86
1986	   2	  26	  10	 38.25  	 75.44  	 76.88  	 84.64  	 94.80  	 93.08  	 97.78  	102.19  	 95.28  	 90.59  	 46.68
1986	   3	  12	  10	 42.91  	 76.44  	 79.07  	 84.05  	 92.23  	 92.89  	 95.24  	100.04  	 90.54  	 88.00  	 45.88
1986	   4	   1	  10	 35.16  	 72.29  	 71.32  	 76.07  	 92.75  	 93.62  	 99.24  	102.73  	 93.23  	 89.45  	 47.49
1986	   4	  18	  10	 21.25  	 50.37  	 59.71  	 53.55  	 89.86  	 90.53  	 90.25  	 99.01  	 94.29  	 90.05  	 48.11
1986	   4	  30	  10	 14.42  	 41.99  	 57.22  	 70.70  	 90.98  	 92.05  	 90.79  	 93.21  	 95.74  	 92.63  	 47.24
1986	   5	  14	  10	 18.84  	 21.63  	 47.58  	 68.70  	 89.05  	 89.43  	 88.47  	 88.18  	 93.87  	 91.36  	 47.61
1986	   5	  29	  10	 27.39  	 19.44  	 43.07  	 66.32  	 87.74  	 89.85  	 88.41  	 88.22  	 92.54  	 88.79  	 46.65
1986	   6	  17	  10	 20.74  	 54.06  	 59.28  	 69.55  	 89.11  	 89.49  	 89.49  	100.53  	 95.98  	 92.69  	 47.22
1986	   7	   2	  10	 21.11 -	999.99 -	999.99 -	999.99 -	999.99 -	999.99 -	999.99 -	999.99 -	999.99 -	999.99 -	999.99
1986	   7	  15	  10	 24.57 -	999.99 -	999.99 -	999.99 -	999.99 -	999.99 -	999.99 -	999.99 -	999.99 -	999.99 -	999.99
1986	   7	  29	  10	 11.25 -	999.99 -	999.99 -	999.99 -	999.99 -	999.99 -	999.99 -	999.99 -	999.99 -	999.99 -	999.99
1986	   8	  13	  10	 14.68  	 23.48  	 41.13  	 63.43  	 87.33  	 87.33  	 88.12  	 88.12  	 91.49  	 92.28  	 48.82
1986	   8	  27	  10	 43.74  	 11.97  	 34.50  	 59.33  	 81.48  	 84.55  	 81.76  	 82.63  	 89.05  	 88.28  	 45.82
1986	   9	  15	  10	 17.78  	 13.05  	 29.24  	 57.55  	 81.60  	 83.83  	 83.25  	 83.05  	 87.90  	 91.00  	 46.96
1986	   9	  29	  10	 23.25  	 40.98  	 34.84  	 57.83  	 82.77  	 84.82  	 84.62  	 85.11  	 88.71  	 92.41  	 46.50
1986	  10	  28	  10	 31.86  	 72.65  	 73.81  	 77.96  	 92.33  	 89.05  	 90.01  	 87.41  	 92.42  	 90.69  	 46.16
1986	  11	  24	  10	 32.16  	 70.79  	 70.79  	 76.28  	 90.15  	 88.32  	 87.84  	 90.73  	 92.65  	 90.63  	 47.19
1986	  12	  29	  10	 38.08  	 71.26  	 73.36  	 77.08  	 93.69  	 93.02  	 95.41  	 99.03  	 92.16  	 92.16  	 46.32
1987	   1	  28	  10	 44.40  	 75.34  	 75.82  	 78.40  	 95.72  	 94.47  	 97.25  	101.27  	 91.80  	 90.36  	 47.24
1987	   2	  25	  10	 35.67  	 73.93  	 78.33  	 80.15  	 94.49  	 93.82  	 97.55  	101.86  	 92.49  	 90.38  	 47.39
1987	   3	  16	  10	 37.26  	 73.93  	 72.22  	 78.61  	 94.45  	 95.12  	 97.51  	101.80  	 93.50  	 89.39  	 46.41
1987	   3	  30	  10	 39.19  	 77.67  	 79.76  	 85.84  	 96.00  	 92.30  	 97.71  	100.85  	 93.53  	 89.64  	 46.39
1987	   4	  14	  10	 43.66  	 78.46  	 81.23  	 85.53  	 96.42  	 95.08  	 97.00  	102.25  	 93.75  	 89.35  	 46.40
1987	   4	  30	  10	 24.96  	 61.34  	 67.77  	 75.85  	 93.10  	 93.88  	 99.23  	103.42  	 96.02  	 92.32  	 47.96
1987	   5	  14	  10	 18.33  	 44.39  	 57.83  	 71.96  	 91.54  	 90.86  	 91.54  	101.47  	 95.73  	 92.51  	 47.96
1987	   5	  27	  10	 13.33  	 16.64  	 44.47  	 67.13  	 89.31  	 91.94  	 90.58  	 90.58  	 95.56  	 93.80  	 48.02
1987	   6	  15	  10	  8.13  	  9.29  	 37.30  	 65.61  	 89.72  	 90.30  	 90.01  	 87.28  	 92.94  	 92.16  	 48.18
1987	   6	  29	  10	 22.76  	 55.40  	 50.33  	 66.02  	 88.32  	 89.69  	 87.45  	 90.17  	 90.17  	 91.83  	 47.72
1987	   7	  14	  10	 35.91  	 74.00  	 73.13  	 77.47  	 92.90  	 92.81  	 96.28  	100.72  	 93.96  	 89.91  	 47.37
1987	   8	   5	  10	 22.43  	 30.56  	 51.60  	 69.43  	 92.32  	 90.86  	 88.52  	 90.08  	 95.24  	 93.39  	 47.33
1987	   8	  13	  10	 23.10  	 52.50  	 53.85  	 70.07  	 91.32  	 91.32  	 88.04  	 96.73  	 95.38  	 90.93  	 47.30
1987	   8	  27	  10	 38.53  	 70.29  	 61.96  	 67.09  	 87.63  	 88.70  	 91.80  	100.62  	 95.29  	 92.48  	 47.11
1987	   9	  14	  10	 17.46  	 43.54  	 58.38  	 67.99  	 87.59  	 89.04  	 88.36  	 89.14  	 93.02  	 91.85  	 47.67
1987	   9	  28	  10	 15.54  	 42.86  	 54.78  	 67.39  	 88.21  	 89.58  	 88.99  	 88.99  	 93.00  	 91.73  	 47.53
1987	  10	  27	  10	 31.86  	 67.53  	 69.25  	 69.82  	 84.93  	 86.46  	 85.79  	 86.37  	 89.52  	 90.29  	 46.63
1987	  11	  30	  10	 32.65  	 75.18  	 79.01  	 85.82  	 92.91  	 92.04  	 96.55  	101.24  	 92.23  	 90.51  	 47.27
1988	   1	   4	  10	 38.33  	 75.87  	 78.54  	 81.21  	 94.57  	 93.42  	 95.81  	101.53  	 93.04  	 89.42  	 47.57
1988	   1	  25	  10	 33.24  	 76.06  	 80.17  	 84.27  	 93.52  	 92.56  	 98.38  	101.24  	 93.14  	 88.37  	 46.81
1988	   2	  29	  10	 34.75  	 76.52  	 78.92  	 85.62  	 95.30  	 93.86  	 97.98  	102.01  	 93.96  	 90.51  	 47.60
1988	   3	  14	  10	 36.69  	 77.75  	 80.81  	 85.58  	 95.31  	 91.78  	 96.65  	 99.99  	 93.40  	 89.59  	 46.84
1988	   3	  29	  10	 55.24  	 79.00  	 82.25  	 86.84  	 95.07  	 94.88  	 97.94  	100.13  	 92.68  	 89.90  	 47.25
1988	   4	  14	  10	 32.27  	 69.73  	 71.07  	 77.57  	 94.40  	 92.68  	 97.74  	101.76  	 93.73  	 88.56  	 46.48
1988	   4	  27	  10	 25.75  	 58.91  	 63.84  	 74.74  	 91.73  	 92.40  	 92.79  	101.67  	 94.72  	 90.38  	 47.46
1988	   5	  11	  10	 26.41  	 35.83  	 55.96  	 72.33  	 92.27  	 88.90  	 90.82  	 94.77  	 94.00  	 90.73  	 47.63
1988	   5	  25	  10	 29.04  	 16.70  	 41.34  	 68.27  	 89.95  	 88.99  	 86.13  	 89.09  	 93.38  	 89.37  	 47.98
1988	   6	  14	  10	 14.10  	  3.42  	 24.13  	 60.30  	 86.54  	 88.78  	 87.13  	 89.56  	 93.06  	 90.72  	 48.52
1988	   7	   6	  10	 14.55  	  0.00  	 11.17  	 41.95  	 73.91  	 79.85  	 83.26  	 82.67  	 89.88  	 91.44  	 48.30
1988	   7	  13	  10	 29.55  	 27.11  	 19.34  	 40.23  	 71.70  	 78.02  	 83.36  	 85.01  	 89.58  	 91.72  	 48.38
1988	   7	  27	  10	 29.41  	 51.79  	 56.16  	 44.89  	 71.31  	 78.21  	 82.78  	 84.14  	 89.77  	 92.01  	 48.04
1988	   8	   2	  10	 14.46  	 49.57  	 50.41  	 48.46  	 75.04  	 78.52  	 82.00  	 83.95  	 86.04  	 90.35  	 46.57
1988	   8	  15	  10	 41.11  	 28.76  	 36.22  	 47.00  	 75.35  	 79.07  	 84.27  	 83.88  	 89.47  	 91.53  	 48.07
1988	   8	  30	  10	 23.14  	  6.64  	 22.92  	 43.44  	 73.78  	 78.01  	 80.52  	 80.90  	 88.03  	 90.44  	 46.86
1988	   9	  14	  10	 14.53  	  1.48  	 15.52  	 41.85  	 73.23  	 77.78  	 80.97  	 82.62  	 88.53  	 90.66  	 47.70
1988	   9	  28	  10	 17.52  	  4.64  	 13.24  	 42.16  	 72.91  	 78.13  	 81.80  	 81.22  	 85.48  	 89.92  	 46.99
1988	  10	  26	  10	 23.86  	 16.31  	 13.72  	 41.16  	 70.90  	 75.21  	 79.82  	 80.68  	 84.90  	 88.84  	 45.28
1988	  11	  29	  10	 33.48  	 69.40  	 70.36  	 73.62  	 74.77  	 77.83  	 79.56  	 78.70  	 83.49  	 88.28  	 46.40
1989	   1	   3	  10	 48.07  	 71.64  	 75.08  	 75.37  	 89.11  	 83.48  	 79.95  	 79.28  	 81.38  	 87.87 -	999.99
1989	   1	  30	  10	 38.49  	 74.92  	 78.66  	 82.49  	 92.16  	 92.92  	 96.47  	 98.77  	 91.01  	 89.57 -	999.99
1989	   2	  28	  10	 37.75  	 73.65  	 76.30  	 82.08  	 91.64  	 92.68  	 94.86  	 97.89  	 91.36  	 89.93 -	999.99
1989	   3	  15	  10	 40.31  	 77.29  	 80.28  	 85.40  	 95.55  	 96.32  	 99.71  	106.47  	 96.42  	 93.14  	 48.65
1989	   3	  29	  10	 48.95  	 75.36  	 81.28  	 85.94  	 96.80  	 97.97  	102.92  	105.53  	 99.33  	 91.66  	 49.23
1989	   4	  12	  10	 43.86  	 76.38  	 78.22  	 81.98  	 95.10  	 97.32  	100.51  	104.37  	 96.26  	 91.73  	 49.19
1989	   4	  26	  10	 22.81  	 59.54  	 67.87  	 74.23  	 93.33  	 94.90  	 99.11  	106.75  	 98.13  	 93.82  	 50.29
1989	   5	  10	  10	 35.05  	 51.92  	 60.43  	 69.71  	 90.80  	 93.02  	 91.47  	 95.82  	 98.14  	 90.99  	 49.31
1989	   5	  17	  10	 25.26  	 46.46  	 53.77  	 65.27  	 85.42  	 86.37  	 85.83  	 90.29  	 92.59  	 87.45  	 45.62
1989	   5	  30	  10	 35.16  	 65.66  	 66.34  	 68.96  	 88.56  	 88.46  	 95.44  	103.50  	 99.23  	 91.08  	 49.27
1989	   6	  13	  10	 38.17  	 60.06  	 65.00  	 68.77  	 88.04  	 90.75  	 90.66  	104.31  	 97.43  	 91.62  	 48.67
1989	   6	  28	  10	 33.96  	 61.77  	 66.05  	 71.12  	 89.61  	 91.36  	 90.20  	104.21  	 98.57  	 91.75  	 49.38
1989	   7	  12	  10	 20.40  	 39.80  	 57.83  	 70.48  	 90.37  	 92.33  	 90.18  	 93.41  	 98.70  	 92.43  	 49.74
1989	   7	  26	  10	 37.06  	 36.35  	 51.61  	 66.47  	 88.09  	 89.65  	 89.26  	 90.04  	 96.79  	 92.88  	 49.67
1989	   8	  15	  10	 14.13  	  1.81  	 30.27  	 59.61  	 84.83  	 89.25  	 87.48  	 87.78  	 92.78  	 94.45  	 49.87
1989	   8	  29	  10	 41.26  	  9.52  	 27.85  	 57.54  	 85.37  	 87.04  	 88.61  	 85.57  	 91.65  	 91.84  	 48.62
1989	   9	  12	  10	 20.80  	  7.79  	 25.04  	 52.85  	 80.66  	 86.37  	 85.69  	 85.02  	 88.89  	 92.19  	 47.89
1989	   9	  26	  10	 23.37  	 47.22  	 49.36  	 53.43  	 82.73  	 85.84  	 85.06  	 85.55  	 90.50  	 91.18  	 48.21
1989	  10	  24	  10	 23.74  	 52.54  	 56.50  	 55.63  	 83.04  	 85.07  	 84.01  	 84.58  	 86.51  	 90.38  	 47.26
1989	  11	  28	  10	 24.05  	 55.44  	 63.01  	 64.07  	 81.60  	 84.86  	 85.34  	 81.12  	 85.82  	 90.51  	 44.87
1990	   1	   2	  10	 32.07  	 58.79  	 60.22  	 62.42  	 82.42  	 82.90  	 82.42  	 80.03  	 82.61  	 88.73  	 43.75
1990	   1	  30	  10	 29.14  	 66.86  	 68.48  	 73.07  	 86.08  	 84.84  	 81.78  	 79.58  	 84.55  	 88.47  	 43.71
1990	   2	  27	  10	 36.19  	 73.97  	 76.16  	 80.17  	 94.85  	 93.04  	 96.47  	 99.43  	 93.33  	 90.46  	 47.86
1990	   3	  14	  10	 38.03  	 72.22  	 74.58  	 77.63  	 93.75  	 94.02  	 96.25  	102.50  	 91.66  	 87.77  	 46.46
1990	   3	  27	  10	 32.07  	 71.99  	 74.19  	 77.44  	 93.71  	 96.58  	 97.44  	100.12  	 92.18  	 90.36  	 47.33
1990	   4	  17	  10	 47.03  	 81.11  	 83.81  	 86.23  	 95.97  	 97.32  	100.22  	103.02  	 94.91  	 92.31  	 48.03
1990	   5	   1	  10	 37.76  	 73.81  	 73.42  	 79.40  	 97.92  	 95.80  	 98.88  	103.03  	 93.96  	 90.49  	 47.51
1990	   5	  15	  10	 49.27  	 78.32  	 82.81  	 84.53  	 97.12  	 95.41  	 98.27  	101.13  	 92.16  	 89.20  	 46.89
1990	   5	  29	  10	 39.19  	 78.85  	 81.96  	 84.97  	 99.91  	 97.19  	100.59  	103.30  	 93.99  	 91.27  	 47.92
1990	   6	  13	  10	 31.11  	 70.15  	 71.31  	 77.82  	 93.47  	 96.38  	100.85  	103.57  	 95.21  	 90.94  	 48.43
1990	   6	  27	  10	 19.17  	 50.43  	 61.58  	 72.05  	 93.86  	 90.44  	 91.32  	100.61  	 94.64  	 92.78  	 48.64
1990	   7	  16	  10	 12.92  	  3.42  	 27.61  	 62.53  	 88.67  	 90.42  	 91.30  	 88.47  	 94.81  	 91.40  	 48.58
1990	   7	  30	  10	 16.18  	  0.36  	 14.25  	 48.67  	 86.13  	 89.65  	 89.16  	 86.23  	 92.10  	 93.37  	 48.64
1990	   8	  14	  10	 19.23  	  0.00  	 11.93  	 41.42  	 80.36  	 87.08  	 85.91  	 84.74  	 88.74  	 91.56  	 47.73
1990	   8	  29	  10	 13.18  	  0.00  	 10.30  	 38.57  	 78.12  	 83.46  	 82.00  	 83.26  	 88.41  	 90.65  	 45.62
1990	   9	  12	  10	 13.14  	  0.00  	  8.20  	 33.94  	 73.87  	 82.49  	 82.68  	 82.00  	 86.99  	 92.27  	 45.84
1990	   9	  26	  10	 22.23  	  0.00  	  9.04  	 33.72  	 71.02  	 80.64  	 82.00  	 80.84  	 86.96  	 90.45  	 44.50
1990	  10	  29	  10	 23.67  	 37.30  	 31.31  	 34.40  	 70.98  	 78.60  	 79.37  	 79.37  	 83.14  	 88.35  	 44.37
1990	  11	  28	  10	 35.65  	 70.28  	 70.48  	 37.56  	 72.03  	 78.53  	 80.77  	 79.02  	 83.29  	 88.63  	 43.54
1991	   1	   2	  10	 42.98  	 71.68  	 72.53  	 76.64  	 89.93  	 91.43  	 95.74  	 97.98  	 91.06  	 86.94  	 45.90
1991	   1	  29	  10	 46.14  	 72.56  	 71.71  	 76.02  	 91.30  	 91.30  	 95.61  	 99.08  	 92.14  	 86.43  	 46.21
1991	   2	  28	  10	 42.53  	 75.90  	 76.88  	 79.27  	 94.99  	 94.29  	 97.94  	101.17  	 94.15  	 89.09  	 47.00
1991	   3	  14	  10	 39.44  	 77.38  	 83.03  	 85.79  	 91.73  	 94.21  	 94.90  	102.63  	 96.83  	 87.73  	 45.31
1991	   3	  28	  10	 40.71  	 74.71  	 74.99  	 77.62  	 93.00  	 94.66  	 96.46  	 99.51  	 91.89  	 89.40  	 45.94
1991	   4	  18	  10	 42.22  	 76.47  	 78.87  	 79.86  	 96.10  	 96.95  	 99.21  	103.87  	 95.96  	 90.88  	 47.20
1991	   5	   2	  10	 39.81  	 65.69  	 66.81  	 71.14  	 89.98  	 90.54  	 94.03  	103.10  	 92.77  	 88.31  	 46.25
1991	   5	  16	  10	 42.98  	 74.20  	 74.10  	 74.69  	 92.78  	 94.54  	 97.87  	104.62  	 95.33  	 90.92  	 47.76
1991	   5	  31	  10	 35.02  	 59.67  	 63.20  	 68.99  	 88.48  	 92.01  	 91.72  	101.04  	 95.82  	 90.31  	 47.34
1991	   6	  13	  10	 17.17  	 20.29  	 48.17  	 62.25  	 85.34  	 89.14  	 88.15  	 87.31  	 92.52  	 90.26  	 46.26
1991	   6	  28	  10	 13.69  	  6.07  	 30.83  	 55.16  	 84.31  	 86.71  	 86.57  	 84.59  	 88.27  	 87.99  	 47.60
1991	   7	  16	  10	 24.68  	 41.74  	 35.10  	 43.99  	 77.39  	 83.64  	 85.89  	 85.59  	 92.24  	 91.06  	 48.61
1991	   7	  30	  10	  9.10  	  4.06  	 13.60  	 32.24  	 76.68  	 69.24  	 85.86  	 86.60  	 77.78  	 78.24  	 43.90
1991	   8	  14	  10	 19.98  	 34.28  	 34.47  	 36.04  	 73.45  	 75.51  	 82.75  	 82.66  	 85.01  	 84.81  	 47.45
1991	   8	  29	  10	 36.97  	 28.74  	 18.41  	 43.00  	 80.29  	 85.04  	 80.08  	 80.70  	 93.40  	 97.12  	 50.78
1991	   9	  13	  10	 22.76  	 49.50  	 62.23  	 51.57  	 70.09  	 86.43  	 80.95  	 80.54  	 97.29  	 90.78  	 52.89
1991	  10	   1	  10	 21.24  	 44.52  	 56.13  	 50.62  	 73.84  	 73.74  	 74.42  	 73.84  	 85.94  	 83.61  	 46.65
1991	  10	  30	  10	 43.58  	 64.69  	 75.71  	 74.36  	 76.00  	 79.77  	 73.78  	 73.78  	 85.77  	 88.96  	 47.67
1991	  12	   4	  10	 46.93  	 73.91  	 73.91  	 86.01  	 93.66  	 95.11  	 97.24  	 93.56  	 93.17  	 89.98  	 47.85
1992	   1	   2	  10	 48.75  	 76.16  	 74.23  	 83.50  	 94.99  	 93.44  	 97.40  	102.81  	 92.86  	 89.68  	 47.54
1992	   1	  30	  10	 46.28  	 74.10  	 77.48  	 73.90  	 97.00  	 94.97  	 99.42  	102.99  	 94.78  	 83.18  	 47.58
1992	   2	  26	  10	 44.12  	 73.81  	 79.31  	 83.55  	 96.57  	 94.54  	 98.79  	102.74  	 95.22  	 83.65  	 48.48
1992	   3	  16	  10	 41.65  	 70.26  	 64.26  	 76.07  	 93.68  	 96.77  	 97.64  	103.06  	 93.39  	 83.81  	 48.82
1992	   3	  31	  10	 46.58  	 76.66  	 76.20  	 85.68  	 94.70  	 95.25  	 95.44  	 95.34  	 95.16  	 86.23  	 47.58
1992	   4	  14	  10	 42.73  	 73.99  	 78.62  	 83.68  	102.21  	104.42  	110.43  	114.80  	106.00  	102.53  	 54.21
1992	   4	  30	  10	 40.17  	 70.41  	 73.52  	 77.11  	 94.81  	 95.78  	101.22  	102.97  	 94.71  	 91.21  	 48.33
1992	   5	  14	  10	 31.06  	 42.65  	 57.81  	 68.63  	 90.45  	 90.06  	 89.58  	103.10  	 96.05  	 91.32  	 48.17
1992	   5	  28	  10	 24.81  	 29.21  	 49.36  	 64.76  	 88.41  	 89.09  	 88.12  	 92.77  	 95.77  	 90.73  	 48.08
1992	   6	  11	  10	 25.38  	 21.40  	 42.44  	 61.63  	 85.69  	 89.98  	 87.45  	 87.64  	 94.07  	 93.78  	 48.35
1992	   6	  30	  10	 13.40  	  0.73  	 21.58  	 49.70  	 80.82  	 84.70  	 85.09  	 84.51  	 89.64  	 91.49  	 48.46
1992	   7	  14	  10	 15.96  	  6.85  	 17.78  	 44.62  	 78.49  	 83.96  	 83.18  	 85.72  	 90.40  	 91.67  	 48.37
1992	   7	  29	  10	 17.12  	  3.42  	 17.27  	 42.63  	 75.89  	 83.30  	 82.62  	 84.86  	 89.06  	 90.23  	 49.06
1992	   8	  13	  10	 12.68  	  0.00  	 14.67  	 38.41  	 75.52  	 80.27  	 81.72  	 80.46  	 85.69  	 91.80  	 45.61
1992	   8	  31	  10	 32.91  	 12.13  	 11.26  	 35.60  	 72.68  	 77.90  	 79.25  	 78.38  	 84.46  	 89.10  	 44.02
1992	   9	  14	  10	 23.06  	  9.51  	 12.63  	 36.27  	 73.09  	 78.76  	 79.54  	 79.64  	 84.72  	 90.28  	 44.70
1992	   9	  28	  10	 28.99  	 15.84  	 11.96  	 35.85  	 72.29  	 78.12  	 79.38  	 79.18  	 83.75  	 88.61  	 43.77
1992	  10	  28	  10	 12.73  	  0.00  	 11.03  	 34.09  	 71.34  	 76.89  	 77.76  	 77.96  	 82.53  	 88.37  	 43.11
1992	  11	  30	  10	 37.48  	 66.56  	 72.55  	 70.81  	 75.74  	 76.13  	 75.84  	 75.84  	 80.77  	 86.08  	 43.09
1992	  12	  28	  10	 42.68  	 67.17  	 69.77  	 72.65  	 89.50  	 88.73  	 84.30  	 81.03  	 82.09  	 87.38  	 45.42
1993	   1	  27	  10	 45.60  	 74.03  	 80.57  	 82.11  	 95.19  	 94.42  	 97.50  	100.97  	 92.31  	 90.10  	 46.78
1993	   2	  23	  10	 43.59  	 77.16  	 83.83  	 83.45  	 96.02  	 94.28  	 98.43  	103.37  	 93.21  	 90.12  	 47.57
1993	   3	  15	  10	 44.18  	 75.71  	 75.90  	 79.66  	 94.52  	 94.24  	 97.81  	102.92  	 92.11  	 89.70  	 47.55
1993	   3	  29	  10	 43.76  	 76.08  	 79.18  	 83.46  	 96.87  	 95.21  	 98.32  	103.96  	 92.30  	 91.62  	 47.56
1993	   4	  14	  10	 47.95  	 77.47  	 80.66  	 82.39  	 95.99  	 95.60  	 97.73  	102.26  	 94.45  	 90.88  	 47.80
1993	   4	  27	  10	 42.21  	 73.23  	 76.34  	 78.96  	 95.97  	 94.32  	 97.63  	102.58  	 93.25  	 89.75  	 47.26
1993	   5	  12	  10	 55.11  	 73.94  	 75.96  	 79.03  	 93.46  	 95.19  	 98.46  	101.64  	 93.17  	 88.46  	 47.26
1993	   5	  26	  10	 45.60  	 72.61  	 75.53  	 79.23  	 97.17  	 95.81  	 99.02  	104.29  	 94.54  	 91.91  	 47.51
1993	   6	  14	  10	 44.38  	 69.27  	 73.68  	 76.61  	 94.04  	 96.68  	100.89  	104.70  	 95.50  	 90.81  	 48.88
1993	   6	  28	  10	 40.93  	 71.37  	 74.39  	 77.52  	 94.40  	 96.75  	 98.60  	103.87  	 94.79  	 92.65  	 48.03
1993	   7	  15	  10	 47.43  	 71.44  	 72.22  	 73.97  	 93.95  	 94.15  	 98.73  	103.21  	 93.17  	 91.91  	 47.90
1993	   7	  28	  10	 40.59  	 68.32  	 73.32  	 77.24  	 95.08  	 97.04  	 99.49  	101.05  	 95.08  	 91.84  	 48.96
1993	   8	  16	  10	 38.72  	 68.91  	 72.34  	 76.36  	 93.61  	 97.53  	101.35  	103.01  	 94.88  	 92.53  	 48.66
1993	   8	  30	  10	 36.02  	 58.48  	 66.81  	 73.09  	 92.31  	 95.84  	 99.08  	103.98  	 94.17  	 92.12  	 48.02
1993	   9	  14	  10	 43.78  	 61.45  	 67.79  	 73.16  	 91.30  	 94.03  	 95.11  	103.49  	 94.42  	 90.72  	 48.58
1993	   9	  28	  10	 46.43  	 77.25  	 82.50  	 85.13  	 96.52  	 97.79  	100.90  	103.73  	 96.43  	 91.75  	 48.50
1993	  10	  27	  10	 42.73  	 72.64  	 74.49  	 78.08  	 93.99  	 96.51  	101.07  	103.89  	 94.47  	 91.95  	 47.29
1993	  11	  29	  10	 52.27  	 79.07  	 84.10  	 84.58  	 94.94  	 95.13  	100.84  	102.87  	 94.55  	 91.06  	 48.34
1993	  12	  27	  10	 40.10  	 72.13  	 76.48  	 80.06  	 94.18  	 98.24  	100.37  	104.43  	 96.02  	 90.60  	 48.49
1994	   1	  26	  10	 56.95  	 87.27  	 72.36  	 73.91  	 94.05  	 98.02  	100.82  	104.41  	 94.63  	 91.14  	 47.99
1994	   2	  28	  10	 45.90  	 75.81  	 79.98  	 81.72  	 94.80  	 96.93  	100.81  	104.59  	 94.22  	 89.76  	 48.52
1994	   3	  15	  10	 43.21  	 75.24  	 77.98  	 80.42  	 95.46  	 98.19  	101.91  	104.25  	 95.26  	 91.55  	 49.98
1994	   3	  30	  10	 44.10  	 74.26  	 77.85  	 80.17  	 96.35  	 99.07  	102.46  	104.59  	 95.67  	 92.28  	 47.93
1994	   4	  14	  10	 48.78  	 80.14  	 82.09  	 84.04  	 96.12  	 97.38  	100.60  	104.20  	 95.43  	 91.34  	 49.37
1994	   4	  26	  10	 41.80  	 62.47  	 68.51  	 73.48  	 94.73  	 97.27  	102.24  	104.87  	 94.34  	 92.30  	 49.32
1994	   5	  11	  10	 44.47  	 76.06  	 76.75  	 80.08  	 96.35  	 98.70  	101.94  	103.21  	 95.86  	 92.23  	 49.50
1994	   5	  25	  10	 34.37  	 43.90  	 61.24  	 70.59  	 91.34  	 93.29  	 98.16  	104.10  	 95.53  	 90.37  	 49.62
1994	   6	  14	  10	 18.96  	 25.72  	 49.70  	 64.61  	 90.05  	 93.47  	 91.32  	 99.80  	 95.03  	 91.42  	 48.15
1994	   6	  28	  10	 30.18  	 46.63  	 44.78  	 61.34  	 86.57  	 90.95  	 89.69  	 99.43  	 95.34  	 91.15  	 49.81
1994	   7	  14	  10	 14.03  	  5.26  	 35.51  	 57.29  	 85.76  	 90.69  	 89.21  	 87.54  	 93.94  	 90.89  	 48.65
1994	   7	  27	  10	 12.44  	 -2.00  	 22.16  	 49.75  	 83.04  	 86.08  	 85.99  	 86.18  	 88.64  	 92.27  	 48.39
1994	   8	  11	  10	 10.32  	 -5.78  	 11.46  	 35.72  	 74.10  	 81.41  	 81.99  	 80.53  	 86.18  	 89.49  	 47.13
1994	   8	  29	  10	 10.61  	  0.00  	  7.20  	 29.80  	 67.26  	 74.88  	 78.01  	 77.43  	 83.88  	 88.09  	 44.78
1994	   9	  15	  10	 10.13  	 -7.80  	  6.25  	 26.18  	 63.60  	 72.24  	 74.40  	 75.18  	 80.78  	 89.23  	 43.98
1994	   9	  28	  10	 31.26  	 45.46  	 31.04  	 29.97  	 63.29  	 70.11  	 69.81  	 73.61  	 82.87  	 87.06  	 42.36
1994	  10	  26	  10	 27.92  	 31.40  	 34.11  	 28.20  	 61.32  	 68.10  	 69.94  	 73.03  	 80.01  	 87.36  	 42.33
1994	  11	  28	  10	 39.35  	 68.12  	 74.71  	 77.33  	 88.09  	 71.71  	 68.31  	 73.45  	 80.82  	 86.54  	 42.69
1994	  12	  27	  10	 37.57  	 66.71  	 74.82  	 75.60  	 92.31  	 89.87  	 79.41  	 83.13  	 93.10  	 90.07  	 47.43
1995	   1	  30	  10	 44.32  	 76.53  	 83.34  	 83.63  	 95.97  	 94.22  	 97.14  	103.07  	 93.74  	 89.75  	 47.45
1995	   2	  27	  10	 51.03  	 75.01  	 77.44  	 81.04  	 96.13  	 96.82  	 97.50  	103.34  	 95.06  	 91.66  	 48.07
1995	   3	  14	  10	 45.97  	 72.48  	 80.95  	 81.53  	 96.04  	 95.45  	 97.69  	103.05  	 92.73  	 89.51  	 48.65
1995	   3	  29	  10	 44.14  	 73.87  	 80.56  	 82.98  	 95.48  	 94.51  	 98.97  	102.36  	 93.83  	 91.31  	 48.52
1995	   4	  13	  10	 41.71  	 64.94  	 71.86  	 75.27  	 91.83  	 92.32  	 99.33  	103.52  	 94.65  	 90.66  	 47.77
1995	   4	  26	  10	 42.24  	 72.53  	 79.41  	 81.27  	 95.81  	 96.69  	100.91  	104.45  	 94.14  	 91.49  	 48.79
1995	   5	  15	  10	 43.91  	 79.75  	 83.76  	 85.52  	 96.97  	 98.83  	100.79  	104.70  	 93.74  	 91.49  	 48.68
1995	   5	  30	  10	 45.36  	 76.96  	 81.16  	 83.79  	 95.40  	 96.96  	100.18  	103.69  	 96.67  	 92.18  	 48.92
1995	   6	  14	  10	 38.87  	 66.78  	 71.76  	 76.15  	 95.19  	 96.75  	 98.89  	104.46  	 94.70  	 90.50  	 48.62
1995	   6	  28	  10	 39.19  	 57.11  	 63.50  	 70.96  	 91.09  	 92.66  	 97.28  	102.88  	 93.94  	 91.88  	 48.98
1995	   7	  13	  10	 21.57  	 32.60  	 56.58  	 67.59  	 90.09  	 92.84  	 90.58  	104.44  	 94.81  	 91.07  	 49.47
1995	   7	  31	  10	 16.56  	  7.10  	 36.03  	 59.92  	 86.97  	 89.64  	 90.23  	 89.54  	 94.48  	 92.60  	 49.21
1995	   8	  16	  10	 13.11  	  0.88  	 21.91  	 49.36  	 84.51  	 86.18  	 86.58  	 87.47  	 91.02  	 91.32  	 48.33
1995	   8	  29	  10	 10.12  	 -4.26  	 10.06  	 36.03  	 75.82  	 81.94  	 84.31  	 83.81  	 89.44  	 91.32  	 48.33
1995	   9	  14	  10	  9.49  	 -6.04  	  6.13  	 29.19  	 67.86  	 76.39  	 80.42  	 80.22  	 84.73  	 89.05  	 46.49
1995	   9	  27	  10	 10.71  	 -6.09  	  6.54  	 29.05  	 65.07  	 74.76  	 78.87  	 78.77  	 83.86  	 90.02  	 45.06
1995	  10	  31	  10	 26.82  	 -0.03  	  6.62  	 26.18  	 63.54  	 72.24  	 75.67  	 75.86  	 81.14  	 88.77  	 44.34
1995	  11	  28	  10	 24.12  	 17.18  	  7.81  	 26.55  	 63.76  	 71.59  	 74.97  	 75.45  	 80.28  	 87.72  	 42.56
1995	  12	  26	  10	 33.47  	 51.62  	 50.76  	 28.12  	 62.51  	 71.75  	 76.09  	 75.89  	 79.27  	 87.65  	 42.62
1996	   1	  29	  10	 40.17  	 64.65  	 71.64  	 74.07  	 76.11  	 73.58  	 75.62  	 75.52  	 80.38  	 86.59  	 42.81
1996	   2	  29	  10	 31.61  	 67.25  	 70.17  	 72.54  	 78.38  	 71.70  	 76.43  	 75.18  	 81.58  	 87.01  	 41.63
1996	   3	  14	  10	 38.71  	 65.92  	 72.13  	 74.60  	 83.47  	 75.78  	 77.65  	 76.47  	 80.81  	 89.68  	 43.51
1996	   3	  27	  10	 39.22  	 68.18  	 74.33  	 75.69  	 86.33  	 74.62  	 75.79  	 75.79  	 80.08  	 85.55  	 42.48
1996	   4	  11	  10	 37.24  	 66.00  	 70.94  	 75.49  	 90.61  	 92.19  	 96.63  	100.98  	 92.88  	 91.00  	 47.08
1996	   4	  29	  10	 55.46  	 83.05  	 82.56  	 84.52  	 94.11  	 95.09  	 95.49  	 99.99  	 92.55  	 90.39  	 47.25
1996	   5	  14	  10	 42.92  	 74.01  	 81.26  	 83.12  	 94.78  	 95.08  	 98.11  	102.43  	 93.80  	 90.08  	 47.29
1996	   5	  29	  10	 39.24  	 63.01  	 68.98  	 72.31  	 89.63  	 92.18  	 89.53  	100.59  	 93.74  	 89.14  	 47.36
1996	   6	  13	  10	 46.28  	 76.32  	 78.39  	 81.07  	 93.14  	 95.41  	 99.37  	102.83  	 94.42  	 90.76  	 48.05
1996	   6	  25	  10	 29.45  	 50.10  	 63.91  	 70.03  	 89.76  	 92.33  	 91.54  	102.88  	 93.21  	 91.73  	 48.93
1996	   7	  15	  10	 28.10  	  5.99  	 31.83  	 61.24  	 87.27  	 90.15  	 87.57  	 86.28  	 93.51  	 89.65  	 48.69
1996	   7	  29	  10	 25.10  	  2.79  	 21.05  	 53.72  	 84.24  	 87.97  	 86.40  	 86.11  	 89.35  	 89.25  	 47.52
1996	   8	  14	  10	 10.34  	 -3.88  	 13.37  	 42.81  	 80.39  	 88.02  	 86.24  	 82.96  	 88.61  	 92.18  	 47.83
1996	   8	  28	  10	 24.63  	 41.40  	 36.86  	 40.41  	 76.28  	 83.79  	 84.78  	 84.08  	 87.44  	 90.70  	 47.28
1996	   9	  12	  10	 11.91  	  8.25  	 27.62  	 37.85  	 75.12  	 83.38  	 81.61  	 79.35  	 84.27  	 89.87  	 45.38
1996	   9	  27	  10	 32.60  	 47.60  	 25.23  	 37.54  	 74.46  	 81.79  	 81.30  	 79.54  	 82.76  	 88.92  	 44.31
1996	  10	  29	  10	 29.41  	 41.84  	 33.78  	 37.61  	 74.17  	 82.33  	 78.89  	 79.48  	 83.50  	 87.63  	 44.31
1996	  11	  26	  10	 36.74  	 69.08  	 75.88  	 72.97  	 74.04  	 80.84  	 80.64  	 76.95  	 80.54  	 86.96  	 43.28
1996	  12	  30	  10	 38.80  	 67.73  	 74.13  	 74.52  	 89.84  	 88.48  	 88.29  	 84.02  	 90.71  	 88.58  	 46.66
1997	   1	  27	  10	 56.23  	 82.39  	 81.42  	 83.07  	 92.59  	 94.44  	 96.67  	102.11  	 92.11  	 88.90  	 46.78
1997	   2	  25	  10	 53.52  	 76.46  	 80.78  	 84.42  	 94.53  	 94.92  	 98.85  	102.48  	 93.35  	 88.54  	 47.46
1997	   3	  13	  10	 53.09  	 78.55  	 81.48  	 84.40  	 92.78  	 95.22  	 96.88  	 99.71  	 92.88  	 89.18  	 46.64
1997	   3	  26	  10	 47.26  	 73.97  	 78.59  	 84.39  	 95.99  	 96.67  	 98.54  	101.39  	 94.02  	 89.50  	 46.96
1997	   4	  15	  10	 44.57  	 70.58  	 76.35  	 79.38  	 95.13  	 96.40  	 97.67  	102.56  	 93.08  	 90.92  	 47.47
1997	   4	  28	  10	 44.58  	 71.00  	 75.21  	 77.96  	 95.09  	 94.70  	 98.42  	101.46  	 92.94  	 90.78  	 46.67
1997	   5	  14	  10	 35.98  	 56.87  	 66.01  	 71.91  	 90.09  	 91.56  	 91.66  	100.01  	 94.02  	 89.30  	 47.60
1997	   5	  28	  10	 36.22  	 43.29  	 54.74  	 67.87  	 86.28  	 89.71  	 87.26  	 88.63  	 91.86  	 89.12  	 47.50
1997	   6	  12	  10	 33.46  	 51.68  	 58.27  	 66.54  	 86.88  	 87.58  	 84.78  	 87.30  	 92.35  	 89.12  	 48.07
1997	   6	  25	  10	 38.01  	 63.25  	 70.34  	 72.47  	 89.19  	 89.48  	 95.15  	101.67  	 92.03  	 90.90  	 46.72
1997	   7	  14	  10	 19.36  	 20.87  	 50.69  	 65.16  	 85.27  	 87.25  	 87.45  	 88.93  	 94.88  	 91.31  	 48.33
1997	   7	  29	  10	 21.66  	  8.19  	 31.61  	 56.33  	 85.14  	 86.74  	 87.23  	 77.17  	 91.82  	 91.92  	 48.45
1997	   8	  14	  10	 20.53  	 -0.72  	 17.70  	 48.06  	 80.91  	 86.59  	 84.10  	 82.90  	 89.27  	 90.47  	 49.17
1997	   8	  27	  10	 33.62  	 18.82  	 19.22  	 45.12  	 80.19  	 85.07  	 84.17  	 81.88  	 87.26  	 90.84  	 48.61
1997	   9	  11	  10	 18.20  	 14.71  	 18.38  	 42.31  	 79.04  	 85.49  	 84.40  	 81.92  	 86.88  	 89.66  	 46.57
1997	   9	  24	  10	 28.56  	  8.48  	 17.61  	 40.48  	 76.30  	 82.38  	 82.38  	 79.34  	 84.24  	 88.07  	 44.97
1997	  10	  28	  10	 30.90  	 22.13  	 15.30  	 37.08  	 75.00  	 83.22  	 78.86  	 81.04  	 81.43  	 88.76  	 44.68
1997	  11	  24	  10	 31.68  	 50.79  	 48.02  	 38.35  	 74.96  	 81.87  	 79.01  	 77.62  	 82.16  	 87.98  	 43.35
1998	   1	   5	  10	 47.27  	 70.88  	 69.89  	 74.73  	 72.86  	 78.98  	 81.84  	 78.58  	 83.32  	 88.95  	 43.88
1998	   1	  27	  10	 43.36  	 70.22  	 74.17  	 75.26  	 91.14  	 92.33  	 97.46  	102.59  	 92.33  	 90.06  	 47.50
1998	   2	  24	  10	 43.57  	 76.12  	 81.56  	 84.73  	 95.21  	 96.40  	 98.38  	102.63  	 95.21  	 90.76  	 47.90
1998	   3	  12	  10	 45.10  	 75.39  	 83.00  	 84.48  	 95.05  	 96.34  	 99.40  	103.45  	 94.56  	 90.41  	 48.22
1998	   3	  30	  10	 45.89  	 77.96  	 83.82  	 84.92  	 95.96  	 96.06  	 98.94  	105.01  	 95.36  	 91.48  	 48.43
1998	   4	  14	  10	 47.07  	 75.33  	 78.00  	 81.96  	 94.22  	 96.40  	 98.68  	101.15  	 92.74  	 89.28  	 48.15
1998	   4	  28	  10	 45.09  	 72.72  	 76.37  	 78.64  	 94.52  	 95.50  	 97.97  	103.29  	 95.21  	 89.29  	 47.41
1998	   5	  14	  10	 40.90  	 68.92  	 73.91  	 77.30  	 94.47  	 95.87  	 99.06  	104.75  	 96.07  	 91.68  	 48.58
1998	   5	  27	  10	 45.76  	 74.31  	 78.61  	 79.01  	 95.42  	 98.22  	 99.62  	103.92  	 94.92  	 92.92  	 49.41
1998	   6	  15	  10	 48.27  	 77.87  	 83.17  	 84.96  	 95.05  	 98.25  	101.25  	105.84  	 95.55  	 91.56  	 49.57
1998	   6	  29	  10	 40.43  	 52.39  	 64.62  	 72.78  	 91.58  	 93.77  	 96.46  	103.82  	 94.37  	 91.98  	 48.93
1998	   7	  14	  10	 30.99  	 48.21  	 61.79  	 68.78  	 89.26  	 92.56  	 91.46  	101.45  	 96.85  	 91.96  	 50.07
1998	   7	  14	  10	 11.49  	 48.21  	 61.79  	 68.78  	 89.26  	 92.56  	 91.46  	101.45  	 96.85  	 91.96  	 50.07
1998	   7	  28	  10	 30.25  	 30.17  	 52.54  	 65.16  	 87.73  	 90.51  	 87.03  	 88.72  	 95.08  	 92.40  	 49.78
1998	   8	  13	  10	 38.75  	 69.77  	 74.24  	 74.04  	 88.45  	 91.43  	 98.18  	105.73  	 95.50  	 92.32  	 49.34
1998	   8	  31	  10	 18.67  	 35.96  	 57.55  	 69.65  	 87.04  	 92.04  	 90.74  	 90.84  	 94.63  	 91.14  	 49.22
1998	   9	  16	  10	 14.07  	 13.54  	 46.01  	 64.29  	 88.96  	 89.86  	 88.86  	 85.76  	 89.96  	 91.56  	 48.53
1998	   9	  28	  10	 15.14  	 11.30  	 39.73  	 58.98  	 86.91  	 88.81  	 85.91  	 85.61  	 89.30  	 90.10  	 48.54
1998	  10	  28	  10	 21.05  	 13.19  	 29.55  	 54.19  	 83.42  	 86.71  	 87.31  	 83.12  	 88.11  	 91.10  	 46.30
1998	  12	   1	  10	 36.31  	 58.66  	 58.56  	 55.87  	 81.54  	 86.51  	 83.43  	 82.23  	 85.91  	 90.79  	 46.24
1998	  12	  28	  10	 38.53  	 59.53  	 66.73  	 68.81  	 82.04  	 86.68  	 83.42  	 81.94  	 86.58  	 88.16  	 44.77
1999	   1	  27	  10	 43.13  	 73.58  	 81.65  	 83.13  	 93.27  	 93.96  	 95.93  	103.12  	 93.17  	 90.22  	 46.93
1999	   2	  24	  10	 43.87  	 74.21  	 80.94  	 85.00  	 94.50  	 96.58  	 97.47  	103.21  	 92.92  	 90.94  	 48.29
1999	   3	  16	  10	 43.67  	 73.88  	 79.16  	 84.44  	 95.91  	 97.50  	 99.89  	102.88  	 96.01  	 92.42  	 48.95
1999	   3	  29	  10	 43.78  	 73.08  	 78.35  	 82.43  	 94.37  	 96.26  	 98.65  	104.61  	 93.77  	 92.08  	 47.88
1999	   4	  14	  10	 40.82  	 69.11  	 74.77  	 78.14  	 96.21  	 97.01  	 98.79  	102.57  	 94.33  	 91.15  	 47.76
1999	   4	  28	  10	 43.72  	 74.37  	 79.25  	 83.92  	 97.95  	 97.15  	100.44  	103.22  	 94.17  	 92.98  	 48.43
1999	   5	  12	  10	 35.13  	 65.57  	 72.19  	 75.85  	 93.55  	 95.63  	 99.68  	104.43  	 92.86  	 89.50  	 48.26
1999	   5	  26	  10	 36.48  	 64.88  	 72.45  	 76.23  	 94.85  	 94.45  	 98.43  	102.71  	 94.65  	 91.96  	 48.72
1999	   6	  14	  10	 42.59  	 72.34  	 76.05  	 74.85  	 91.57  	 98.28  	100.39  	104.49  	 96.28  	 93.08  	 48.94
1999	   6	  28	  10	 38.04  	 62.48  	 67.75  	 70.53  	 89.32  	 91.41  	 94.19  	106.22  	 96.48  	 91.80  	 48.73
1999	   7	  14	  10	 20.44  	 30.38  	 53.59  	 65.24  	 87.56  	 91.64  	 90.84  	 91.84  	 95.63  	 91.24  	 49.46
1999	   7	  27	  10	 14.57  	  4.31  	 29.12  	 54.73  	 84.66  	 88.68  	 88.37  	 86.77  	 93.20  	 92.99  	 48.96
1999	   8	  12	  10	 24.95  	 12.75  	 14.44  	 39.47  	 76.23  	 83.28  	 85.07  	 84.37  	 87.15  	 89.94  	 48.79
1999	   8	  30	  10	 11.07  	 -3.10  	 10.02  	 28.03  	 69.77  	 78.98  	 80.38  	 80.88  	 86.19  	 91.29  	 46.35
1999	   9	  14	  10	 16.29  	 -3.06  	  7.16  	 25.53  	 63.35  	 71.69  	 74.17  	 78.44  	 83.41  	 89.46  	 44.63
1999	   9	  28	  10	  9.36  	 -4.86  	  6.31  	 24.57  	 62.97  	 71.35  	 72.45  	 77.04  	 81.82  	 89.30  	 44.20
1999	  10	  27	  10	 18.46  	  2.69  	  7.04  	 24.24  	 62.11  	 69.33  	 72.29  	 75.46  	 81.29  	 87.52  	 43.51
1999	  11	  29	  10	 18.38  	 -0.49  	  6.43  	 24.61  	 62.65  	 69.66  	 69.07  	 71.44  	 79.84  	 86.65  	 43.67
1999	  12	  27	  10	 26.39  	 37.48  	 18.41  	 25.26  	 62.62  	 70.66  	 71.66  	 73.94  	 78.51  	 87.75  	 43.38
2000	   1	  26	  10	 27.42  	 44.30  	 40.86  	 26.21  	 61.89  	 70.53  	 71.91  	 72.20  	 78.00  	 85.96  	 42.64
2000	   2	  28	  10	 38.21  	 64.56  	 70.73  	 47.86  	 63.37  	 72.02  	 71.62  	 72.92  	 78.98  	 87.03  	 43.37
2000	   3	  13	  10	 36.50  	 57.38  	 64.50  	 59.95  	 64.11  	 70.54  	 71.14  	 72.72  	 78.17  	 86.09  	 42.55
2000	   3	  28	  10	 35.47  	 62.88  	 68.92  	 69.22  	 65.65  	 69.71  	 70.71  	 73.68  	 78.43  	 87.15  	 43.33
2000	   4	  13	  10	 31.11  	 54.70  	 63.12  	 66.09  	 66.68  	 69.65  	 71.04  	 71.73  	 78.46  	 85.69  	 43.19
2000	   4	  26	  10	 34.89  	 55.53  	 62.69  	 65.88  	 68.97  	 70.36  	 72.45  	 73.54  	 79.82  	 85.89  	 43.54
2000	   5	  15	  10	 27.19  	 47.45  	 59.18  	 63.49  	 68.90  	 73.11  	 71.61  	 73.21  	 78.82  	 85.74  	 44.07
2000	   5	  30	  10	 32.50  	 59.11  	 63.08  	 59.61  	 68.63  	 73.08  	 71.00  	 72.59  	 78.24  	 86.06  	 42.68
2000	   6	  15	  10	 26.71  	 17.72  	 44.05  	 54.46  	 68.77  	 72.38  	 72.68  	 74.28  	 79.28  	 87.49  	 42.54
2000	   6	  28	  10	 39.36  	 66.69  	 72.40  	 73.88  	 89.43  	 88.15  	 85.10  	 82.34  	 80.96  	 86.97  	 42.16
2000	   7	  13	  10	 30.51  	 46.71  	 59.89  	 67.78  	 87.76  	 90.26  	 84.37  	 80.57  	 82.47  	 88.46  	 43.53
2000	   7	  26	  10	 24.71  	 46.60  	 61.24  	 69.26  	 88.22  	 88.32  	 84.61  	 79.90  	 84.01  	 89.93  	 45.06
2000	   8	  15	  10	 25.01  	 50.40  	 61.96  	 69.03  	 86.36  	 87.06  	 81.28  	 80.38  	 83.57  	 90.94  	 47.51
2000	   8	  29	  10	 32.35  	 57.21  	 61.88  	 66.35  	 85.24  	 86.14  	 82.36  	 78.18  	 83.65  	 90.81  	 47.44
2000	   9	  13	  10	 34.19  	 37.48  	 52.36  	 63.59  	 84.09  	 84.78  	 82.32  	 78.87  	 81.53  	 88.23  	 44.95
2000	   9	  27	  10	 34.00  	 54.41  	 51.04  	 60.66  	 84.95  	 84.45  	 80.78  	 80.68  	 82.37  	 90.50  	 44.70
2000	  10	  30	  10	 26.59  	 45.54  	 54.37  	 63.29  	 81.75  	 84.23  	 82.84  	 78.87  	 81.75  	 89.39  	 44.49
2000	  11	  28	  10	 38.24  	 67.57  	 74.07  	 75.45  	 88.94  	 89.63  	 84.61  	 80.96  	 81.46  	 88.35  	 45.21
2000	  12	  27	  10	 37.45  	 63.97  	 70.27  	 73.61  	 88.67  	 89.75  	 86.31  	 82.07  	 83.75  	 89.75  	 46.70
2001	   1	  29	  10	 46.03  	 67.03  	 72.26  	 74.83  	 88.65  	 91.91  	 94.48  	100.70  	 93.00  	 90.53  	 47.19
2001	   2	  26	  10	 45.50  	 79.31  	 81.19  	 83.28  	 95.40  	 96.99  	 99.08  	102.75  	 93.71  	 92.12  	 47.20
2001	   3	  13	  10	 42.62  	 69.81  	 74.67  	 79.24  	 94.23  	 96.11  	 96.31  	102.27  	 94.92  	 90.65  	 47.61
2001	   3	  28	  10	 38.61  	 67.61  	 74.34  	 77.40  	 93.73  	 96.30  	 98.08  	101.64  	 94.42  	 92.05  	 47.75
2001	   4	  11	  10	 46.55  	 75.48  	 81.70  	 85.61  	 96.34  	 96.75  	 99.35  	104.47  	 95.64  	 90.83  	 48.82
2001	   4	  25	  10	 35.81  	 62.00  	 68.75  	 74.31  	 90.38  	 92.66  	 99.01  	101.39  	 93.25  	 90.08  	 48.12
2001	   5	  14	  10	 14.68  	 18.71  	 51.45  	 67.22  	 88.88  	 90.98  	 87.79  	 88.98  	 92.68  	 93.18  	 48.98
2001	   5	  29	  10	 28.99  	 41.85  	 47.45  	 62.07  	 86.89  	 90.19  	 88.09  	 93.70  	 93.70  	 92.39  	 49.00
2001	   6	  13	  10	 20.83  	 43.73  	 58.67  	 64.45  	 86.46  	 91.04  	 94.63  	103.79  	 94.63  	 91.04  	 48.21
2001	   6	  27	  10	 21.36  	 18.98  	 44.12  	 59.08  	 85.71  	 88.91  	 88.81  	 90.90  	 94.89  	 91.50  	 49.29
2001	   7	  12	  10	 19.78  	  5.61  	 26.39  	 49.95  	 80.67  	 86.34  	 84.15  	 84.35  	 89.22  	 88.82  	 48.98
2001	   7	  30	  10	 25.92  	 46.41  	 55.59  	 49.21  	 78.63  	 84.12  	 84.72  	 87.21  	 92.80  	 90.60  	 48.74
2001	   8	  14	  10	 20.02  	 34.42  	 46.95  	 47.35  	 77.52  	 84.44  	 84.84  	 86.14  	 90.65  	 91.25  	 49.18
2001	   8	  29	  10	 28.13  	 28.85  	 31.54  	 44.08  	 73.94  	 82.90  	 83.20  	 82.90  	 87.28  	 91.16  	 48.82
2001	   9	  13	  10	 27.36  	 21.03  	 26.39  	 40.77  	 74.01  	 82.14  	 82.94  	 80.16  	 87.40  	 89.29  	 49.40
2001	   9	  27	  10	 27.14  	 18.71  	 24.74  	 40.46  	 72.89  	 80.70  	 81.29  	 81.09  	 85.25  	 89.10  	 46.48
2001	  10	  29	  10	 30.20  	 53.08  	 45.14  	 39.29  	 73.51  	 81.05  	 81.25  	 80.56  	 84.82  	 89.68  	 45.59
2001	  11	  28	  10	 38.05  	 43.25  	 43.95  	 41.37  	 73.41  	 80.75  	 80.16  	 80.26  	 85.71  	 89.19  	 45.59
2001	  12	  27	  10	 37.52  	 68.36  	 76.38  	 77.87  	 91.83  	 93.51  	 96.88  	101.13  	 93.31  	 91.53  	 47.80
2002	   1	  29	  10	 40.56  	 68.28  	 72.68  	 77.47  	 92.66  	 94.55  	 98.65  	102.34  	 95.05  	 91.06  	 48.33
2002	   2	  26	  10	 42.59  	 73.51  	 77.89  	 80.67  	 94.79  	 97.07  	 98.76  	101.05  	 94.29  	 89.72  	 48.24
2002	   3	  13	  10	 42.33  	 77.19  	 82.12  	 84.48  	 92.27  	 96.41  	 97.19  	102.02  	 91.78  	 90.00  	 48.30
2002	   3	  26	  10	 48.43  	 80.68  	 83.64  	 83.74  	 94.50  	 96.37  	 97.75  	102.88  	 92.33  	 89.56  	 47.54
2002	   4	  11	  10	 42.49  	 75.16  	 78.91  	 82.95  	 95.19  	 95.78  	 98.15  	102.19  	 92.92  	 90.85  	 47.35
2002	   4	  29	  10	 43.99  	 76.52  	 82.58  	 83.76  	 95.90  	 96.97  	 96.78  	100.69  	 92.37  	 89.24  	 47.41
2002	   5	  14	  10	 43.75  	 78.90  	 82.05  	 83.33  	 94.36  	 96.52  	 97.80  	102.04  	 92.49  	 89.63  	 47.72
2002	   5	  29	  10	 38.11  	 64.69  	 70.36  	 75.44  	 93.06  	 94.95  	 98.33  	103.01  	 94.25  	 91.56  	 49.07
2002	   6	  13	  10	 38.58  	 40.89  	 54.66  	 66.15  	 89.33  	 91.11  	 94.58  	101.81  	 92.50  	 90.72  	 48.53
2002	   6	  26	  10	 12.92  	 14.44  	 43.74  	 60.83  	 85.17  	 90.14  	 86.86  	 87.35  	 92.12  	 89.74  	 49.59
2002	   7	  11	  10	 10.76  	  0.44  	 12.42  	 39.09  	 76.23  	 84.58  	 87.00  	 87.40  	 89.41  	 94.04  	 49.64
2002	   7	  29	  10	 18.22  	  1.56  	 10.47  	 29.88  	 69.43  	 80.45  	 81.87  	 85.71  	 90.06  	 92.49  	 50.29
2002	   8	  14	  10	 24.23  	  2.71  	  9.47  	 26.85  	 65.80  	 75.13  	 80.10  	 81.79  	 87.15  	 89.54  	 48.40
2002	   8	  28	  10	 15.45  	  0.22  	  8.24  	 28.47  	 65.03  	 75.95  	 80.15  	 82.36  	 87.27  	 92.07  	 48.84
2002	   9	  12	  10	  9.07  	 -5.00  	  5.16  	 22.28  	 59.71  	 70.56  	 75.54  	 78.12  	 83.40  	 91.16  	 45.93
2002	   9	  25	  10	 25.43  	 29.67  	 11.24  	 23.76  	 61.32  	 69.84  	 75.05  	 79.45  	 82.36  	 90.47  	 45.19
2002	  10	  29	  10	 40.82  	 73.84  	 73.35  	 30.74  	 61.70  	 70.56  	 75.64  	 77.23  	 82.80  	 87.58  	 43.79
2002	  11	  25	  10	 32.21  	 55.04  	 64.42  	 65.51  	 63.14  	 69.66  	 75.59  	 79.24  	 83.79  	 88.93  	 46.64
2002	  12	  30	  10	 35.93  	 64.34  	 71.57  	 69.59  	 67.31  	 72.16  	 75.62  	 78.29  	 84.03  	 88.78  	 45.23
2003	   1	  29	  10	 36.40  	 59.61  	 65.38  	 69.67  	 81.79  	 71.63  	 78.27  	 81.79  	 89.70  	 89.11  	 46.46
2003	   2	  26	  10	 41.20  	 73.45  	 80.61  	 81.79  	 90.62  	 91.51  	 93.27  	100.73  	 91.51  	 90.92  	 47.32
2003	   3	  13	  10	 48.59  	 79.59  	 81.58  	 82.88  	 95.82  	 95.73  	 96.82  	103.10  	 90.84  	 91.24  	 47.26
2003	   3	  26	  10	 39.99  	 72.55  	 79.14  	 82.06  	 92.05  	 91.18  	 95.54  	 99.33  	 88.94  	 86.91  	 46.51
2003	   4	  14	  10	 34.51  	 63.43  	 70.49  	 74.87  	 90.29  	 93.97  	 96.06  	103.02  	 92.48  	 90.59  	 47.43
2003	   4	  28	  10	 34.08  	 64.29  	 72.02  	 73.81  	 88.99  	 93.55  	 95.93  	102.98  	 93.16  	 90.28  	 48.26
2003	   5	  13	  10	 39.35  	 73.08  	 80.78  	 81.58  	 93.90  	 95.80  	 98.40  	102.40  	 93.80  	 91.59  	 48.75
2003	   5	  27	  10	 37.18  	 70.50  	 76.22  	 79.32  	 92.85  	 95.56  	 98.67  	104.38  	 93.76  	 90.35  	 48.33
2003	   6	  12	  10	 49.37  	 80.30  	 83.00  	 84.41  	 94.44  	 96.85  	101.06  	104.27  	 94.24  	 92.53  	 48.92
2003	   6	  25	  10	 29.80  	 53.18  	 68.17  	 72.00  	 91.22  	 93.54  	 93.14  	103.90  	 96.05  	 92.43  	 48.73
2003	   7	  14	  10	 19.84  	 24.40  	 49.80  	 67.81  	 88.41  	 91.51  	 87.91  	 89.91  	 94.92  	 92.22  	 49.31
2003	   7	  29	  10	 15.34  	  7.73  	 35.34  	 57.11  	 87.55  	 87.65  	 87.65  	 87.05  	 94.71  	 91.28  	 48.97
2003	   8	  13	  10	 16.85  	  3.82  	 19.55  	 47.69  	 81.17  	 88.13  	 88.23  	 86.82  	 91.06  	 92.97  	 50.07
2003	   8	  27	  10	  9.85  	 -2.22  	  7.62  	 29.62  	 68.79  	 82.35  	 83.05  	 83.55  	 88.17  	 90.58  	 49.36
2003	   9	  15	  10	 24.03  	 47.45  	 56.88  	 37.81  	 70.23  	 81.97  	 84.28  	 84.58  	 90.41  	 92.01  	 49.57
2003	   9	  29	  10	 31.34  	 46.91  	 49.30  	 38.03  	 67.46  	 79.43  	 83.92  	 83.02  	 86.31  	 91.10  	 50.89
2003	  10	  29	  10	 26.45  	 43.58  	 50.69  	 39.13  	 69.26  	 79.44  	 80.23  	 81.32  	 85.47  	 88.53  	 45.60
2003	  11	  24	  10	 39.56  	 70.85  	 74.80  	 77.65  	 91.46  	 89.98  	 89.09  	100.33  	 91.46  	 91.06  	 47.65
2003	  12	  29	  10	 47.40  	 76.05  	 79.99  	 80.39  	 92.82  	 92.23  	 94.60  	102.19  	 93.21  	 89.56  	 47.59
2004	   1	  28	  10	 42.59  	 69.60  	 76.90  	 80.36  	 94.18  	 94.38  	 96.85  	102.57  	 93.79  	 90.43  	 48.97
2004	   2	  25	  10	 43.37  	 72.98  	 80.02  	 82.20  	 93.99  	 95.18  	 98.94  	102.31  	 93.10  	 91.21  	 47.74
2004	   3	  11	  10	 38.75  	 71.04  	 76.97  	 80.82  	 95.35  	 94.46  	 97.52  	101.87  	 95.84  	 90.41  	 48.12
2004	   3	  29	  10	 42.59  	 73.74  	 78.02  	 80.60  	 96.10  	 94.11  	103.45  	103.45  	 94.31  	 89.84  	 48.94
2004	   4	  14	  10	 32.09  	 57.88  	 68.39  	 72.45  	 89.71  	 92.58  	 95.06  	103.88  	 93.67  	 89.31  	 48.82
2004	   4	  28	  10	 28.50  	 45.27  	 59.61  	 70.16  	 88.38  	 90.67  	 88.97  	 98.73  	 95.44  	 90.67  	 48.82
2004	   5	  11	  10	 23.31  	 47.25  	 59.86  	 66.87  	 86.19  	 90.19  	 89.79  	102.50  	 96.40  	 90.69  	 49.45
2004	   5	  27	  10	 43.45  	 76.86  	 81.87  	 80.77  	 92.91  	 95.52  	 99.64  	105.06  	 96.03  	 91.11  	 49.27
2004	   6	  14	  10	 37.26  	 65.53  	 72.04  	 75.05  	 89.17  	 92.87  	 93.58  	102.99  	 94.98  	 91.27  	 48.39
2004	   6	  28	  10	 30.86  	 53.27  	 65.21  	 71.54  	 90.91  	 92.11  	 89.70  	103.25  	 96.43  	 92.91  	 48.82
