# Station Name: Stelle
# Station Code: STE
# Station Latitude: 40.950000
# Station Longitude: 88.170000
# Station Altitude: 213.000000
Year	  MO	  DY	 Sta	 0-10cm 	 10-30  	 30-50  	 50-70  	 70-90  	 90-110 	 110-130	 130-150	 150-170	 170-190	 190-200
1986	   3	  31	  15	 38.70  	 75.41  	 84.45  	 73.70  	 69.67  	 69.80  	 70.77  	 71.14  	 70.28  	 75.90  	 45.89
1986	   4	  14	  15	 39.10  	 66.54  	 81.14  	 73.35  	 68.97  	 69.34  	 72.62  	 69.82  	 68.36  	 73.96  	 45.07
1986	   4	  28	  15	 26.29  	 61.06  	 80.77  	 73.11  	 70.19  	 70.80  	 71.89  	 70.07  	 70.67  	 74.69  	 44.89
1986	   5	  13	  15	 25.64  	 59.96  	 84.18  	 75.34  	 69.77  	 68.68  	 71.70  	 69.77  	 71.70  	 74.49  	 44.09
1986	   5	  30	  15	 39.74  	 74.99  	 88.52  	 76.45  	 70.48  	 69.50  	 72.43  	 69.26  	 70.24  	 74.62  	 45.24
1986	   6	   9	  15	 40.84  	 75.31  	 90.34  	 77.37  	 70.94  	 69.61  	 70.94  	 68.52  	 69.37  	 75.06  	 44.44
1986	   6	  30	  15	 41.09  	 75.32  	 84.35  	 73.62  	 71.05  	 67.88  	 70.56  	 68.86  	 69.47  	 75.57  	 44.01
1986	   7	  14	  15	 39.14  	 76.91  	 91.17  	 79.80  	 73.46  	 72.43  	 72.62  	 70.94  	 74.02  	 81.19  	 47.03
1986	   7	  28	  15	 20.50  	 39.71  	 73.60  	 74.52  	 72.12  	 72.02  	 72.49  	 71.10  	 70.26  	 81.10  	 47.31
1986	   8	  11	  15	999.99  	 40.98  	 58.65  	 64.75  	 68.16  	 67.68  	 70.97  	 69.99  	 68.53  	 74.99  	 44.99
1986	   8	  25	  15	 18.61  	 25.83  	 49.96  	 52.90  	 59.88  	 67.11  	 70.17  	 69.68  	 69.31  	 74.70  	 45.19
1986	   9	  15	  15	 21.80  	 30.83  	 49.35  	 50.34  	 52.33  	 58.17  	 67.00  	 67.87  	 73.09  	 75.32  	 44.87
1986	   9	  29	  15	 35.64  	 67.52  	 79.92  	 56.84  	 51.32  	 56.97  	 65.80  	 67.28  	 69.73  	 74.39  	 43.70
1986	  10	  28	  15	 42.59  	 77.00  	 88.89  	 75.04  	 66.95  	 67.44  	 70.01  	 69.52  	 71.12  	 74.18  	 44.32
1986	  12	   1	  15	 42.50  	 75.02  	 89.88  	 73.68  	 67.23  	 67.35  	 69.66  	 68.93  	 70.15  	 75.02  	 43.97
1986	  12	  29	  15	 46.12  	 73.57  	 88.40  	 73.20  	 68.42  	 68.79  	 69.89  	 69.89  	 69.52  	 74.06  	 44.75
1987	   1	  27	  15	 24.23  	 73.23  	 87.61  	 73.23  	 66.94  	 67.18  	 68.39  	 67.79  	 69.48  	 73.47  	 43.62
1987	   2	  24	  15	 37.09  	 72.41  	 89.44  	 73.50  	 67.82  	 65.41  	 68.31  	 67.10  	 68.91  	 72.05  	 44.42
1987	   3	  16	  15	 37.12  	 70.63  	 91.79  	 74.34  	 68.27  	 67.90  	 70.50  	 67.78  	 69.63  	 75.82  	 44.91
1987	   3	  30	  15	 33.91  	 65.81  	 89.36  	 72.15  	 66.17  	 67.27  	 69.22  	 67.64  	 70.20  	 74.71  	 43.82
1987	   4	  15	  15	 47.66  	 80.89  	 88.90  	 74.72  	 69.42  	 68.43  	 68.92  	 71.02  	 70.77  	 76.69  	 44.39
1987	   4	  27	  15	 47.66  	 72.91  	 89.53  	 74.89  	 68.69  	 68.32  	 70.80  	 68.19  	 68.57  	 74.40  	 44.39
1987	   5	  11	  15	 18.77  	 39.72  	 81.94  	 75.73  	 68.90  	 68.40  	 71.13  	 70.39  	 71.63  	 77.22  	 45.13
1987	   5	  28	  15	 31.99  	 67.78  	 84.29  	 77.22  	 68.90  	 67.16  	 71.88  	 70.51  	 71.01  	 76.85  	 44.82
1987	   6	  16	  15	 21.41  	 46.98  	 66.09  	 72.41  	 68.69  	 67.82  	 71.05  	 67.95  	 71.05  	 76.88  	 44.89
1987	   6	  29	  15	 26.70  	 62.11  	 78.41  	 72.14  	 70.89  	 68.13  	 71.89  	 70.89  	 70.14  	 76.65  	 46.73
1987	   7	  13	  15	 24.64  	 54.90  	 80.03  	 73.84  	 69.76  	 67.90  	 70.38  	 68.40  	 71.86  	 74.59  	 44.78
1987	   7	  28	  15	 19.13  	 35.57  	 54.05  	 59.14  	 68.07  	 67.45  	 71.92  	 69.19  	 71.17  	 75.14  	 45.20
1987	   8	  11	  15	 29.19  	 60.98  	 73.42  	 66.83  	 67.70  	 69.57  	 70.19  	 69.44  	 71.56  	 77.40  	 45.42
1987	   9	   1	  15	 27.49  	 65.84  	 81.38  	 71.02  	 67.57  	 69.54  	 70.28  	 68.92  	 69.79  	 76.08  	 44.88
1987	   9	  19	  15	 30.10  	 59.76  	 77.62  	 68.19  	 67.82  	 70.05  	 71.05  	 67.82  	 72.54  	 75.64  	 44.89
1987	   9	  28	  15	 26.66  	 59.84  	 75.98  	 67.66  	 65.67  	 68.15  	 68.90  	 69.64  	 71.51  	 75.11  	 45.56
1987	  10	  26	  15	 34.37  	 70.25  	 81.27  	 70.01  	 67.16  	 65.92  	 70.13  	 69.02  	 70.38  	 75.21  	 44.10
1987	  11	  30	  15	 41.50  	 76.72  	 85.10  	 72.90  	 69.58  	 68.84  	 71.18  	 68.35  	 69.33  	 75.49  	 44.65
1987	  12	  30	  15	 40.54  	 77.40  	 85.97  	 74.70  	 67.97  	 69.68  	 71.40  	 70.05  	 70.17  	 73.11  	 44.33
1988	   1	  26	  15	 40.70  	 72.74  	 85.36  	 74.70  	 68.58  	 66.87  	 71.27  	 68.58  	 70.05  	 72.74  	 44.58
1988	   3	   1	  15	 40.70  	 78.36  	 87.22  	 74.66  	 68.51  	 66.91  	 70.85  	 67.65 -	999.99 -	999.99 -	999.99
1988	   3	  17	  15	 38.76  	 71.55  	 85.84  	 73.64  	 69.82  	 67.85  	 69.95  	 69.09  	 68.10  	 74.01  	 44.58
1988	   3	  31	  15	 54.73  	 79.59  	 88.20  	 74.91  	 67.89  	 67.40  	 71.34  	 69.25  	 68.88  	 72.69  	 44.47
1988	   4	  12	  15	 40.06  	 74.91  	 88.32  	 77.25  	 68.26  	 68.39  	 71.83  	 68.02  	 69.99  	 73.43  	 44.04
1988	   4	  25	  15	 35.02  	 69.81  	 90.02  	 76.13  	 70.43  	 68.44  	 72.16  	 68.81  	 70.92  	 75.51  	 43.96
1988	   5	  17	  15	 18.90  	 43.44  	 69.71  	 74.97  	 71.46  	 69.09  	 72.46  	 70.71  	 70.46  	 74.34  	 44.99
1988	   5	  31	  15	 19.20  	 32.93  	 50.66  	 54.81  	 69.14  	 69.52  	 73.54  	 70.27  	 70.90  	 75.30  	 46.07
1988	   6	  13	  15	 16.08  	 26.20  	 49.24  	 51.90  	 56.96  	 70.64  	 76.59  	 71.02  	 72.79  	 73.04  	 46.14
1988	   6	  27	  15	 15.37  	 20.24  	 47.45  	 48.82  	 49.20  	 58.23  	 71.39  	 69.01  	 70.76  	 76.03  	 44.97
1988	   7	  12	  15	 18.25  	 22.50  	 45.25  	 47.89  	 44.62  	 49.90  	 61.35  	 69.14  	 70.65  	 75.30  	 45.38
1988	   7	  25	  15	 17.90  	 37.15  	 45.56  	 45.31  	 44.69  	 48.65  	 56.44  	 66.83  	 71.03  	 84.02  	 44.48
1988	   8	   3	  15	 16.86  	 37.60  	 46.06  	 44.07  	 44.69  	 46.80  	 50.41  	 60.74  	 71.18  	 84.00  	 44.92
1988	   8	  15	  15	 26.47  	 58.72  	 53.61  	 45.50  	 43.88  	 45.75  	 49.74  	 55.23  	 70.70  	 85.17  	 44.52
1988	   8	  31	  15	 26.42  	 45.63  	 54.27  	 46.88  	 44.63  	 44.88  	 49.63  	 52.77  	 63.79  	 80.07  	 45.36
1988	   9	  14	  15	 19.29  	 37.42  	 47.07  	 45.31  	 44.19  	 45.82  	 49.33  	 51.21  	 56.85  	 73.90  	 45.54
1988	   9	  29	  15	 18.29  	 35.31  	 46.24  	 44.75  	 44.01  	 43.38  	 47.36  	 48.98  	 55.19  	 68.86  	 42.63
1988	  11	   1	  15	 27.03  	 46.05  	 46.54  	 46.42  	 42.59  	 44.81  	 47.53  	 49.14  	 55.31  	 68.88  	 42.47
1988	  11	  30	  15	 34.39  	 68.96  	 77.96  	 66.87  	 49.99  	 61.57  	 66.50  	 63.66  	 67.61  	 76.97  	 44.03
1988	  12	  29	  15	 33.73  	 74.09  	 82.73  	 68.45  	 62.94  	 64.74  	 66.54  	 65.70  	 64.74  	 72.29  	 42.63
1989	   1	  26	  15	 44.44  	 81.31  	 80.32  	 70.48  	 64.57  	 65.92  	 66.54  	 69.00  	 68.26  	 78.36  	 44.53
1989	   2	  27	  15	 37.87  	 67.10  	 77.85  	 69.64  	 64.08  	 64.68  	 66.98  	 65.53  	 64.93  	 73.98  	 43.39
1989	   3	  14	  15	 42.09  	 77.15  	 82.04  	 69.59  	 68.49  	 68.12  	 66.05  	 65.81  	 63.73  	 78.62  	 43.09
1989	   3	  27	  15	 39.23  	 77.96  	 79.31  	 73.52  	 69.33  	 66.99  	 68.47  	 64.53  	 68.22  	 75.62  	 43.84
1989	   4	  11	  15	 41.21  	 80.72  	 82.67  	 74.02  	 68.53  	 67.68  	 68.29  	 66.33  	 67.19  	 73.04  	 43.83
1989	   4	  24	  15	 20.10  	 75.02  	 77.37  	 72.16  	 65.59  	 67.08  	 68.57  	 69.06  	 67.45  	 78.74  	 45.76
1989	   5	  18	  15	 19.22  	 53.88  	 66.82  	 66.58  	 64.64  	 66.09  	 65.49  	 67.06  	 67.91  	 77.70  	 43.74
1989	   5	  30	  15	 34.49  	 74.50  	 75.48  	 70.60  	 66.70  	 66.82  	 66.58  	 67.07  	 67.80  	 79.50  	 43.83
1989	   6	  14	  15	 26.75  	 69.95  	 75.49  	 70.44  	 67.36  	 67.98  	 68.84  	 66.99  	 66.74  	 78.70  	 44.83
1989	   6	  26	  15	 18.51  	 48.21  	 59.21  	 63.41  	 65.88  	 68.23  	 68.48  	 67.98  	 68.85  	 78.98  	 44.31
1989	   7	  12	  15	 29.50  	 56.12  	 56.24  	 56.61  	 62.81  	 66.33  	 66.70  	 66.21  	 67.19  	 76.79  	 44.11
1989	   8	   1	  15	 24.03  	 72.83  	 73.82  	 68.88  	 66.79  	 69.26  	 67.53  	 67.28  	 68.76  	 78.64  	 43.70
1989	   8	  14	  15	 18.09  	 47.82  	 65.84  	 64.50  	 65.60  	 66.70  	 67.81  	 66.70  	 66.95  	 76.88  	 43.41
1989	   8	  29	  15	 32.85  	 70.45  	 73.39  	 65.56  	 68.13  	 66.17  	 67.27  	 66.17  	 67.15  	 78.04  	 43.73
1989	   9	  19	  15	 30.42  	 75.29  	 78.83  	 69.06  	 66.86  	 69.55  	 66.74  	 66.38  	 68.70  	 78.47  	 44.24
1989	  10	   2	  15	 19.88  	 64.66  	 77.80  	 69.20  	 66.38  	 68.46  	 66.87  	 66.25  	 69.81  	 78.29  	 42.71
1989	  10	  30	  15	 20.73  	 56.54  	 70.37  	 69.50  	 69.38  	 69.01  	 67.03  	 68.64  	 68.88  	 78.76  	 45.30
1989	  11	  29	  15	 30.43  	 69.21  	 78.71  	 70.55  	 68.24  	 67.39  	 67.02  	 67.75  	 68.73  	 77.73  	 43.49
1990	   1	   3	  15	 49.52  	 71.64  	 75.98  	 68.87  	 67.18  	 66.94  	 66.58  	 64.29  	 68.87  	 76.10  	 42.51
1990	   1	  29	  15	 36.48  	 75.01  	 82.96  	 69.51  	 68.66  	 68.90  	 68.54  	 67.07  	 68.66  	 74.89  	 43.74
1990	   2	  26	  15	 43.50  	 73.84  	 83.82  	 72.13  	 68.97  	 68.00  	 68.24  	 67.75  	 68.73  	 77.98  	 43.92
1990	   3	  15	  15	 50.15  	 81.39  	 80.28  	 72.68  	 69.61  	 68.87  	 67.89  	 67.77  	 69.24  	 80.04  	 43.70
1990	   3	  26	  15	 39.90  	 77.12  	 79.80  	 72.13  	 69.58  	 67.75  	 69.34  	 65.56  	 67.51  	 78.58  	 43.79
1990	   4	  18	  15	 40.50  	 79.98  	 83.43  	 72.73  	 68.30  	 69.16  	 68.30  	 68.06  	 69.16  	 78.88  	 45.09
1990	   5	   1	  15	 22.01  	 68.13  	 77.92  	 70.82  	 68.50  	 67.88  	 68.86  	 66.42  	 67.76  	 80.37  	 44.22
1990	   5	  16	  15	 43.43  	 66.66  	 81.18  	 72.22  	 67.38  	 66.66  	 65.81  	 66.42  	 68.84  	 78.64  	 43.25
1990	   5	  29	  15	 29.19  	 76.30  	 81.44  	 72.38  	 67.72  	 67.97  	 67.97  	 69.07  	 68.95  	 79.24  	 43.05
1990	   6	  13	  15	 18.55  	 53.47  	 70.79  	 70.66  	 68.93  	 68.31  	 68.31  	 68.07  	 69.18  	 78.82  	 43.74
1990	   6	  26	  15	 33.25  	 65.84  	 64.99  	 68.79  	 68.91  	 69.03  	 67.44  	 66.09  	 67.81  	 78.72  	 44.20
1990	   7	  18	  15	 34.33  	 75.17  	 78.71  	 70.41  	 68.21  	 67.11  	 67.11  	 66.50  	 68.33  	 78.47  	 43.39
1990	   8	   1	  15	 21.71  	 72.57  	 78.11  	 71.46  	 69.12  	 69.00  	 66.79  	 67.28  	 68.14  	 79.34  	 43.67
1990	   8	  13	  15	 31.02  	 70.88  	 75.06  	 68.18  	 69.04  	 67.69  	 65.84  	 67.81  	 68.42  	 78.63  	 44.48
1990	   8	  27	  15	 21.02  	 66.66  	 71.82  	 69.36  	 69.24  	 67.64  	 66.66  	 68.01  	 68.01  	 77.83  	 43.89
1990	   9	  12	  15	 15.45  	 46.55  	 60.18  	 62.53  	 65.38  	 68.36  	 69.35  	 67.49  	 69.84  	 77.90  	 44.28
1990	   9	  26	  15	 15.62  	 42.45  	 51.79  	 55.78  	 64.26  	 65.38  	 68.24  	 68.37  	 70.61  	 78.34  	 44.65
1990	  10	  30	  15	 23.55  	 74.99  	 79.94  	 69.80  	 68.81  	 67.69  	 68.93  	 66.95  	 69.80  	 79.20  	 43.12
1990	  11	  26	  15	 29.07  	 79.31  	 81.16  	 71.80  	 69.33  	 67.73  	 69.21  	 67.98  	 67.98  	 78.45  	 44.34
1990	  12	  27	  15	 32.26  	 74.28  	 82.27  	 72.71  	 67.87  	 68.71  	 69.92  	 68.23  	 66.66  	 74.76  	 43.61
1991	   1	  28	  15	 49.11  	 70.85  	 80.81  	 72.77  	 65.58  	 66.66  	 68.69  	 66.89  	 64.62  	 70.97  	 41.79
1991	   2	  25	  15	 42.24  	 80.67  	 79.81  	 73.70  	 67.96  	 67.96  	 68.45  	 67.84  	 67.84  	 77.98  	 43.88
1991	   3	  11	  15	 40.32  	 83.33  	 81.01  	 72.08  	 68.54  	 66.70  	 69.64  	 67.07  	 68.90  	 75.87  	 43.13
1991	   3	  25	  15	 46.77  	 82.49  	 80.16  	 72.06  	 67.64  	 67.77  	 68.26  	 68.38  	 68.99  	 78.69  	 43.76
1991	   4	  15	  15	 47.66  	 82.82  	 81.11  	 71.61  	 68.45  	 67.35  	 67.96  	 66.74  	 67.35  	 78.43  	 42.38
1991	   4	  29	  15	 41.37  	 78.96  	 83.87  	 72.10  	 67.56  	 67.32  	 68.42  	 66.33  	 69.28  	 76.39  	 42.61
1991	   5	  16	  15	 62.42  	 79.75  	 85.06  	 73.08  	 69.26  	 66.42  	 69.50  	 67.28  	 67.16  	 79.62  	 44.75
1991	   5	  28	  15	 30.15  	 77.40  	 82.83  	 70.12  	 68.14  	 66.42  	 67.65  	 67.28  	 69.87  	 76.04  	 43.02
1991	   6	  10	  15	 18.65  	 42.82  	 70.24  	 70.61  	 67.12  	 67.75  	 66.87  	 66.62  	 67.25  	 79.84  	 45.09
1991	   6	  25	  15	 15.40  	 35.93  	 46.86  	 51.59  	 64.88  	 68.24  	 70.10  	 67.37  	 69.23  	 79.05  	 43.75
1991	   7	  15	  15	 17.61  	 38.33  	 46.81  	 46.56  	 48.55  	 56.78  	 65.75  	 68.49  	 68.12  	 79.09  	 44.47
1991	   7	  29	  15	 14.11  	 31.28  	 44.25  	 43.50  	 44.38  	 45.00  	 49.24  	 60.97  	 67.46  	 78.56  	 44.33
1991	   8	  14	  15	 17.63  	 36.80  	 44.50  	 43.88  	 44.38  	 45.62  	 47.49  	 49.10  	 60.91  	 73.96  	 43.38
1991	   8	  28	  15	 15.51  	 32.53  	 43.56  	 43.43  	 44.31  	 44.94  	 47.19  	 46.69  	 47.32  	 58.98  	 39.33
1991	   9	  16	  15	 20.71  	 42.68  	 47.45  	 44.06  	 45.06  	 43.68  	 47.32  	 47.19  	 46.82  	 47.07  	 27.92
1991	   9	  30	  15	 17.79  	 37.78  	 46.19  	 46.32  	 45.44  	 44.44  	 47.83  	 46.95  	 47.45  	 44.18  	 22.91
1991	  10	  28	  15	 33.45  	 69.32  	 76.28  	 57.38  	 46.68  	 45.56  	 47.92  	 47.05  	 47.05  	 49.91  	 33.79
1991	  12	   3	  15	 38.19  	 78.91  	 79.03  	 69.57  	 64.35  	 64.35  	 65.57  	 65.20  	 63.75  	 71.51  	 39.46
1991	  12	  31	  15	 36.99  	 80.97  	 81.70  	 70.39  	 65.35  	 68.18  	 65.72  	 64.86  	 67.69  	 75.06  	 41.84
1992	   1	  28	  15	 25.68  	 82.99  	 79.81  	 69.43  	 69.55  	 66.01  	 64.79  	 64.91  	 61.12  	 71.26  	 41.13
1992	   2	  25	  15	 56.10  	 83.18  	 82.08  	 69.48  	 68.50  	 64.95  	 67.88  	 65.31  	 64.58  	 72.53  	 40.67
1992	   3	  16	  15	 36.27  	 83.30  	 83.18  	 72.43  	 66.25  	 66.87  	 65.51  	 64.77  	 65.26  	 73.79  	 42.21
1992	   3	  31	  15	 40.37  	 78.38  	 80.95  	 69.68  	 69.31  	 67.36  	 67.11  	 66.50  	 64.78  	 71.76  	 40.54
1992	   4	  15	  15	 31.34  	 76.85  	 80.42  	 71.43  	 67.61  	 67.73  	 65.88  	 65.51  	 66.74  	 73.52  	 39.96
1992	   5	   1	  15	 27.23  	 76.66  	 80.87  	 71.83  	 68.85  	 66.38  	 69.35  	 64.89  	 65.88  	 72.20  	 41.86
1992	   5	  12	  15	 17.89  	 59.76  	 74.27  	 69.93  	 66.71  	 66.09  	 65.71  	 66.21  	 66.58  	 74.52  	 41.17
1992	   5	  29	  15	 14.97  	 43.32  	 54.78  	 62.76  	 67.75  	 65.63  	 67.37  	 66.87  	 67.00  	 75.97  	 41.48
1992	   6	  11	  15	 15.70  	 42.32  	 49.30  	 51.92  	 63.76  	 65.50  	 67.25  	 67.25  	 67.37  	 74.35  	 41.60
1992	   6	  29	  15	 14.77  	 35.88  	 46.95  	 47.33  	 50.85  	 62.81  	 66.96  	 67.34  	 66.96  	 75.52  	 41.03
1992	   7	  16	  15	 37.97  	 71.46  	 74.59  	 52.32  	 48.19  	 57.45  	 68.59  	 66.83  	 66.96  	 75.22  	 40.55
1992	   7	  27	  15	 36.01  	 76.69  	 79.44  	 70.80  	 66.79  	 65.54  	 67.67  	 68.04  	 67.29  	 75.93  	 40.79
1992	   8	  12	  15	 21.88  	 63.14  	 76.81  	 69.98  	 61.40  	 68.49  	 64.51  	 66.25  	 69.85  	 72.34  	 40.95
1992	   8	  24	  15	 23.18  	 43.69  	 60.80  	 62.30  	 63.05  	 65.79  	 68.66  	 67.29  	 65.67  	 74.66  	 39.26
1992	   9	  15	  15	 27.79  	 63.54  	 61.28  	 58.40  	 66.67  	 67.67  	 67.04  	 68.04  	 66.67  	 75.93  	 40.72
1992	   9	  29	  15	 29.46  	 64.93  	 56.66  	 56.17  	 64.32  	 67.16  	 67.40  	 68.14  	 67.90  	 73.95  	 40.49
1992	  10	  28	  15	 24.11  	 55.36  	 58.22  	 55.60  	 62.97  	 66.21  	 68.08  	 67.08  	 66.33  	 75.44  	 39.84
1992	  12	   1	  15	 32.73  	 78.45  	 86.09  	 69.21  	 66.87  	 66.87  	 66.87  	 65.76  	 67.85  	 74.51  	 39.96
1992	  12	  28	  15	 34.41  	 71.06  	 77.34  	 70.44  	 67.48  	 67.73  	 67.11  	 68.47  	 66.99  	 70.93  	 38.98
1993	   1	  28	  15	 31.76  	 74.74  	 82.81  	 72.53  	 67.15  	 69.60  	 66.42  	 66.29  	 65.80  	 72.66  	 39.33
1993	   2	  23	  15	 41.67  	 74.75  	 82.39  	 75.25  	 66.25  	 57.63  	 67.61  	 68.22  	 62.80  	 72.41  	 40.39
1993	   3	  15	  15	 32.42  	 76.72  	 81.67  	 72.52  	 67.20  	 68.31  	 69.18  	 67.20  	 67.69  	 72.64  	 40.34
1993	   3	  29	  15	 49.86  	 80.50  	 80.12  	 70.75  	 66.63  	 69.37  	 64.50  	 66.38  	 68.62  	 76.25  	 41.31
1993	   4	  14	  15	 49.30  	 80.49  	 79.62  	 70.12  	 67.40  	 67.90  	 67.40  	 67.16  	 67.16  	 73.33  	 40.31
1993	   4	  27	  15	 32.21  	 77.31  	 81.15  	 71.24  	 67.16  	 69.14  	 67.78  	 67.28  	 66.42  	 74.22  	 40.26
1993	   5	  11	  15	 27.29  	 76.40  	 80.81  	 71.37  	 68.98  	 69.61  	 67.84  	 69.10  	 68.35  	 73.25  	 41.10
1993	   5	  25	  15	 26.12  	 68.98  	 79.17  	 70.97  	 68.49  	 66.50  	 68.49  	 67.37  	 66.38  	 74.95  	 40.21
1993	   6	  14	  15	 30.96  	 77.40  	 79.01  	 70.74  	 68.51  	 68.27  	 65.80  	 65.31  	 67.16  	 75.18  	 39.69
1993	   6	  29	  15	 35.30  	 81.25  	 81.37  	 71.47  	 65.36  	 66.95  	 65.85  	 64.74  	 65.36  	 74.65  	 40.01
1993	   7	  12	  15	 33.56  	 82.86  	 80.87  	 71.95  	 68.73  	 67.61  	 67.24  	 66.50  	 66.38  	 74.31  	 40.44
1993	   7	  27	  15	 31.13  	 81.77  	 84.78  	 73.23  	 68.34  	 68.22  	 68.34  	 66.84  	 67.84  	 74.99  	 41.01
1993	   8	  16	  15	 34.04  	 77.03  	 78.90  	 72.30  	 69.07  	 67.08  	 67.45  	 67.20  	 68.08  	 74.17  	 40.69
1993	   8	  31	  15	 35.24  	 74.36  	 78.09  	 72.62  	 70.64  	 69.64  	 68.78  	 67.66  	 68.78  	 73.00  	 40.66
1993	   9	  17	  15	 38.64  	 82.86  	 83.72  	 72.82  	 68.48  	 66.13  	 67.61  	 65.76  	 67.99  	 74.92  	 39.88
1993	   9	  28	  15	 41.03  	 83.55  	 83.43  	 73.74  	 67.91  	 67.91  	 67.16  	 67.41  	 67.66  	 75.60  	 40.16
1993	  10	  26	  15	 35.53  	 82.51  	 84.12  	 72.41  	 66.99  	 68.59  	 66.50  	 66.50  	 66.01  	 73.03  	 39.72
1993	  11	  29	  15	 31.56  	 82.45  	 83.79  	 72.41  	 67.64  	 66.17  	 66.78  	 66.42  	 66.66  	 71.68  	 39.45
1993	  12	  27	  15	 39.51  	 80.67  	 84.70  	 74.19  	 68.57  	 67.47  	 66.99  	 66.38  	 66.99  	 70.89  	 39.91
1994	   1	  31	  15	 59.10  	 69.61  	 85.07  	 74.52  	 69.12  	 68.26  	 68.13  	 67.03  	 65.93  	 70.71  	 38.61
1994	   2	  28	  15	 35.29  	 75.94  	 85.91  	 72.17  	 68.16  	 68.28  	 67.67  	 66.82  	 64.51  	 70.47  	 39.18
1994	   3	  15	  15	 44.09  	 80.97  	 81.09  	 71.87  	 70.02  	 69.16  	 66.83  	 67.93  	 66.70  	 73.59  	 40.36
1994	   3	  29	  15	 39.25  	 81.89  	 82.74  	 71.63  	 67.60  	 67.84  	 67.60  	 65.40  	 66.01  	 72.60  	 39.11
1994	   4	  14	  15	 44.67  	 82.93  	 83.18  	 72.18  	 68.97  	 69.09  	 67.61  	 66.87  	 67.73  	 75.77  	 40.35
1994	   4	  26	  15	 25.47  	 75.86  	 80.30  	 71.43  	 67.24  	 68.22  	 67.24  	 65.51  	 67.24  	 75.25  	 40.33
1994	   5	  16	  15	 36.31  	 82.88  	 85.36  	 73.35  	 69.51  	 68.27  	 68.77  	 68.52  	 68.27  	 75.33  	 40.02
1994	   5	  31	  15	 22.94  	 50.45  	 73.97  	 71.12  	 68.03  	 67.53  	 67.28  	 67.04  	 67.28  	 75.58  	 39.71
1994	   6	  14	  15	 21.70  	 47.64  	 58.30  	 68.59  	 67.59  	 68.09  	 68.84  	 68.84  	 70.73  	 75.37  	 40.57
1994	   6	  27	  15	 18.91  	 41.08  	 46.43  	 53.65  	 65.46  	 67.95  	 66.08  	 67.70  	 67.70  	 74.29  	 39.70
1994	   7	  11	  15	 16.38  	 37.15  	 43.43  	 46.07  	 56.87  	 67.04  	 67.92  	 68.30  	 67.42  	 73.95  	 40.56
1994	   7	  26	  15	 19.08  	 37.48  	 44.31  	 45.70  	 52.90  	 61.49  	 66.67  	 68.44  	 70.84  	 76.15  	 40.03
1994	   8	  16	  15	 18.09  	 40.38  	 44.63  	 44.00  	 49.63  	 52.75  	 60.63  	 64.50  	 67.13  	 75.50  	 39.94
1994	   8	  30	  15	 19.76  	 34.75  	 41.50  	 43.88  	 42.63  	 49.75  	 55.88  	 63.75  	 66.50  	 70.25  	 38.87
1994	   9	  13	  15	 15.86  	 32.83  	 41.28  	 43.93  	 44.06  	 48.47  	 52.25  	 54.90  	 64.11  	 68.64  	 38.23
1994	   9	  27	  15	 26.94  	 40.57  	 42.44  	 43.81  	 44.19  	 45.69  	 50.18  	 53.18  	 59.80  	 66.42  	 36.95
1994	  10	  25	  15	 17.04  	 36.84  	 43.04  	 43.80  	 45.19  	 46.58  	 50.00  	 55.19  	 60.51  	 67.98  	 36.01
1994	  12	   1	  15	 27.62  	 70.53  	 73.09  	 66.50  	 45.85  	 45.73  	 49.89  	 54.40  	 64.05  	 71.02  	 39.36
1994	  12	  27	  15	 29.84  	 73.38  	 79.66  	 69.03  	 62.39  	 65.05  	 64.93  	 63.36  	 64.68  	 72.90  	 40.31
1995	   2	   6	  15	 40.49  	 68.73  	 79.91  	 71.57  	 67.63  	 67.99  	 65.52  	 66.25  	 68.27  	 79.09  	 41.24
1995	   2	  28	  15	 41.18  	 78.28  	 79.61  	 69.90  	 67.83  	 66.01  	 65.04  	 65.40  	 65.65  	 71.48  	 40.47
1995	   3	  15	  15	 36.96  	 82.34  	 78.64  	 71.85  	 67.40  	 65.92  	 66.54  	 66.05  	 67.03  	 74.69  	 41.91
1995	   3	  29	  15	 49.98  	 82.64  	 79.94  	 72.34  	 67.32  	 66.70  	 66.09  	 64.62  	 65.60  	 73.57  	 41.44
1995	   4	  14	  15	 42.19  	 84.86  	 81.16  	 72.04  	 67.36  	 67.24  	 66.25  	 66.13  	 66.87  	 73.03  	 42.30
1995	   4	  26	  15	 36.89  	 85.29  	 79.52  	 72.52  	 68.46  	 65.02  	 67.23  	 66.74  	 68.34  	 75.34  	 42.22
1995	   6	   2	  15	 31.84  	 75.40  	 84.57  	 75.03  	 68.24  	 66.59  	 67.32  	 66.59  	 68.97  	 78.33  	 42.42
1995	   6	  16	  15	 26.95  	 53.00  	 72.00  	 72.12  	 68.00  	 67.75  	 68.25  	 66.38  	 68.13  	 76.00  	 42.25
1995	   6	  30	  15	 47.08  	 82.43  	 79.45  	 75.73  	 69.02  	 67.53  	 67.91  	 67.91  	 67.53  	 75.11  	 41.65
1995	   7	  13	  15	 22.98  	 70.43  	 74.27  	 69.56  	 69.68  	 67.70  	 67.45  	 67.08  	 69.68  	 73.90  	 41.17
1995	   8	   2	  15	 17.66  	 36.86  	 51.64  	 58.03  	 65.92  	 67.92  	 68.80  	 68.67  	 68.67  	 76.06  	 42.04
1995	   8	  15	  15	 34.71  	 72.29  	 77.96  	 69.95  	 67.98  	 66.25  	 67.85  	 66.25  	 66.99  	 76.23  	 41.44
1995	   8	  29	  15	 20.50  	 51.46  	 62.65  	 64.39  	 67.24  	 66.75  	 67.49  	 67.74  	 67.99  	 72.96  	 40.40
1995	   9	  14	  15	 21.29  	 40.06  	 50.07  	 51.80  	 59.58  	 65.02  	 66.13  	 66.87  	 67.86  	 75.15  	 40.60
1995	   9	  28	  15	 15.84  	 37.51  	 45.49  	 47.58  	 56.67  	 61.83  	 65.64  	 66.62  	 67.36  	 75.83  	 41.48
1995	  11	   1	  15	 41.40  	 66.56  	 61.92  	 47.72  	 52.55  	 62.38  	 66.10  	 67.77  	 69.16  	 76.95  	 40.75
1995	  11	  28	  15	 36.26  	 77.70  	 82.23  	 68.78  	 66.46  	 68.41  	 66.21  	 67.80  	 67.80  	 76.97  	 38.91
1996	   1	   2	  15	 37.66  	 63.35  	 76.68  	 71.87  	 68.44  	 68.53  	 70.11  	 67.89  	 67.61  	 76.86  	 41.02
1996	   2	   1	  15	 58.59  	 66.21  	 75.57  	 70.35  	 66.94  	 67.79  	 66.09  	 65.61  	 67.19  	 74.97  	 40.28
1996	   3	   1	  15	 44.04  	 76.06  	 80.21  	 70.93  	 66.54  	 67.27  	 68.25  	 67.76  	 68.49  	 77.76  	 39.49
1996	   3	  11	  15	 55.70  	 77.83  	 80.68  	 72.22  	 67.73  	 67.38  	 69.37  	 67.64  	 69.54  	 78.60  	 42.02
1996	   3	  29	  15	 42.66  	 74.41  	 84.02  	 75.06  	 69.70  	 70.07  	 69.33  	 68.41  	 67.95  	 77.65  	 41.92
1996	   4	  15	  15	 37.22  	 68.70  	 76.76  	 72.36  	 67.35  	 65.64  	 68.82  	 67.60  	 67.23  	 74.19  	 40.33
1996	   4	  27	  15	 45.08  	 76.52  	 87.40  	 74.86  	 69.33  	 67.30  	 69.51  	 68.68  	 68.86  	 78.18  	 40.84
1996	   5	  14	  15	 52.36  	 79.99  	 88.78  	 77.21  	 69.80  	 69.06  	 69.43  	 70.73  	 68.69  	 78.51  	 41.20
1996	   5	  31	  15	 43.08  	 84.80  	 92.82  	 78.02  	 72.10  	 70.10  	 71.82  	 70.96  	 71.63  	 80.22  	 43.36
1996	   6	  14	  15	 44.49  	 81.34  	 84.94  	 74.02  	 68.32  	 68.69  	 68.44  	 68.32  	 68.81  	 76.13  	 41.72
1996	   6	  25	  15	 43.28  	 83.69  	 90.90  	 75.64  	 69.84  	 69.84  	 69.84  	 70.21  	 69.84  	 78.83  	 42.22
1996	   7	  17	  15	 21.89  	 41.42  	 50.67  	 59.43  	 66.09  	 67.81  	 67.44  	 67.32  	 67.57  	 76.57  	 40.75
1996	   8	   1	  15	 41.40  	 80.82  	 86.55  	 75.10  	 71.35  	 69.19  	 70.13  	 67.69  	 71.82  	 80.17  	 42.38
1996	   8	  15	  15	 27.35  	 56.18  	 68.98  	 67.99  	 67.74  	 69.73  	 67.74  	 68.86  	 67.74  	 77.19  	 42.01
1996	   8	  26	  15	 28.34  	 43.95  	 59.42  	 67.44  	 68.86  	 69.33  	 68.77  	 68.67  	 70.75  	 81.69  	 41.37
1996	   9	  12	  15	 25.06  	 44.01  	 50.20  	 55.28  	 64.19  	 66.91  	 67.90  	 68.15  	 68.77  	 76.44  	 40.57
1996	  10	   3	  15	 30.91  	 64.82  	 58.29  	 53.25  	 61.74  	 65.85  	 68.93  	 67.34  	 70.14  	 79.47  	 40.90
1996	  10	  31	  15	 35.36  	 70.76  	 61.95  	 53.88  	 63.44  	 67.41  	 67.91  	 68.15  	 69.64  	 78.09  	 40.22
1996	  12	   5	  15	 38.11  	 76.17  	 86.86  	 73.32  	 67.60  	 69.45  	 68.62  	 67.88  	 70.28  	 77.83  	 41.03
1997	   1	   8	  15	 43.47  	 74.37  	 79.44  	 70.29  	 67.82  	 67.57  	 69.92  	 68.44  	 69.18  	 75.73  	 41.70
1997	   2	   3	  15	 61.96  	 75.65  	 82.54  	 71.34  	 68.02  	 68.75  	 69.25  	 66.29  	 68.02  	 74.17  	 40.65
1997	   2	  27	  15	 81.04  	 83.45  	 81.19  	 70.93  	 68.55  	 69.17  	 70.42  	 69.30  	 69.05  	 77.19  	 41.29
1997	   3	  13	  15	 48.45  	 83.18  	 89.63  	 75.98  	 72.09  	 71.34  	 72.85  	 70.58  	 72.85  	 81.86  	 42.40
1997	   3	  31	  15	 50.48  	 83.05  	 79.91  	 71.14  	 69.89  	 70.64  	 68.38  	 67.25  	 68.76  	 78.16  	 41.15
1997	   4	  15	  15	 44.19  	 84.06  	 87.41  	 75.23  	 69.38  	 69.66  	 69.10  	 69.66  	 69.66  	 79.23  	 42.03
1997	   4	  30	  15	 29.25  	 77.03  	 76.30  	 68.25  	 67.64  	 69.34  	 66.42  	 64.83  	 67.03  	 76.91  	 40.16
1997	   5	  13	  15	 34.67  	 73.06  	 84.81  	 72.69  	 69.05  	 71.66  	 70.35  	 68.96  	 69.61  	 79.68  	 41.89
1997	   5	  29	  15	 28.32  	 64.10  	 78.87  	 73.45  	 69.80  	 69.52  	 69.34  	 68.68  	 70.08  	 79.90  	 41.30
1997	   6	  12	  15	 42.48  	 81.63  	 87.72  	 75.27  	 70.96  	 70.87  	 70.68  	 70.21  	 69.65  	 79.39  	 41.94
1997	   6	  25	  15	 22.22  	 51.32  	 77.45  	 72.75  	 71.25  	 71.34  	 70.98  	 69.92  	 70.18  	 81.08  	 41.91
1997	   7	  15	  15	 19.28  	 41.66  	 48.21  	 55.13  	 65.39  	 68.35  	 69.46  	 67.24  	 67.86  	 77.37  	 40.79
1997	   7	  30	  15	 20.72  	 36.72  	 45.32  	 47.87  	 52.68  	 65.15  	 69.68  	 70.06  	 70.25  	 80.63  	 41.07
1997	   8	  14	  15	 27.23  	 52.26  	 49.05  	 45.46  	 47.44  	 51.98  	 66.15  	 70.22  	 72.30  	 80.24  	 40.97
1997	   8	  28	  15	 29.35  	 59.87  	 62.59  	 47.57  	 48.79  	 53.48  	 64.84  	 70.29  	 71.04  	 81.46  	 40.73
1997	   9	  12	  15	 23.45  	 46.92  	 52.24  	 46.55  	 47.91  	 54.58  	 61.02  	 66.70  	 66.83  	 79.07  	 40.34
1997	   9	  26	  15	 28.89  	 48.84  	 51.09  	 48.46  	 47.05  	 52.60  	 56.54  	 65.47  	 71.10  	 78.71  	 40.72
1997	  10	  30	  15	 30.31  	 52.32  	 49.37  	 46.17  	 48.63  	 54.65  	 58.34  	 63.38  	 66.95  	 77.15  	 39.87
1997	  11	  26	  15	 35.20  	 63.16  	 50.70  	 47.89  	 48.54  	 52.85  	 57.44  	 64.94  	 67.56  	 79.18  	 40.34
1997	  12	  31	  15	 33.15  	 67.15  	 72.01  	 63.13  	 58.02  	 63.25  	 63.37  	 65.44  	 68.61  	 77.98  	 40.69
1998	   1	  30	  15	 56.58  	 75.36  	 85.10  	 73.96  	 69.56  	 67.78  	 68.15  	 69.00  	 72.09  	 81.82  	 41.71
1998	   2	  25	  15	 39.14  	 82.75  	 75.94  	 67.55  	 65.61  	 67.67  	 65.24  	 68.04  	 68.40  	 78.01  	 40.46
1998	   3	  11	  15	 37.33  	 83.96  	 91.82  	 76.10  	 71.84  	 70.13  	 70.13  	 71.27  	 72.22  	 81.02  	 42.88
1998	   4	   1	  15	 58.32  	 79.76  	 81.00  	 70.84  	 68.11  	 68.98  	 66.75  	 66.00  	 68.85  	 79.88  	 41.55
1998	   4	  13	  15	 38.86  	 77.66  	 87.40  	 73.41  	 71.23  	 69.05  	 70.28  	 70.66  	 71.61  	 82.86  	 43.42
1998	   4	  28	  15	 23.87  	 80.43  	 78.11  	 69.77  	 67.81  	 51.87  	 66.46  	 68.79  	 68.42  	 80.80  	 40.52
1998	   5	  13	  15	 39.56  	 80.06  	 86.37  	 73.94  	 70.93  	 69.89  	 70.08  	 72.15  	 71.96  	 82.51  	 42.01
1998	   5	  27	  15	 24.75  	 63.71  	 71.59  	 66.54  	 65.68  	 68.14  	 68.63  	 69.74  	 69.49  	 80.57  	 40.35
1998	   6	  16	  15	 45.76  	 80.44  	 82.32  	 72.62  	 71.77  	 70.55  	 70.74  	 73.85  	 73.09  	 82.98  	 41.91
1998	   6	  29	  15	 23.76  	 51.63  	 70.46  	 69.84  	 68.61  	 68.48  	 66.62  	 68.36  	 70.84  	 77.53  	 40.50
1998	   7	  14	  15	 26.73  	 61.66  	 75.52  	 69.90  	 69.90  	 68.69  	 68.97  	 70.75  	 72.06  	 81.43  	 41.09
1998	   7	  30	  15	 23.06  	 47.29  	 56.56  	 65.47  	 67.82  	 68.19  	 68.19  	 69.80  	 70.54  	 77.71  	 40.96
1998	   8	  13	  15	 22.54  	 43.54  	 52.12  	 58.83  	 66.75  	 68.33  	 69.73  	 69.82  	 72.25  	 81.75  	 40.83
1998	   9	   1	  15	 18.36  	 37.22  	 45.60  	 44.94  	 52.85  	 63.96  	 68.38  	 70.17  	 73.47  	 81.85  	 40.27
1998	   9	  17	  15	 19.57  	 35.61  	 41.13  	 42.24  	 48.01  	 56.35  	 62.49  	 66.66  	 68.63  	 77.46  	 40.14
1998	   9	  29	  15	 17.30  	 33.94  	 42.19  	 41.90  	 47.50  	 53.76  	 63.53  	 69.32  	 72.83  	 81.84  	 41.06
1998	  10	  29	  15	 29.84  	 42.14  	 46.31  	 45.27  	 48.31  	 55.81  	 63.02  	 67.20  	 70.43  	 82.01  	 43.09
1998	  12	   1	  15	 30.80  	 42.30  	 46.44  	 45.60  	 48.05  	 55.01  	 61.70  	 65.75  	 69.98  	 80.72  	 42.38
1998	  12	  30	  15	 34.12  	 49.89  	 45.24  	 44.39  	 48.30  	 54.67  	 59.56  	 62.26  	 65.56  	 73.39  	 40.06
1999	   1	  28	  15	 38.66  	 81.25  	 84.16  	 70.26  	 64.25  	 67.72  	 67.06  	 68.57  	 69.69  	 80.22  	 42.93
1999	   2	  24	  15	 44.83  	 68.71  	 79.48  	 68.96  	 64.96  	 66.17  	 64.84  	 64.48  	 68.23  	 76.70  	 41.01
1999	   3	  16	  15	 38.86  	 82.53  	 85.15  	 72.73  	 69.46  	 68.71  	 68.62  	 67.68  	 70.20  	 79.45  	 42.20
1999	   3	  30	  15	 42.09  	 71.43  	 79.31  	 70.82  	 63.91  	 64.52  	 65.00  	 64.39  	 68.40  	 78.46  	 40.14
1999	   4	  15	  15	 42.48  	 81.77  	 84.35  	 69.79  	 67.30  	 65.82  	 65.64  	 67.39  	 68.03  	 79.19  	 41.53
1999	   4	  28	  15	 46.36  	 80.43  	 85.34  	 72.10  	 66.09  	 67.19  	 67.19  	 67.32  	 68.91  	 81.17  	 41.08
1999	   5	  12	  15	 46.59  	 71.20  	 82.23  	 74.38  	 68.31  	 68.77  	 68.12  	 69.05  	 70.55  	 81.21  	 41.68
1999	   5	  27	  15	 27.33  	 54.04  	 70.28  	 67.96  	 65.28  	 65.76  	 65.89  	 66.13  	 68.70  	 78.96  	 39.78
1999	   6	  15	  15	 43.06  	 70.72  	 79.38  	 70.85  	 68.16  	 66.94  	 66.94  	 67.43  	 68.77  	 79.62  	 39.99
1999	   6	  28	  15	 31.24  	 57.99  	 72.51  	 70.24  	 68.81  	 70.05  	 68.81  	 70.14  	 70.43  	 81.25  	 42.62
1999	   7	  13	  15	 22.08  	 42.36  	 52.19  	 54.65  	 61.78  	 64.61  	 67.32  	 67.32  	 70.64  	 79.37  	 39.81
1999	   7	  29	  15	 31.91  	 44.81  	 48.17  	 47.79  	 50.77  	 60.95  	 68.03  	 68.15  	 70.39  	 81.31  	 39.35
1999	   8	  13	  15	 41.61  	 65.19  	 64.57  	 48.01  	 48.01  	 58.32  	 64.33  	 67.15  	 69.36  	 78.69  	 39.04
1999	   8	  31	  15	 23.86  	 47.94  	 59.69  	 50.26  	 48.87  	 53.49  	 60.70  	 66.99  	 69.49  	 76.89  	 41.08
1999	   9	  14	  15	 20.80  	 42.08  	 50.15  	 47.55  	 49.53  	 53.26  	 59.96  	 66.29  	 69.02  	 79.95  	 39.11
1999	   9	  29	  15	 32.31  	 46.88  	 50.21  	 49.92  	 50.87  	 53.81  	 57.90  	 61.98  	 69.00  	 80.96  	 42.76
1999	  10	  28	  15	 24.40  	 54.50  	 47.55  	 48.66  	 49.04  	 51.89  	 55.86  	 62.69  	 67.16  	 76.60  	 38.98
1999	  12	   1	  15	 19.87  	 41.48  	 51.94  	 49.05  	 49.42  	 52.87  	 55.58  	 59.97  	 65.57  	 71.35  	 40.34
1999	  12	  28	  15	 34.40  	 60.19  	 49.82  	 47.99  	 49.09  	 51.77  	 55.68  	 61.53  	 64.46  	 70.20  	 38.46
2000	   2	   1	  15	 34.60  	 61.90  	 64.60  	 48.67  	 45.88  	 48.49  	 53.62  	 58.93  	 62.98  	 65.42  	 37.57
2000	   2	  28	  15	 39.95  	 67.52  	 75.28  	 68.51  	 63.22  	 63.95  	 62.85  	 65.06  	 68.63  	 77.25  	 40.96
2000	   3	  14	  15	 28.72  	 62.62  	 77.07  	 70.78  	 65.34  	 65.53  	 67.03  	 66.84  	 67.69  	 76.23  	 42.57
2000	   3	  30	  15	 37.22  	 69.14  	 82.88  	 73.94  	 68.38  	 67.16  	 68.10  	 67.16  	 68.10  	 77.99  	 42.62
2000	   4	  13	  15	 32.25  	 70.45  	 82.75  	 74.49  	 69.22  	 68.47  	 68.76  	 66.97  	 69.51  	 77.30  	 43.73
2000	   4	  27	  15	 44.15  	 74.39  	 78.93  	 70.71  	 66.42  	 67.15  	 66.17  	 66.78  	 68.50  	 77.09  	 40.33
2000	   5	  16	  15	 40.30  	 63.31  	 80.94  	 72.41  	 69.12  	 66.50  	 67.91  	 67.91  	 70.06  	 77.56  	 43.89
2000	   5	  31	  15	 40.35  	 58.05  	 72.34  	 72.84  	 68.49  	 66.62  	 64.51  	 67.25  	 69.48  	 79.42  	 41.02
2000	   6	  14	  15	 37.66  	 69.19  	 79.23  	 71.67  	 66.83  	 67.45  	 69.31  	 66.21  	 68.44  	 78.98  	 40.24
2000	   6	  28	  15	 29.82  	 76.51  	 86.64  	 77.26  	 70.41  	 67.78  	 68.44  	 68.91  	 70.41  	 76.51  	 43.08
2000	   7	  14	  15	 34.33  	 78.42  	 89.48  	 76.53  	 71.32  	 68.30  	 70.00  	 69.24  	 71.04  	 78.42  	 43.89
2000	   7	  28	  15	 23.43  	 49.16  	 79.87  	 88.59  	 68.78  	 69.63  	 69.63  	 69.06  	 70.48  	 80.15  	 43.20
2000	   8	  16	  15	 22.09  	 42.66  	 59.57  	 65.84  	 69.16  	 68.50  	 68.78  	 70.02  	 68.97  	 78.76  	 43.46
2000	   8	  30	  15	 19.25  	 34.02  	 50.80  	 56.14  	 64.34  	 66.72  	 68.82  	 68.54  	 70.92  	 80.45  	 43.90
2000	   9	  14	  15	 30.37  	 45.31  	 49.13  	 48.76  	 54.30  	 60.34  	 65.14  	 66.74  	 67.48  	 75.12  	 41.50
2000	   9	  27	  15	 34.27  	 50.41  	 52.22  	 50.51  	 53.74  	 62.12  	 66.03  	 68.79  	 69.17  	 80.40  	 42.96
2000	  10	  31	  15	 22.70  	 50.90  	 65.74  	 52.50  	 53.07  	 61.02  	 65.37  	 67.45  	 70.57  	 78.70  	 42.76
2000	  11	  28	  15	 37.66  	 67.81  	 74.84  	 71.39  	 66.09  	 66.58  	 66.09  	 66.09  	 69.05  	 76.57  	 41.74
2000	  12	  26	  15	 28.55  	 67.29  	 76.47  	 70.78  	 65.92  	 66.10  	 67.75  	 68.03  	 67.57  	 75.37  	 41.27
2001	   1	  31	  15	 46.36  	 75.04  	 73.15  	 70.80  	 63.51  	 62.81  	 62.93  	 63.87  	 64.10  	 72.21  	 39.81
2001	   2	  28	  15	 44.88  	 79.30  	 88.20  	 76.42  	 69.56  	 67.15  	 68.26  	 68.91  	 69.37  	 76.14  	 42.94
2001	   3	  15	  15	 40.23  	 79.60  	 79.60  	 71.79  	 66.66  	 66.66  	 67.51  	 68.37  	 66.66  	 77.52  	 41.63
2001	   3	  29	  15	 34.13  	 76.69  	 80.67  	 73.71  	 67.00  	 66.87  	 67.12  	 68.49  	 69.98  	 76.19  	 41.95
2001	   4	  12	  15	 56.96  	 82.49  	 88.69  	 76.86  	 69.35  	 68.32  	 69.82  	 69.44  	 69.82  	 78.55  	 42.79
2001	   4	  26	  15	 44.62  	 77.37  	 80.71  	 73.66  	 66.38  	 66.75  	 67.98  	 66.75  	 67.86  	 77.87  	 41.10
2001	   5	  16	  15	 24.11  	 53.77  	 71.56  	 71.31  	 68.70  	 67.45  	 67.20  	 68.95  	 68.70  	 77.65  	 41.81
2001	   5	  30	  15	 25.80  	 53.08  	 78.56  	 76.38  	 71.93  	 70.61  	 70.32  	 70.23  	 70.32  	 79.51  	 43.35
2001	   6	  14	  15	 30.31  	 71.12  	 79.30  	 73.51  	 69.86  	 68.22  	 68.22  	 70.36  	 69.23  	 80.93  	 42.86
2001	   6	  28	  15	 22.76  	 47.97  	 64.38  	 70.64  	 69.60  	 69.79  	 70.07  	 69.79  	 71.12  	 78.99  	 43.53
2001	   7	  13	  15	 23.87  	 51.90  	 55.42  	 58.93  	 66.96  	 67.84  	 67.59  	 68.34  	 68.97  	 80.39  	 41.64
2001	   7	  30	  15	 17.45  	 42.06  	 49.44  	 49.57  	 59.33  	 65.21  	 67.71  	 69.21  	 69.46  	 78.85  	 40.92
2001	   8	  14	  15	 19.13  	 40.58  	 46.68  	 47.92  	 49.79  	 59.62  	 64.22  	 68.20  	 69.07  	 80.89  	 40.26
2001	   8	  30	  15	 24.76  	 67.27  	 79.29  	 66.12  	 58.20  	 59.35  	 66.88  	 70.89  	 71.18  	 80.62  	 43.60
2001	   9	  13	  15	 33.19  	 68.12  	 77.00  	 62.63  	 54.88  	 57.88  	 63.38  	 68.38  	 67.88  	 80.25  	 41.12
2001	   9	  27	  15	 30.86  	 71.54  	 81.37  	 69.93  	 63.98  	 64.55  	 67.48  	 69.93  	 70.22  	 78.53  	 42.91
2001	  10	  30	  15	 39.49  	 76.69  	 80.79  	 70.10  	 66.87  	 66.87  	 67.12  	 68.49  	 67.87  	 79.05  	 40.40
2001	  11	  28	  15	 43.69  	 75.88  	 87.07  	 74.11  	 69.36  	 68.05  	 69.08  	 68.71  	 70.01  	 78.68  	 42.69
2001	  12	  27	  15	 38.99  	 79.34  	 89.56  	 74.47  	 69.59  	 68.56  	 69.03  	 70.53  	 72.03  	 75.78  	 42.95
2002	   1	  30	  15	 55.70  	 76.73  	 81.48  	 71.73  	 68.20  	 67.23  	 66.01  	 66.01  	 67.47  	 77.46  	 40.07
2002	   2	  28	  15	 37.82  	 80.88  	 90.28  	 75.95  	 69.54  	 68.61  	 69.07  	 68.42  	 69.17  	 76.05  	 41.79
2002	   3	  13	  15	 57.73  	 83.19  	 91.22  	 75.90  	 69.36  	 70.02  	 68.99  	 69.55  	 70.67  	 77.40  	 42.11
2002	   3	  26	  15	 44.71  	 79.84  	 90.11  	 76.70  	 68.56  	 68.01  	 69.21  	 67.82  	 69.58  	 75.78  	 42.14
2002	   4	  12	  15	 54.79  	 83.97  	 84.85  	 72.84  	 67.21  	 67.33  	 68.96  	 69.21  	 69.96  	 79.22  	 41.49
2002	   4	  30	  15	 43.54  	 84.79  	 93.61  	 78.07  	 71.05  	 70.20  	 69.16  	 70.67  	 70.77  	 80.34  	 43.82
2002	   5	  15	  15	 55.54  	 82.16  	 83.65  	 71.78  	 68.19  	 67.20  	 67.45  	 67.57  	 69.05  	 78.33  	 41.27
2002	   5	  30	  15	 35.37  	 77.31  	 81.41  	 72.46  	 67.49  	 67.12  	 66.50  	 69.36  	 69.85  	 79.55  	 40.83
2002	   6	  14	  15	 31.86  	 53.69  	 73.57  	 72.43  	 71.30  	 67.98  	 70.63  	 70.73  	 69.40  	 79.44  	 43.08
2002	   6	  26	  15	 23.22  	 44.75  	 53.63  	 64.88  	 65.88  	 67.38  	 68.75  	 68.75  	 71.00  	 79.50  	 40.87
2002	   7	  12	  15	 19.28  	 45.85  	 54.82  	 52.15  	 54.34  	 67.90  	 71.72  	 71.24  	 71.05  	 78.60  	 42.88
2002	   7	  31	  15	 26.28  	 65.33  	 62.69  	 52.53  	 49.77  	 56.67  	 64.95  	 68.47  	 69.60  	 80.51  	 40.63
2002	   8	  15	  15	 19.03  	 48.76  	 57.36  	 51.34  	 50.19  	 52.39  	 62.04  	 68.92  	 72.08  	 80.77  	 43.49
2002	   8	  29	  15	 17.97  	 67.17  	 68.17  	 54.27  	 50.76  	 53.89  	 59.65  	 67.67  	 69.67  	 77.94  	 40.97
2002	   9	  12	  15	 17.30  	 53.23  	 57.50  	 50.47  	 49.71  	 52.22  	 55.11  	 62.15  	 68.30  	 80.11  	 40.49
2002	   9	  27	  15	 22.76  	 50.34  	 53.23  	 50.97  	 50.34  	 50.72  	 52.47  	 57.88  	 63.78  	 77.34  	 41.12
2002	  10	  31	  15	 30.80  	 49.24  	 50.37  	 48.49  	 48.87  	 50.37  	 53.48  	 55.48  	 63.71  	 71.20  	 36.85
2002	  11	  27	  15	 32.81  	 57.39  	 52.48  	 49.65  	 48.62  	 50.88  	 52.76  	 55.88  	 60.78  	 70.40  	 38.50
2002	  12	  30	  15	 40.35  	 70.09  	 67.03  	 51.36  	 49.16  	 50.14  	 49.77  	 55.52  	 61.28  	 75.23  	 39.39
2003	   1	  30	  15	 30.50  	 63.81  	 73.29  	 68.32  	 61.84  	 59.96  	 57.61  	 58.55  	 62.03  	 67.38  	 38.05
2003	   2	  27	  15	 37.86  	 68.65  	 70.51  	 66.17  	 62.07  	 60.83  	 59.71  	 59.96  	 62.57  	 70.39  	 40.60
2003	   3	  14	  15	 38.81  	 74.32  	 74.22  	 66.78  	 63.02  	 61.04  	 62.26  	 61.89  	 67.72  	 76.10  	 42.48
2003	   3	  28	  15	 45.01  	 75.17  	 65.96  	 62.35  	 66.58  	 62.48  	 62.98  	 67.08  	 68.95  	 77.16  	 40.75
2003	   4	  15	  15	 24.62  	 69.12  	 81.86  	 72.57  	 68.74  	 68.93  	 69.50  	 68.35  	 69.98  	 78.31  	 44.04
2003	   4	  30	  15	 34.60  	 67.51  	 74.42  	 68.64  	 66.00  	 66.25  	 67.76  	 66.12  	 69.39  	 79.70  	 42.24
2003	   5	  14	  15	 39.69  	 79.15  	 81.53  	 72.16  	 69.04  	 67.29  	 67.04  	 67.92  	 67.29  	 80.90  	 42.14
2003	   5	  29	  15	 34.02  	 70.98  	 73.99  	 71.85  	 68.22  	 68.72  	 67.09  	 66.33  	 70.35  	 79.76  	 42.64
2003	   6	  12	  15	 33.09  	 57.78  	 72.95  	 73.33  	 69.34  	 68.02  	 69.72  	 67.64  	 70.58  	 77.21  	 43.63
2003	   6	  26	  15	 25.22  	 52.45  	 54.82  	 61.08  	 65.58  	 66.46  	 67.21  	 66.46  	 67.96  	 81.10  	 41.55
2003	   7	  15	  15	 52.76  	 82.75  	 89.78  	 74.01  	 68.31  	 69.92  	 70.21  	 67.36  	 70.30  	 78.00  	 44.75
2003	   7	  31	  15	 29.67  	 64.01  	 82.03  	 75.32  	 67.84  	 69.47  	 70.24  	 69.19  	 69.76  	 78.67  	 44.47
2003	   8	  14	  15	 31.71  	 61.72  	 82.06  	 76.45  	 69.51  	 69.51  	 70.65  	 69.70  	 70.37  	 77.59  	 44.45
2003	   8	  27	  15	 19.85  	 52.04  	 60.59  	 63.73  	 65.50  	 68.64  	 67.51  	 68.51  	 70.27  	 82.47  	 41.05
2003	   9	  16	  15	 31.62  	 55.70  	 72.38  	 67.23  	 68.57  	 67.80  	 70.00  	 68.09  	 69.71  	 79.33  	 43.86
2003	   9	  30	  15	 27.65  	 63.29  	 66.54  	 62.67  	 64.42  	 67.17  	 67.54  	 65.29  	 68.91  	 81.28  	 41.70
2003	  10	  30	  15	 33.14  	 68.31  	 72.69  	 62.88  	 63.93  	 66.60  	 69.64  	 68.79  	 70.02  	 77.74  	 44.10
2003	  11	  24	  15	 43.54  	 81.50  	 90.12  	 74.68  	 68.62  	 69.56  	 70.42  	 68.43  	 68.81  	 77.24  	 43.50
2003	  12	  30	  15	 40.38  	 80.86  	 91.74  	 76.69  	 70.07  	 70.07  	 70.82  	 69.03  	 69.31  	 77.16  	 42.04
2004	   1	  29	  15	 38.77  	 70.04  	 77.00  	 70.04  	 67.47  	 67.11  	 66.50  	 66.62  	 65.89  	 77.49  	 40.58
2004	   2	  26	  15	 45.00  	 81.98  	 89.71  	 77.26  	 70.75  	 69.33  	 70.56  	 68.48  	 70.18  	 76.50  	 43.30
2004	   3	  12	  15	 42.95  	 81.39  	 89.70  	 77.24  	 69.59  	 68.36  	 70.34  	 69.11  	 69.77  	 76.86  	 43.20
2004	   3	  31	  15	 41.28  	 82.41  	 83.65  	 72.02  	 68.31  	 67.82  	 66.83  	 66.58  	 66.95  	 79.94  	 42.26
2004	   4	  15	  15	 30.11  	 77.22  	 81.35  	 72.71  	 67.96  	 68.59  	 68.21  	 68.84  	 68.84  	 80.60  	 41.86
2004	   4	  29	  15	 35.42  	 75.90  	 87.94  	 79.63  	 71.69  	 72.36  	 71.50  	 68.64  	 70.07  	 79.15  	 44.59
2004	   5	  12	  15	 38.70  	 83.00  	 86.75  	 73.75  	 71.25  	 68.88  	 67.25  	 66.63  	 69.75  	 81.00  	 42.25
2004	   5	  27	  15	 41.79  	 79.69  	 92.09  	 78.07  	 71.21  	 70.06  	 71.40  	 69.68  	 68.82  	 78.07  	 43.76
2004	   6	  15	  15	 45.14  	 86.51  	 84.50  	 70.81  	 69.05  	 69.81  	 68.80  	 66.29  	 69.93  	 81.74  	 41.12
2004	   6	  30	  15	 23.94  	 60.69  	 76.37  	 70.35  	 68.84  	 70.60  	 69.22  	 67.09  	 70.22  	 81.64  	 41.20
