# Station Name: Dixon Springs-Bare
# Station Code: DXB
# Station Latitude: 37.450000
# Station Longitude: 88.670000
# Station Altitude: 165.000000
Year	  MO	  DY	 Sta	 0-10cm 	 10-30  	 30-50  	 50-70  	 70-90  	 90-110 	 110-130	 130-150	 150-170	 170-190	 190-200
1981	   4	  29	   2	 38.84  	 51.50  	 64.50  	 71.76  	 68.30  	 65.51  	 59.46  	 63.16  	 57.92  	 61.10  	 31.32
1981	   6	   3	   2	 30.49  	 63.36  	 76.80  	 74.81  	 68.47  	 66.79  	 64.24  	 61.68  	 60.10  	 64.38  	 31.21
1981	   6	  30	   2	 29.34  	 45.57  	 58.11  	 63.74  	 61.89  	 57.53  	 55.16  	 54.35  	 52.18  	 55.20  	 28.04
1981	   7	   8	   2	 39.70  	 64.51  	 75.53  	 74.06  	 68.52  	 66.11  	 63.10  	 62.53  	 61.04  	 61.68  	 32.06
1981	   7	  13	   2	 37.38  	 60.62  	 69.82  	 71.53  	 66.18  	 64.42  	 62.54  	 60.03  	 59.32  	 60.00  	 29.90
1981	   7	  28	   2	 35.14  	 64.62  	 75.65  	 73.86  	 67.13  	 63.87  	 62.66  	 60.48  	 61.80  	 60.19  	 30.63
1981	   8	  12	   2	 40.34  	 55.89  	 68.13  	 69.87  	 68.23  	 64.84  	 63.16  	 64.70  	 62.01  	 61.39  	 31.76
1981	   8	  26	   2	 22.73  	 48.78  	 64.89  	 68.94  	 68.78  	 62.18  	 60.97  	 59.38  	 58.03  	 60.97  	 30.47
1981	   9	  16	   2	 29.76  	 47.90  	 64.03  	 69.58  	 65.83  	 64.36  	 61.30  	 64.81  	 62.53  	 63.27  	 32.53
1981	   9	  28	   2	 15.85  	 42.55  	 62.94  	 68.31  	 67.43  	 65.03  	 61.60  	 61.36  	 61.59  	 62.36  	 31.80
1981	  10	  14	   2	 14.16  	 42.27  	 64.04  	 70.17  	 68.85  	 65.65  	 63.15  	 63.95  	 63.99  	 62.88  	 33.39
1981	  10	  27	   2	 25.07  	 51.83  	 63.56  	 66.20  	 65.05  	 63.67  	 60.91  	 61.55  	 60.63  	 62.50  	 32.45
1981	  11	  12	   2	 24.44  	 47.28  	 62.71  	 65.74  	 65.73  	 64.51  	 60.91  	 61.43  	 58.67  	 63.72  	 31.75
1981	  11	  30	   2	 45.39  	 51.25  	 62.01  	 83.33  	 87.96  	 66.43  	 65.73  	 59.04  	 60.86  	 65.13  	 31.64
1981	  12	  29	   2	 45.97  	 64.53  	 72.92  	 71.83  	 65.82  	 64.12  	 60.91  	 63.65  	 59.17  	 63.48  	 31.53
1982	   1	  26	   2	 38.40  	 63.89  	 71.22  	 67.53  	 64.33  	 61.60  	 56.31  	 58.27  	 56.88  	 58.82  	 30.26
1982	   2	  24	   2	 37.68  	 67.04  	 75.00  	 74.17  	 69.51  	 66.76  	 64.56  	 62.94  	 59.54  	 63.51  	 33.25
1982	   3	  15	   2	 43.21  	 70.02  	 74.52  	 72.80  	 69.10  	 64.86  	 62.46  	 62.64  	 62.07  	 65.72  	 31.61
1982	   3	  30	   2	 38.37  	 66.18  	 76.18  	 75.23  	 69.20  	 69.44  	 64.53  	 63.24  	 61.47  	 65.39  	 32.14
1982	   4	  16	   2	 39.82  	 67.12  	 75.35  	 74.36  	 69.06  	 67.71  	 63.01  	 63.85  	 62.06  	 64.34  	 32.73
1982	   4	  27	   2	 36.45  	 56.19  	 68.46  	 67.56  	 64.41  	 63.75  	 60.17  	 60.53  	 57.52  	 61.29  	 30.87
1982	   5	  13	   2	 34.70  	 57.67  	 73.05  	 73.73  	 70.46  	 67.62  	 62.63  	 64.65  	 62.25  	 64.45  	 32.33
1982	   5	  26	   2	 20.61  	 49.49  	 67.93  	 69.50  	 66.44  	 65.02  	 60.98  	 63.96  	 58.42  	 63.79  	 31.69
1982	   6	  14	   2	 25.23  	 50.83  	 70.62  	 72.70  	 69.37  	 68.58  	 61.95  	 62.79  	 60.80  	 65.88  	 32.24
1982	   6	  29	   2	 25.17  	 47.45  	 69.59  	 71.90  	 70.52  	 66.74  	 64.27  	 63.76  	 62.67  	 64.49  	 32.68
1982	   7	  13	   2	 27.69  	 51.96  	 66.57  	 70.53  	 68.70  	 65.90  	 61.21  	 61.48  	 60.52  	 63.52  	 31.40
1982	   7	  30	   2	 18.32  	 41.86  	 66.76  	 65.74  	 68.03  	 64.55  	 62.28  	 61.26  	 60.32  	 62.34  	 32.44
1982	   8	  10	   2	 17.70  	 34.31  	 66.64  	 69.53  	 68.58  	 66.53  	 63.84  	 63.98  	 63.09  	 65.68  	 33.77
1982	   8	  31	   2	 27.32  	 43.22  	 65.46  	 68.34  	 68.12  	 66.81  	 63.62  	 61.61  	 60.20  	 62.37  	 31.90
1982	   9	  14	   2	 33.45  	 49.96  	 72.69  	 73.75  	 70.82  	 70.13  	 65.24  	 64.49  	 64.10  	 65.60  	 34.30
1982	   9	  28	   2	 23.73  	 40.76  	 69.51  	 70.31  	 69.46  	 69.82  	 63.83  	 62.49  	 62.24  	 63.98  	 33.01
1982	  10	  26	   2	 28.54  	 37.11  	 61.36  	 63.76  	 64.04  	 61.70  	 57.69  	 57.83  	 55.39  	 60.32  	 30.44
1982	  11	  30	   2	 37.90  	 65.50  	 76.94  	 74.20  	 69.16  	 68.60  	 64.49  	 63.52  	 63.18  	 65.65  	 33.48
1982	  12	  14	   2	 42.28  	 60.63  	 73.32  	 72.14  	 66.81  	 67.55  	 61.15  	 60.88  	 58.36  	 63.03  	 31.50
1982	  12	  28	   2	 39.72  	 68.46  	 77.92  	 74.08  	 70.86  	 70.17  	 64.77  	 64.61  	 63.23  	 66.34  	 33.50
1983	   1	  26	   2	 46.34  	 68.89  	 79.09  	 74.70  	 69.81  	 69.79  	 63.50  	 63.86  	 63.99  	 64.89  	 32.38
1983	   2	  23	   2	 35.65  	 61.54  	 77.28  	 74.62  	 70.85  	 73.26  	 65.42  	 65.47  	 64.37  	 67.65  	 33.61
1983	   3	  16	   2	 35.77  	 59.08  	 75.14  	 74.28  	 70.53  	 70.68  	 64.55  	 64.06  	 61.89  	 65.91  	 32.52
1983	   3	  29	   2	 40.83  	 62.84  	 74.93  	 74.13  	 71.18  	 68.08  	 64.82  	 63.22  	 62.44  	 66.08  	 33.09
1983	   4	  13	   2	 40.05  	 67.57  	 78.27  	 78.14  	 70.56  	 70.87  	 65.48  	 64.20  	 63.89  	 66.68  	 33.78
1983	   4	  27	   2	 36.42  	 57.86  	 77.09  	 77.93  	 74.58  	 72.42  	 66.81  	 65.43  	 64.98  	 67.66  	 34.24
1983	   5	  17	   2	 36.45  	 58.90  	 71.82  	 69.87  	 65.06  	 65.15  	 60.77  	 59.91  	 58.41  	 60.13  	 30.27
1983	   6	   1	   2	 34.01  	 50.70  	 72.01  	 74.50  	 71.39  	 69.21  	 63.90  	 64.89  	 63.76  	 65.33  	 32.78
1983	   6	  14	   2	 22.59  	 38.38  	 69.11  	 69.11  	 67.77  	 68.94  	 64.18  	 64.20  	 62.32  	 66.36  	 32.53
1983	   6	  28	   2	 34.16  	 55.52  	 68.77  	 72.30  	 71.12  	 69.72  	 62.89  	 64.53  	 62.71  	 64.25  	 32.33
1983	   7	  12	   2	 29.43  	 45.41  	 70.16  	 73.43  	 69.02  	 71.41  	 63.31  	 64.19  	 61.13  	 66.15  	 34.09
1983	   7	  27	   2	 21.31  	 33.84  	 67.63  	 71.24  	 70.16  	 68.40  	 62.41  	 63.25  	 61.57  	 64.45  	 33.09
1983	   8	  16	   2	  7.82  	 37.73  	 63.60  	 67.68  	 67.93  	 67.91  	 62.78  	 63.25  	 59.68  	 62.41  	 31.96
1983	   8	  30	   2	 18.70  	 35.70  	 61.06  	 67.38  	 65.29  	 68.93  	 60.74  	 62.29  	 59.81  	 60.95  	 31.96
1983	   9	  13	   2	 17.31  	 37.10  	 61.77  	 64.71  	 66.97  	 68.00  	 61.93  	 61.28  	 61.42  	 62.14  	 31.76
1983	   9	  28	   2	 14.52  	 36.25  	 61.26  	 64.69  	 67.47  	 68.75  	 62.58  	 60.93  	 59.26  	 62.08  	 31.72
1983	  10	  26	   2	 30.31  	 55.67  	 67.51  	 69.32  	 68.77  	 69.32  	 63.60  	 63.08  	 59.80  	 63.93  	 31.80
1983	  11	  30	   2	 33.65  	 64.45  	 74.51  	 73.48  	 71.23  	 69.68  	 63.65  	 62.29  	 60.31  	 63.39  	 32.87
1983	  12	  30	   2	 51.84  	 61.73  	 60.61  	 70.36  	 70.08  	 69.01  	 62.23  	 61.12  	 59.74  	 60.63  	 30.97
1984	   1	  31	   2	 39.26  	 73.98  	 67.54  	 72.18  	 67.36  	 68.11  	 61.61  	 60.04  	 59.58  	 61.44  	 30.56
1984	   2	  14	   2	 54.39  	 67.14  	 71.40  	 76.02  	 71.11  	 67.93  	 63.37  	 60.50  	 60.52  	 63.64  	 31.82
1984	   3	   8	   2	 48.89  	 72.75  	 84.51  	 86.38  	 79.39  	 79.16  	 71.70  	 72.28  	 70.42  	 71.70  	 36.38
1984	   3	  20	   2	 43.04  	 81.73  	 84.04  	 84.74  	 78.04  	 77.35  	 71.80  	 72.15  	 69.49  	 70.19  	 36.42
1984	   4	   4	   2	 42.93  	 81.95  	 86.03  	 84.40  	 79.39  	 77.29  	 72.63  	 69.96  	 69.49  	 71.70  	 36.03
1984	   4	  23	   2	 40.00  	 80.87  	 84.92  	 83.53  	 78.90  	 77.05  	 72.19  	 70.34  	 68.95  	 73.12  	 36.56
1984	   5	   2	   2	 38.97  	 79.59  	 82.96  	 84.01  	 79.36  	 77.27  	 72.16  	 70.54  	 69.72  	 72.16  	 36.43
1984	   5	  22	   2	 33.79  	 67.43  	 76.65  	 79.68  	 78.05  	 78.16  	 72.09  	 71.63  	 70.11  	 72.09  	 36.57
1984	   6	   5	   2	 23.98  	 59.76  	 75.23  	 77.67  	 76.86  	 76.04  	 71.97  	 71.27  	 69.18  	 70.81  	 36.45
1984	   6	  15	   2	 18.77  	 61.10  	 74.45  	 79.70  	 79.22  	 79.70  	 73.97  	 73.26  	 70.40  	 72.54  	 37.34
1984	   6	  28	   2	 22.38  	 68.49  	 79.65  	 82.06  	 83.57  	 78.04  	 76.34  	 75.01  	 74.83  	 76.34  	 39.69
1984	   7	  17	   2	999.99  	 58.33  	 77.00  	 80.20  	 81.36  	 79.58  	 75.67  	 74.60  	 73.98  	 39.92  	 21.16
1984	   7	  31	   2	 15.09  	 55.92  	 74.65  	 78.74  	 80.69  	 79.27  	 75.45  	 74.30  	 72.88  	 74.74  	 39.15
1984	   8	  14	   2	 19.70  	 55.54  	 75.68  	 79.16  	 80.94  	 79.78  	 76.13  	 74.43  	 73.45  	 74.97  	 39.04
1984	   8	  28	   2	 12.88  	 56.44  	 76.08  	 79.40  	 80.65  	 80.11  	 75.45  	 76.08  	 73.84  	 75.99  	 38.53
1984	   9	  11	   2	 32.49  	 63.31  	 74.34  	 77.76  	 79.43  	 78.85  	 74.42  	 74.75  	 71.33  	 74.25  	 37.71
1984	   9	  28	   2	 31.96  	 67.53  	 78.32  	 76.82  	 78.73  	 77.82  	 73.42  	 72.01  	 71.27  	 73.59  	 38.45
1984	  11	   1	   2	 58.57  	 83.59  	 87.41  	 84.17  	 80.85  	 79.10  	 74.70  	 73.62  	 71.54  	 75.12  	 38.47
1985	   1	   3	   2	999.99  	 78.13  	 85.92  	 84.45  	 81.74  	 80.35  	 74.12  	 74.61  	 71.90  	 74.36  	 37.84
1985	   3	  21	   2	 37.52  	 73.08  	 81.47  	 82.12  	 80.10  	 77.20  	 71.79  	 72.76  	 69.13  	 72.60  	 36.90
1985	   3	  28	   2	 43.18  	 75.07  	 83.27  	 84.76  	 80.87  	 78.63  	 73.83  	 75.15  	 73.00  	 74.82  	 37.49
1985	   4	  17	   2	 39.12  	 77.22  	 87.24  	 86.33  	 80.62  	 79.54  	 74.91  	 73.17  	 72.50  	 73.42  	 38.45
1985	   4	  26	   2	 36.43  	 76.28  	 84.79  	 85.96  	 82.04  	 78.78  	 75.36  	 75.20  	 74.11  	 75.28  	 39.31
1985	   5	  13	   2	 37.15  	 71.40  	 81.01  	 82.67  	 82.75  	 79.60  	 75.96  	 73.72  	 72.89  	 74.38  	 38.19
1985	   5	  30	   2	 36.48  	 70.69  	 80.91  	 81.66  	 81.74  	 79.16  	 74.01  	 74.43  	 73.10  	 73.93  	 37.67
1985	   6	  14	   2	 36.46  	 75.69  	 86.96  	 86.38  	 81.49  	 80.24  	 74.77  	 73.03  	 72.12  	 75.35  	 37.93
1985	   6	  28	   2	 40.03  	 79.48  	 86.73  	 86.23  	 81.71  	 80.64  	 75.04  	 72.90  	 71.50  	 74.88  	 38.47
1985	   7	  16	   2	 29.31  	 62.35  	 77.66  	 80.80  	 81.38  	 78.49  	 74.85  	 72.86  	 71.45  	 74.18  	 38.79
1985	   7	  29	   2	 24.30  	 59.62  	 76.63  	 80.12  	 81.53  	 79.37  	 75.06  	 74.81  	 71.24  	 74.64  	 38.57
1985	   8	  15	   2	 39.24  	 73.70  	 83.56  	 85.38  	 81.41  	 79.00  	 74.44  	 73.70  	 71.29  	 74.86  	 37.80
1985	   8	  30	   2	 31.56  	 72.66  	 82.72  	 83.88  	 82.14  	 79.06  	 74.82  	 73.40  	 73.15  	 75.23  	 38.24
1985	   9	  12	   2	 32.20  	 70.50  	 80.77  	 82.35  	 82.19  	 79.10  	 73.92  	 74.50  	 72.42  	 74.59  	 37.96
1985	   9	  27	   2	 28.41  	 64.39  	 76.96  	 79.79  	 80.54  	 78.96  	 74.88  	 74.63  	 72.88  	 74.54  	 38.23
1985	  10	  17	   2	 32.49  	 68.88  	 80.04  	 82.28  	 81.78  	 79.70  	 75.54  	 74.38  	 72.71  	 75.21  	 38.35
1985	  11	   4	   2	 37.06  	 78.02  	 86.51  	 83.13  	 81.07  	 79.09  	 73.40  	 75.46  	 71.34  	 73.48  	 38.14
1985	  11	  22	   2	 38.41  	 78.61  	 88.38  	 83.99  	 81.92  	 79.19  	 74.55  	 75.71  	 71.73  	 74.30  	 37.77
1985	  12	  30	   2	 39.03 -	999.99 -	999.99 -	999.99 -	999.99 -	999.99 -	999.99 -	999.99 -	999.99 -	999.99 -	999.99
1986	   1	  28	   2	 38.56  	 64.88  	 78.57  	 82.73  	 80.45  	 78.25  	 73.60  	 72.87  	 71.89  	 73.28  	 38.02
1986	   2	  25	   2	 36.97  	 74.89  	 85.07  	 83.59  	 81.70  	 79.49  	 73.66  	 72.26  	 72.67  	 73.99  	 38.06
1986	   3	  14	   2	 47.11  	 77.20  	 85.04  	 84.22  	 79.65  	 78.75  	 72.55  	 73.45  	 71.00  	 74.84  	 37.66
1986	   3	  31	   2	 33.01  	 66.69  	 79.48  	 81.38  	 81.54  	 78.74  	 74.45  	 74.53  	 72.22  	 74.28  	 37.88
1986	   5	   2	   2	 30.26  	 60.36  	 76.00  	 80.78  	 80.12  	 79.46  	 74.77  	 74.03  	 71.72  	 75.18  	 37.80
1986	   5	  16	   2	 47.40  	 77.65  	 85.31  	 81.85  	 80.37  	 78.72  	 73.95  	 73.29  	 70.82  	 74.11  	 37.92
1986	   5	  30	   2	 43.25  	 78.11  	 86.81  	 83.74  	 80.27  	 78.69  	 74.14  	 74.14  	 72.48  	 73.89  	 38.43
1986	   6	  18	   2	 35.80  	 67.43  	 80.10  	 82.09  	 81.01  	 78.77  	 73.56  	 72.40  	 71.90  	 73.31  	 38.52
1986	   7	   7	   2	 14.17 -	999.99 -	999.99 -	999.99 -	999.99 -	999.99 -	999.99 -	999.99 -	999.99 -	999.99 -	999.99
1986	   7	  14	   2	 27.15 -	999.99 -	999.99 -	999.99 -	999.99 -	999.99 -	999.99 -	999.99 -	999.99 -	999.99 -	999.99
1986	   7	  31	   2	 11.27 -	999.99 -	999.99 -	999.99 -	999.99 -	999.99 -	999.99 -	999.99 -	999.99 -	999.99 -	999.99
1986	   8	  15	   2	 21.34  	 63.12  	 76.87  	 78.65  	 80.78  	 79.84  	 75.26  	 91.81  	 72.97  	 74.84  	 38.27
1986	   8	  29	   2	 15.43  	 58.15  	 74.96  	 76.79  	 79.20  	 78.79  	 73.71  	 72.30  	 72.63  	 72.88  	 36.94
1986	   9	  17	   2	 11.22  	 56.29  	 72.89  	 77.06  	 79.89  	 77.56  	 72.64  	 72.97  	 71.47  	 74.80  	 38.28
1986	  10	   1	   2	 35.97  	 64.06  	 73.77  	 75.90  	 78.26  	 77.77  	 71.57  	 70.75  	 71.49  	 72.55  	 36.93
1986	  10	  30	   2	 32.65  	 71.44  	 82.17  	 82.58  	 79.38  	 77.83  	 72.34  	 71.85  	 71.60  	 73.57  	 38.30
1986	  11	  26	   2	 54.21  	 78.22  	 85.18  	 83.71  	 79.69  	 78.63  	 72.07  	 73.22  	 71.25  	 72.72  	 37.02
1986	  12	  30	   2	 41.16  	 74.92  	 85.45  	 85.12  	 81.04  	 77.04  	 72.63  	 73.04  	 71.98  	 74.43  	 37.50
1987	   1	  30	   2	 41.02  	 72.91  	 79.86  	 83.45  	 79.94  	 79.53  	 73.07  	 73.97  	 72.66  	 72.09  	 37.72
1987	   2	  27	   2	 49.88  	 78.31  	 85.73  	 84.10  	 80.92  	 77.74  	 72.44  	 73.09  	 70.64  	 73.90  	 37.60
1987	   3	  18	   2	 44.24  	 77.45  	 85.67  	 85.84  	 80.74  	 77.45  	 72.19  	 73.25  	 71.94  	 73.75  	 38.31
1987	   3	  31	   2	 43.88  	 75.76  	 84.08  	 84.00  	 81.06  	 78.94  	 72.57  	 72.98  	 71.19  	 74.37  	 37.27
1987	   4	  16	   2	 41.73  	 77.36  	 87.25  	 84.37  	 81.81  	 78.84  	 73.98  	 74.06  	 72.16  	 73.81  	 37.44
1987	   4	  29	   2	 33.55  	 63.74  	 78.37  	 81.67  	 82.50  	 77.54  	 73.08  	 72.66  	 72.50  	 74.07  	 38.52
1987	   5	  15	   2	 28.24  	 62.76  	 76.29  	 79.09  	 79.42  	 78.35  	 75.54  	 73.15  	 71.75  	 73.48  	 37.85
1987	   5	  29	   2	 18.21  	 61.98  	 73.80  	 78.62  	 81.37  	 80.20  	 74.04  	 74.13  	 72.71  	 73.88  	 38.06
1987	   6	  17	   2	 30.41  	 61.83  	 74.53  	 77.69  	 79.44  	 78.77  	 74.87  	 74.20  	 73.62  	 74.37  	 37.60
1987	   7	   1	   2	 32.43  	 65.11  	 74.73  	 79.83  	 78.02  	 78.02  	 73.83  	 74.08  	 71.86  	 72.60  	 38.19
1987	   7	  16	   2	 30.91  	 65.12  	 79.24  	 81.67  	 81.58  	 79.41  	 75.15  	 75.57  	 73.39  	 75.32  	 37.82
1987	   8	   4	   2	 33.58  	 62.22  	 74.92  	 79.81  	 80.22  	 78.81  	 73.17  	 73.01  	 72.43  	 74.33  	 38.04
1987	   8	  17	   2	 17.28  	 56.23  	 74.96  	 78.30  	 80.81  	 79.22  	 74.20  	 75.63  	 74.71  	 73.70  	 38.86
1987	   8	  28	   2	 23.29  	 56.36  	 72.44  	 79.10  	 80.85  	 78.43  	 74.35  	 72.85  	 73.02  	 75.10  	 37.76
1987	   9	  16	   2	 17.28  	 51.74  	 70.51  	 74.36  	 77.97  	 76.58  	 73.13  	 72.31  	 70.84  	 73.30  	 37.80
1987	   9	  30	   2	 23.04  	 54.22  	 70.46  	 76.60  	 78.34  	 78.42  	 73.78  	 72.45  	 71.96  	 74.94  	 38.01
1987	  10	  29	   2	 20.87  	 55.66  	 69.72  	 74.65  	 78.27  	 77.28  	 71.03  	 71.94  	 70.05  	 73.99  	 38.93
1987	  12	   2	   2	 31.50  	 69.55  	 78.44  	 80.82  	 78.76  	 76.79  	 70.79  	 71.20  	 70.70  	 72.43  	 37.45
1988	   1	   6	   2	 34.38 -	999.99 -	999.99 -	999.99 -	999.99 -	999.99 -	999.99 -	999.99 -	999.99 -	999.99 -	999.99
1988	   1	  27	   2	 37.26  	 67.71  	 78.80  	 81.69  	 77.75  	 77.35  	 70.20  	 71.25  	 69.72  	 70.60  	 36.79
1988	   3	   2	   2	 42.02  	 71.02  	 81.64  	 81.56  	 77.10  	 76.05  	 70.77  	 72.72  	 70.85  	 72.31  	 36.60
1988	   3	  18	   2	 43.31  	 75.87  	 85.92  	 84.13  	 78.98  	 75.79  	 72.12  	 71.22  	 70.73  	 74.08  	 38.26
1988	   3	  31	   2	 52.55  	 78.74  	 85.82  	 83.27  	 79.32  	 76.85  	 72.74  	 73.72  	 71.01  	 74.63  	 38.05
1988	   4	  15	   2	 37.47  	 68.65  	 79.30  	 81.35  	 79.22  	 77.17  	 72.34  	 72.09  	 70.62  	 73.98  	 37.32
1988	   4	  29	   2	 40.90  	 61.21  	 76.37  	 79.85  	 80.43  	 78.86  	 73.72  	 72.56  	 71.73  	 73.47  	 38.68
1988	   5	  13	   2	 29.15  	 60.82  	 75.78  	 79.17  	 79.50  	 78.92  	 73.13  	 72.06  	 71.48  	 74.37  	 38.01
1988	   5	  27	   2	 21.57  	 59.53  	 74.15  	 78.28  	 79.19  	 78.86  	 74.15  	 73.08  	 71.76  	 74.15  	 38.27
1988	   6	  16	   2	  8.25  	 57.17  	 73.28  	 78.62  	 79.37  	 78.45  	 73.19  	 74.53  	 72.69  	 74.70  	 38.47
1988	   7	   8	   2	  8.44  	 54.39  	 72.40  	 74.89  	 79.71  	 77.46  	 74.06  	 73.73  	 71.41  	 73.98  	 37.99
1988	   7	  15	   2	 22.92  	 57.61  	 73.02  	 76.68  	 78.27  	 77.85  	 72.60  	 74.19  	 71.60  	 74.85  	 38.05
1988	   7	  29	   2	 17.37  	 55.95  	 72.02  	 77.27  	 78.43  	 78.27  	 74.10  	 74.02  	 71.02  	 73.85  	 38.22
1988	   8	  17	   2	 13.25  	 53.85  	 71.67  	 75.18  	 77.78  	 78.78  	 72.00  	 72.51  	 71.92  	 75.77  	 38.68
1988	   9	   1	   2	 17.43  	 54.75  	 70.74  	 74.80  	 76.95  	 77.45  	 71.48  	 71.90  	 69.91  	 74.47  	 37.85
1988	   9	  15	   2	 22.96  	 58.16  	 71.93  	 74.17  	 77.82  	 77.90  	 72.68  	 72.51  	 69.86  	 73.17  	 37.79
1988	   9	  29	   2	 26.79  	 61.11  	 71.29  	 74.76  	 77.16  	 77.99  	 71.70  	 71.29  	 70.79  	 72.70  	 37.55
1988	  10	  27	   2	 29.81  	 64.53  	 73.95  	 75.02  	 76.66  	 76.33  	 71.82  	 70.02  	 68.95  	 70.43  	 37.59
1988	  11	  28	   2	 36.13  	 77.02  	 85.76  	 83.55  	 79.55  	 77.34  	 71.79  	 71.95  	 70.15  	 72.85  	 37.32
1989	   1	   5	   2	 48.12  	 75.88  	 82.67  	 81.78  	 77.98  	 76.45  	 71.20  	 70.55  	 68.45  	 72.49  	 36.61
1989	   2	   1	   2	 38.38  	 77.48  	 87.72  	 84.41  	 80.04  	 77.81  	 73.68  	 73.52  	 71.95  	 73.35  	 38.20
1989	   3	   1	   2	 44.24  	 73.01  	 83.68  	 83.11  	 78.34  	 74.87  	 70.34  	 70.74  	 68.88  	 71.79  	 37.60
1989	   3	  17	   2	 37.39  	 72.84  	 82.11  	 83.51  	 78.75  	 77.93  	 72.02  	 72.67  	 71.28  	 73.08  	 38.06
1989	   3	  31	   2	 53.11  	 77.49  	 85.74  	 83.70  	 79.94  	 77.08  	 72.25  	 72.58  	 70.37  	 73.81  	 37.35
1989	   4	  14	   2	 36.30  	 71.57  	 81.72  	 82.70  	 79.51  	 77.87  	 72.06  	 73.13  	 70.02  	 72.96  	 37.95
1989	   4	  28	   2	 29.35  	 62.31  	 77.49  	 80.06  	 79.56  	 78.23  	 72.59  	 73.34  	 71.51  	 74.83  	 38.41
1989	   5	  12	   2	 31.15  	 61.28  	 74.84  	 78.26  	 77.20  	 78.75  	 73.37  	 71.49  	 71.08  	 74.10  	 38.32
1989	   6	   1	   2	 18.02  	 57.92  	 73.29  	 78.02  	 79.35  	 78.85  	 73.79  	 73.95  	 71.88  	 74.78  	 38.72
1989	   6	  15	   2	 32.71  	 67.79  	 74.89  	 77.03  	 78.35  	 77.03  	 73.32  	 72.99  	 70.68  	 74.80  	 38.14
1989	   6	  30	   2	 32.51  	 66.95  	 75.51  	 78.17  	 78.50  	 78.75  	 74.76  	 72.93  	 71.27  	 75.67  	 38.21
1989	   7	  14	   2	999.99  	 67.59  	 77.55  	 80.54  	 79.29  	 78.63  	 74.14  	 72.82  	 71.82  	 75.14  	 38.69
1989	   7	  28	   2	 22.42  	 58.85  	 75.48  	 79.91  	 79.66  	 79.16  	 73.81  	 74.40  	 73.06  	 75.90  	 38.49
1989	   8	  16	   2	 43.08  	 57.86  	 72.87  	 78.01  	 79.66  	 78.26  	 73.53  	 74.28  	 72.54  	 75.02  	 38.55
1989	   9	   1	   2	 23.74  	 61.51  	 75.27  	 76.76  	 77.84  	 77.92  	 74.03  	 74.36  	 71.54  	 74.03  	 38.13
1989	   9	  15	   2	 31.64  	 64.32  	 74.27  	 77.39  	 77.39  	 77.64  	 74.43  	 72.95  	 71.96  	 74.02  	 38.32
1989	   9	  29	   2	 17.08  	 57.99  	 73.19  	 76.90  	 77.23  	 78.22  	 73.10  	 73.27  	 71.45  	 73.68  	 37.71
1989	  10	  27	   2	 30.91  	 63.59  	 74.75  	 76.31  	 76.55  	 78.69  	 72.70  	 72.21  	 70.40  	 72.78  	 37.74
1989	  12	   1	   2	 30.21  	 62.03  	 74.50  	 76.21  	 76.86  	 77.27  	 72.79  	 70.91  	 69.69  	 73.20  	 37.33
1990	   1	   4	   2	 42.91  	 76.62  	 80.83  	 81.32  	 78.24  	 76.38  	 69.99  	 70.31  	 70.88  	 72.34  	 37.54
1990	   1	  31	   2	 47.03  	 79.76  	 85.93  	 82.76  	 77.32  	 75.62  	 71.15  	 71.88  	 70.42  	 73.18  	 37.97
1990	   2	  28	   2	 38.34  	 79.03  	 85.25  	 82.26  	 77.18  	 76.53  	 71.68  	 70.47  	 69.83  	 72.90  	 37.26
1990	   3	  13	   2	 38.37  	 74.94  	 82.52  	 82.88  	 80.11  	 79.27  	 74.21  	 74.33  	 72.17  	 73.85  	 37.35
1990	   3	  28	   2	 40.44  	 77.44  	 86.53  	 82.19  	 79.49  	 77.93  	 73.59  	 71.06  	 73.84  	 74.74  	 38.31
1990	   4	  18	   2	 45.53  	 79.31  	 84.74  	 82.80  	 78.91  	 77.61  	 70.96  	 71.04  	 70.56  	 74.69  	 37.87
1990	   5	   2	   2	 47.67  	 78.43  	 85.85  	 81.25  	 77.95  	 77.46  	 72.06  	 71.82  	 69.72  	 72.22  	 37.48
1990	   5	  17	   2	 53.17  	 80.27  	 87.29  	 83.98  	 80.10  	 77.04  	 73.57  	 73.08  	 71.84  	 73.16  	 38.65
1990	   5	  31	   2	 44.64  	 76.72  	 83.31  	 84.63  	 79.85  	 78.62  	 73.10  	 74.00  	 72.77  	 74.09  	 38.94
1990	   6	  15	   2	 38.34  	 71.38  	 78.59  	 80.08  	 81.07  	 78.59  	 74.19  	 72.78  	 72.04  	 74.77  	 39.29
1990	   6	  29	   2	 17.43  	 57.19  	 73.65  	 79.06  	 79.56  	 79.97  	 73.49  	 72.66  	 72.41  	 74.65  	 38.66
1990	   7	  18	   2	 11.42  	 51.46  	 70.58  	 76.84  	 78.26  	 79.35  	 73.59  	 73.59  	 72.67  	 75.09  	 39.51
1990	   8	   1	   2	 20.74  	 56.36  	 71.68  	 76.97  	 78.05  	 78.05  	 73.58  	 74.33  	 71.76  	 73.99  	 38.61
1990	   8	  13	   2	 38.34  	 59.92  	 70.68  	 75.98  	 78.63  	 77.89  	 77.14  	 72.26  	 72.26  	 74.16  	 38.28
1990	   8	  31	   2	 19.17  	 55.90  	 70.72  	 77.37  	 77.79  	 77.46  	 73.13  	 72.80  	 71.88  	 76.21  	 39.19
1990	   9	  14	   2	 26.36  	 56.67  	 71.10  	 75.16  	 77.49  	 78.15  	 72.92  	 72.51  	 71.85  	 73.34  	 38.33
1990	   9	  27	   2	 24.86  	 57.89  	 71.79  	 76.34  	 76.92  	 75.84  	 72.20  	 72.03  	 71.21  	 73.03  	 39.04
1990	  10	  31	   2	 32.65  	 66.86  	 77.82  	 79.79  	 80.70  	 78.06  	 74.11  	 72.30  	 70.73  	 74.60  	 38.78
1990	  11	  30	   2	 38.15  	 76.27  	 84.46  	 83.23  	 80.12  	 76.44  	 73.49  	 72.09  	 70.95  	 72.59  	 38.59
1991	   2	  28	   2	 37.93  	 74.53  	 80.56  	 81.98  	 77.37  	 77.13  	 71.34  	 73.23  	 69.68  	 72.99  	 37.68
1991	   3	  13	   2	 38.54  	 74.08  	 81.10  	 86.21  	 77.89  	 79.19  	 73.72  	 72.53  	 68.49  	 73.37  	 37.58
1991	   3	  27	   2	 39.58  	 76.36  	 86.09  	 80.80  	 80.44  	 78.16  	 73.72  	 72.16  	 72.76  	 74.08  	 37.58
1991	   4	  18	   2	 37.54  	 74.59  	 83.28  	 84.49  	 79.90  	 78.82  	 74.11  	 72.90  	 71.81  	 74.59  	 39.05
1991	   5	   1	   2	 37.19  	 74.91  	 83.91  	 85.50  	 82.58  	 79.53  	 73.69  	 75.03  	 72.11  	 75.64  	 39.10
1991	   5	  16	   2	 40.94  	 74.39  	 82.89  	 84.81  	 80.81  	 79.31  	 74.47  	 76.05  	 73.22  	 75.14  	 39.57
1991	   5	  30	   2	 35.54  	 69.56  	 80.66  	 79.33  	 79.81  	 79.45  	 73.18  	 74.14  	 71.01  	 76.19  	 36.83
1991	   6	  12	   2	 20.10  	 59.65  	 73.90  	 79.99  	 80.72  	 79.87  	 73.90  	 74.51  	 72.56  	 75.97  	 38.72
1991	   6	  27	   2	 19.23  	 57.25  	 74.49  	 77.06  	 80.36  	 79.99  	 73.88  	 77.06  	 72.04  	 73.88  	 38.34
1991	   7	  16	   2	  9.10  	 52.43  	 51.68  	 70.63  	 75.01  	 78.40  	 79.31  	 73.11  	 71.62  	 74.76  	 39.00
1991	   7	  31	   2	  9.26  	 53.00  	 67.42  	 81.06  	 83.96  	 83.44  	 78.25  	 79.57  	 78.77  	 80.53  	 41.81
1991	   8	  14	   2	 17.43  	 44.93  	 61.86  	 74.97  	 69.91  	 78.63  	 74.81  	 71.82  	 71.74  	 73.23  	 39.85
1991	   8	  29	   2	 10.18  	 52.89  	 66.37  	 81.00  	 84.73  	 84.10  	 77.10  	 77.45  	 77.01  	 80.56  	 42.14
1991	   9	  13	   2	 36.05  	 58.71  	 69.91  	 74.81  	 77.88  	 70.08  	 71.74  	 71.24  	 70.16  	 75.14  	 39.15
1991	   9	  30	   2	 22.54  	 53.55  	 66.15  	 74.77  	 77.92  	 77.92  	 71.38  	 71.38  	 71.29  	 74.53  	 39.79
1991	  10	  31	   2	 37.33  	 70.08  	 70.33  	 75.07  	 69.99  	 78.15  	 71.82  	 72.07  	 70.08  	 73.57  	 39.20
1991	  12	   2	   2	 59.12  	 76.90  	 85.43  	 76.74  	 77.07  	 77.23  	 72.48  	 70.67  	 70.51  	 71.90  	 39.44
1991	  12	  31	   2	 47.95  	 69.77  	 78.07  	 81.88  	 79.48  	 70.19  	 69.94  	 71.68  	 70.27  	 71.68 -	999.99
1992	   1	  29	   2	 44.48  	 74.85  	 77.58  	 82.62  	 77.99  	 69.97  	 73.27  	 72.86  	 71.37  	 73.11 -	999.99
1992	   2	  28	   2	 43.44  	 75.40  	 78.39  	 83.30  	 78.64  	 70.24  	 73.82  	 73.24  	 73.40  	 75.48 -	999.99
1992	   3	  17	   2	 45.84  	 71.85  	 79.65  	 80.20  	 79.65  	 72.32  	 71.69  	 72.09  	 71.69  	 71.77 -	999.99
1992	   3	  30	   2	 58.88  	 80.52  	 88.03  	 80.28  	 80.52  	 79.81  	 71.99  	 71.91  	 72.07  	 72.54 -	999.99
1992	   4	  15	   2	 37.81  	 64.91  	 76.10  	 79.25  	 79.50  	 79.75  	 72.87  	 73.12  	 71.38  	 74.94 -	999.99
1992	   4	  29	   2	 43.28  	 70.47  	 79.70  	 83.37  	 79.37  	 78.46  	 76.13  	 73.71  	 72.96  	 74.63 -	999.99
1992	   5	  15	   2	 25.93  	 57.93  	 74.90  	 77.56  	 79.14  	 78.89  	 74.49  	 72.82  	 71.99  	 74.98 -	999.99
1992	   5	  27	   2	 34.17  	 60.92  	 74.04  	 77.17  	 79.15  	 77.17  	 73.13  	 71.89  	 71.97  	 74.28 -	999.99
1992	   6	  15	   2	 31.30  	 60.42  	 74.49  	 79.43  	 79.26  	 78.17  	 74.91  	 74.41  	 72.90  	 74.91 -	999.99
1992	   7	   2	   2	 24.76  	 57.35  	 72.91  	 76.98  	 78.23  	 78.06  	 74.49  	 73.49  	 72.32  	 73.74  	 38.74
1992	   7	  15	   2	 24.75  	 59.03  	 73.60  	 77.77  	 79.35  	 76.85  	 73.19  	 73.35  	 71.77  	 74.60  	 39.34
1992	   7	  31	   2	 34.56  	 59.71  	 72.32  	 76.86  	 77.87  	 77.11  	 73.92  	 73.50  	 73.16  	 76.11  	 39.27
1992	   8	  14	   2	 15.25  	 51.49  	 71.77  	 76.75  	 77.92  	 76.75  	 73.68  	 72.76  	 73.85  	 73.85  	 39.00
1992	   9	   3	   2	 27.09  	 59.18  	 70.67  	 76.28  	 77.63  	 77.63  	 72.18  	 72.51  	 70.75  	 74.52  	 39.02
1992	   9	  15	   2	 15.88  	 56.46  	 71.73  	 76.18  	 78.02  	 77.52  	 72.57  	 72.57  	 71.23  	 74.83  	 39.10
1992	   9	  30	   2	 41.68  	 82.08  	 82.17  	 82.74  	 79.44  	 77.46  	 72.50  	 71.09  	 70.52  	 73.57  	 38.89
1992	  10	  30	   2	 40.84  	 68.37  	 76.86  	 79.75  	 79.17  	 76.86  	 71.83  	 71.59  	 71.01  	 73.73  	 38.35
1992	  12	   2	   2	 46.74  	 74.60  	 83.37  	 84.53  	 80.31  	 77.49  	 73.61  	 72.86  	 72.70  	 74.43  	 38.71
1993	   1	   6	   2	 41.68  	 78.45  	 86.66  	 83.16  	 78.94  	 78.09  	 73.99  	 73.62  	 72.30  	 73.62  	 37.84
1993	   1	  29	   2	 45.24  	 76.72  	 86.35  	 85.52  	 79.29  	 77.80  	 74.56  	 73.65  	 73.73  	 74.73  	 38.48
1993	   3	   3	   2	 63.88  	 78.66  	 87.63  	 83.27  	 79.89  	 77.34  	 72.16  	 73.39  	 71.09  	 72.16  	 38.47
1993	   3	  17	   2	 53.43  	 78.69  	 86.23  	 84.26  	 79.83  	 77.78  	 72.45  	 72.78  	 71.47  	 73.27  	 38.28
1993	   3	  31	   2	 55.78  	 79.24  	 87.93  	 85.09  	 80.50  	 78.16  	 72.98  	 74.48  	 73.31  	 75.15  	 39.08
1993	   4	  16	   2	 56.08  	 80.54  	 87.26  	 84.52  	 80.45  	 77.88  	 73.65  	 73.90  	 77.55  	 74.56  	 36.82
1993	   5	   3	   2	 57.63  	 78.27  	 87.41  	 84.58  	 80.02  	 79.10  	 73.54  	 73.45  	 72.71  	 73.87  	 38.68
1993	   5	  13	   2	 52.19  	 77.25  	 85.83  	 84.66  	 79.25  	 77.66  	 74.16  	 74.33  	 72.33  	 73.24  	 38.75
1993	   5	  28	   2	 46.74  	 69.91  	 79.68  	 82.88  	 81.28  	 78.58  	 74.71  	 75.72  	 73.70  	 75.47  	 38.87
1993	   6	  15	   2	 45.52  	 72.15  	 79.78  	 83.64  	 79.78  	 78.11  	 74.58  	 74.00  	 70.89  	 73.58  	 39.30
1993	   6	  30	   2	 49.24  	 76.68  	 85.41  	 84.48  	 81.04  	 79.11  	 73.83  	 74.83  	 73.07  	 74.50  	 38.72
1993	   7	  13	   2	 40.80  	 67.01  	 78.40  	 82.68  	 81.17  	 79.24  	 74.21  	 74.38  	 72.87  	 75.55  	 39.24
1993	   7	  30	   2	 23.31  	 60.26  	 75.16  	 80.92  	 81.09  	 80.42  	 76.27  	 76.10  	 74.06  	 75.84  	 39.11
1993	   8	  17	   2	 21.14  	 57.47  	 72.90  	 78.19  	 79.87  	 78.61  	 74.92  	 73.49  	 73.49  	 75.00  	 39.10
1993	   9	   2	   2	 33.94  	 65.61  	 73.99  	 76.50  	 78.76  	 77.17  	 73.23  	 74.15  	 73.23  	 74.66  	 38.58
1993	   9	  15	   2	 37.88  	 69.61  	 78.75  	 82.41  	 78.17  	 77.25  	 73.93  	 73.43  	 72.27  	 74.34  	 38.75
1993	   9	  30	   2	 43.75  	 74.65  	 83.72  	 84.38  	 79.64  	 77.65  	 72.57  	 74.32  	 72.32  	 73.24  	 38.78
1993	  10	  29	   2	 45.83  	 71.98  	 79.91  	 83.06  	 79.58  	 78.34  	 72.56  	 73.05  	 72.56  	 73.38  	 38.84
1993	  12	   1	   2	 49.44  	 78.20  	 86.13  	 84.96  	 80.95  	 79.12  	 74.28  	 75.20  	 72.78  	 74.95  	 38.60
1993	  12	  29	   2	 54.77  	 72.85  	 83.35  	 84.76  	 80.93  	 79.93  	 73.52  	 74.10  	 72.77  	 74.19  	 39.18
1994	   1	  28	   2	 61.91  	 76.81  	 86.99  	 85.17  	 79.62  	 78.05  	 73.42  	 73.25  	 72.42  	 75.65  	 38.61
1994	   3	   2	   2	 48.01  	 75.89  	 85.72  	 84.97  	 80.60  	 75.80  	 72.99  	 74.48  	 72.50  	 74.73  	 39.18
1994	   3	  16	   2	 50.13  	 75.88  	 87.22  	 84.74  	 80.18  	 78.61  	 73.97  	 73.80  	 72.89  	 74.14  	 38.60
1994	   4	   1	   2	 50.74  	 76.52  	 85.81  	 84.81  	 82.96  	 78.86  	 74.85  	 75.60  	 73.34  	 76.10  	 38.64
1994	   4	  15	   2	 58.08  	 79.50  	 87.13  	 84.39  	 80.91  	 78.17  	 74.36  	 75.02  	 72.54  	 74.19  	 38.75
1994	   4	  28	   2	 45.07  	 72.80  	 79.53  	 82.31  	 82.22  	 78.86  	 75.16  	 75.83  	 73.89  	 74.90  	 39.26
1994	   5	  13	   2	 44.02  	 66.81  	 78.11  	 81.43  	 81.10  	 78.11  	 75.03  	 73.45  	 73.37  	 74.29  	 38.26
1994	   5	  26	   2	 24.65  	 58.43  	 75.95  	 80.84  	 79.82  	 78.81  	 74.52  	 74.60  	 73.42  	 76.03  	 39.41
1994	   5	  26	   2	 24.65  	 58.43  	 75.95  	 80.84  	 79.82  	 78.81  	 74.52  	 74.60  	 73.42  	 76.03  	 39.41
1994	   6	  15	   2	 14.77  	 57.50  	 73.25  	 77.72  	 80.50  	 79.40  	 74.10  	 74.10  	 73.93  	 74.85  	 38.56
1994	   6	  30	   2	 28.56  	 62.14  	 72.70  	 77.01  	 80.22  	 79.55  	 75.07  	 73.72  	 73.97  	 76.34  	 39.44
1994	   7	  15	   2	 13.33  	 57.35  	 71.96  	 78.59  	 79.85  	 78.50  	 72.88  	 74.22  	 73.05  	 74.56  	 38.96
1994	   7	  29	   2	 18.33  	 57.83  	 72.55  	 78.18  	 79.45  	 78.69  	 73.89  	 74.90  	 71.54  	 74.65  	 39.64
1994	   8	  12	   2	 19.00  	 59.28  	 71.79  	 76.99  	 79.34  	 78.42  	 74.81  	 73.80  	 72.12  	 76.15  	 39.17
1994	   8	  31	   2	 23.86  	 59.12  	 70.98  	 76.61  	 78.54  	 77.95  	 73.33  	 73.67  	 72.83  	 76.19  	 39.15
1994	   9	  16	   2	 14.01  	 56.96  	 71.12  	 76.01  	 78.54  	 78.45  	 73.14  	 72.30  	 72.98  	 74.41  	 38.93
1994	   9	  30	   2	 23.52  	 63.84  	 73.71  	 77.42  	 78.94  	 78.43  	 73.29  	 71.85  	 73.12  	 75.82  	 39.43
1994	  10	  28	   2	 35.49  	 68.56  	 76.02  	 79.25  	 78.17  	 77.84  	 73.70  	 71.04  	 70.63  	 73.20  	 38.84
1994	  11	  30	   2	 44.40  	 79.66  	 86.23  	 83.99  	 79.58  	 77.42  	 72.60  	 72.60  	 71.68  	 74.26  	 40.16
1994	  12	  29	   2	 43.86  	 73.96  	 83.47  	 82.64  	 78.92  	 79.67  	 72.31  	 72.06  	 71.56  	 73.88  	 39.96
1995	   2	   1	   2	 48.49  	 78.92  	 86.31  	 84.57  	 80.16  	 78.00  	 73.10  	 73.26  	 73.35  	 75.34  	 41.08
1995	   3	   2	   2	 46.36  	 75.97  	 86.96  	 84.15  	 78.86  	 77.21  	 71.51  	 72.09  	 71.76  	 72.91  	 37.82
1995	   3	  15	   2	 45.67  	 74.64  	 85.39  	 83.98  	 81.48  	 78.22  	 73.05  	 73.30  	 71.80  	 74.89  	 39.36
1995	   3	  31	   2	 41.06  	 67.14  	 79.12  	 81.20  	 79.70  	 78.54  	 74.13  	 72.96  	 73.63  	 74.13  	 36.52
1995	   4	  14	   2	 36.38  	 59.63  	 74.05  	 79.89  	 78.81  	 78.06  	 72.64  	 72.22  	 71.89  	 75.97  	 38.65
1995	   4	  28	   2	 42.10  	 75.61  	 81.90  	 83.24  	 80.31  	 78.72  	 73.68  	 73.27  	 73.43  	 75.19  	 39.06
1995	   5	  16	   2	 53.61  	 76.23  	 85.05  	 83.05  	 79.39  	 79.64  	 73.24  	 73.74  	 72.41  	 73.32  	 38.57
1995	   6	   1	   2	 44.44  	 72.35  	 81.19  	 82.03  	 81.36  	 79.51  	 74.12  	 73.87  	 72.44  	 74.96  	 39.25
1995	   6	  15	   2	 44.15  	 71.53  	 79.58  	 83.35  	 80.08  	 79.07  	 73.12  	 73.46  	 72.37  	 74.63  	 39.37
1995	   6	  30	   2	 45.06  	 73.64  	 83.23  	 83.99  	 81.63  	 78.61  	 74.06  	 72.80  	 73.05  	 75.91  	 39.34
1995	   7	  14	   2	 37.76  	 66.01  	 76.79  	 81.76  	 81.59  	 78.06  	 74.01  	 74.10  	 72.66  	 74.69  	 39.58
1995	   8	   4	   2	 35.92  	 64.43  	 78.09  	 80.54  	 79.61  	 77.76  	 74.13  	 73.96  	 72.36  	 76.24  	 40.23
1995	   8	  17	   2	 38.51  	 67.47  	 79.53  	 81.38  	 81.38  	 78.09  	 73.71  	 73.79  	 73.71  	 74.21  	 39.60
1995	   8	  31	   2	 19.36  	 57.54  	 73.35  	 79.87  	 80.88  	 77.50  	 74.96  	 74.11  	 72.59  	 74.88  	 39.34
1995	   9	  13	   2	 13.11  	 54.05  	 71.82  	 77.80  	 79.40  	 78.90  	 74.60  	 74.10  	 72.83  	 76.03  	 39.32
1995	   9	  29	   2	 20.24  	 60.29  	 71.97  	 77.39  	 79.25  	 79.25  	 74.17  	 74.43  	 72.23  	 76.63  	 38.78
1995	  11	   2	   2	 28.43  	 58.70  	 68.99  	 75.10  	 78.78  	 77.44  	 72.76  	 72.84  	 70.50  	 74.68  	 38.89
1995	  11	  29	   2	 31.98  	 66.10  	 76.03  	 77.70  	 78.95  	 77.87  	 72.19  	 71.94  	 70.27  	 73.94  	 38.35
1995	  12	  28	   2	 36.63  	 69.72  	 80.60  	 82.84  	 79.02  	 78.52  	 72.54  	 72.13  	 70.88  	 73.29  	 38.39
1996	   2	   1	   2	 41.96  	 70.08  	 80.78  	 81.78  	 78.71  	 77.96  	 73.73  	 72.24  	 71.74  	 73.90  	 38.15
1996	   2	  29	   2	 42.31  	 79.91  	 86.16  	 86.07  	 80.91  	 81.00  	 74.57  	 75.75  	 72.85  	 74.30  	 38.87
1996	   3	  15	   2	 54.91  	 77.44  	 86.97  	 84.10  	 79.47  	 78.62  	 73.57  	 71.46  	 71.80  	 74.75  	 38.30
1996	   3	  29	   2	 48.45  	 79.11  	 86.85  	 83.90  	 80.62  	 78.69  	 73.05  	 73.98  	 73.14  	 74.15  	 39.05
1996	   4	  12	   2	 39.78  	 72.63  	 82.14  	 84.33  	 80.71  	 77.85  	 74.31  	 73.14  	 73.47  	 75.16  	 38.97
1996	   5	   1	   2	 48.32  	 78.36  	 86.81  	 84.72  	 78.86  	 77.61  	 72.92  	 72.84  	 72.84  	 74.68  	 38.39
1996	   5	  15	   2	 49.09  	 78.30  	 88.27  	 85.48  	 81.68  	 78.13  	 74.33  	 73.83  	 72.22  	 75.60  	 38.94
1996	   5	  31	   2	 41.20  	 71.77  	 81.24  	 82.68  	 80.31  	 78.70  	 73.38  	 73.97  	 72.96  	 75.83  	 38.80
1996	   6	  14	   2	 46.22  	 78.49  	 85.61  	 86.97  	 81.71  	 78.65  	 73.73  	 76.62  	 74.07  	 77.04  	 38.90
1996	   6	  27	   2	 31.96  	 60.08  	 75.17  	 80.90  	 78.71  	 78.29  	 73.90  	 71.96  	 71.80  	 74.91  	 39.14
1996	   7	  31	   2	 32.83  	 66.77  	 73.76  	 79.57  	 80.16  	 77.21  	 74.18  	 73.68  	 72.16  	 75.11  	 38.99
1996	   8	  14	   2	 13.73  	 56.29  	 73.36  	 78.99  	 78.99  	 79.41  	 74.29  	 75.06  	 74.04  	 76.94  	 39.07
1996	   8	  30	   2	 12.64  	 56.51  	 71.90  	 77.85  	 80.05  	 79.63  	 74.28  	 73.43  	 73.17  	 75.04  	 39.09
1996	   9	  13	   2	 15.30  	 58.94  	 72.57  	 77.90  	 79.51  	 77.81  	 73.83  	 73.50  	 72.23  	 75.27  	 38.27
1996	   9	  25	   2	 33.39  	 67.73  	 78.15  	 79.32  	 77.56  	 76.89  	 72.77  	 72.85  	 72.35  	 74.78  	 38.15
1996	  10	  31	   2	 37.58  	 76.42  	 85.17  	 82.64  	 80.79  	 79.45  	 73.81  	 73.73  	 72.72  	 74.90  	 38.63
1996	  11	  27	   2	 44.74  	 78.52  	 85.50  	 83.42  	 79.44  	 77.94  	 73.29  	 72.87  	 71.30  	 73.95  	 37.85
1996	  12	  31	   2	 46.28  	 79.87  	 88.15  	 84.47  	 80.96  	 77.53  	 74.26  	 74.26  	 72.17  	 74.51  	 38.89
1997	   1	  29	   2	 47.99  	 79.02  	 85.32  	 83.17  	 79.52  	 77.28  	 72.56  	 73.31  	 72.15  	 74.05  	 38.23
1997	   2	  27	   2	 52.10  	 83.49  	 87.92  	 83.99  	 80.06  	 77.63  	 73.20  	 72.78  	 72.45  	 75.37  	 38.98
1997	   3	  14	   2	 53.92  	 82.64  	 88.93  	 83.14  	 81.63  	 79.03  	 74.00  	 73.74  	 72.15  	 74.41  	 39.22
1997	   3	  28	   2	 47.65  	 82.31  	 89.54  	 85.00  	 81.04  	 77.60  	 72.88  	 74.40  	 73.56  	 74.90  	 38.92
1997	   4	  14	   2	 46.09  	 79.99  	 88.46  	 84.18  	 80.58  	 78.07  	 73.88  	 73.71  	 72.79  	 75.72  	 38.28
1997	   4	  30	   2	 44.78  	 75.84  	 83.93  	 83.43  	 80.48  	 77.70  	 73.57  	 74.32  	 73.14  	 76.35  	 39.14
1997	   5	  15	   2	 40.04  	 68.69  	 79.22  	 81.06  	 80.48  	 78.89  	 73.70  	 72.62  	 71.53  	 73.87  	 38.61
1997	   5	  30	   2	 45.43  	 77.12  	 85.51  	 82.15  	 81.91  	 76.16  	 74.12  	 72.68  	 71.72  	 73.88  	 38.26
1997	   6	  13	   2	 44.06  	 77.01  	 84.18  	 84.91  	 82.00  	 76.04  	 73.97  	 73.00  	 73.24  	 75.07  	 38.75
1997	   6	  26	   2	 45.02  	 75.28  	 83.25  	 84.22  	 80.84  	 76.00  	 72.86  	 72.50  	 73.35  	 74.07  	 38.18
1997	   7	  15	   2	 32.82  	 71.38  	 77.49  	 81.19  	 82.40  	 80.50  	 76.11  	 74.99  	 74.13  	 77.15  	 39.91
1997	   7	  31	   2	 14.66  	 60.18  	 75.46  	 79.56  	 81.01  	 79.90  	 73.33  	 74.18  	 74.27  	 76.83  	 39.74
1997	   8	  15	   2	 26.50  	 70.97  	 75.59  	 79.52  	 79.78  	 79.86  	 75.50  	 74.56  	 75.42  	 75.42  	 39.80
1997	   8	  29	   2	 19.09  	 64.96  	 73.93  	 78.03  	 80.84  	 79.31  	 74.61  	 74.27  	 73.50  	 74.87  	 39.44
1997	   9	  12	   2	 14.14  	 62.31  	 73.50  	 78.42  	 80.46  	 79.19  	 74.35  	 74.35  	 74.35  	 74.95  	 39.59
1997	   9	  26	   2	 21.82  	 63.84  	 73.51  	 77.53  	 79.50  	 79.67  	 75.22  	 75.13  	 74.71  	 75.90  	 39.36
1997	  10	  30	   2	 26.13  	 65.58  	 72.12  	 75.70  	 78.84  	 78.84  	 72.89  	 73.32  	 72.38  	 75.53  	 39.46
1997	  11	  26	   2	 31.30  	 70.97  	 79.28  	 81.77  	 81.00  	 79.54  	 75.43  	 73.80  	 72.86  	 76.28  	 39.08
1997	  12	  29	   2	 38.10  	 78.26  	 86.13  	 83.70  	 79.26  	 77.08  	 72.81  	 72.48  	 69.72  	 74.41  	 38.54
1998	   1	  29	   2	 41.98  	 80.46  	 88.11  	 83.82  	 78.69  	 78.44  	 74.06  	 74.23  	 70.87  	 75.58  	 39.18
1998	   2	  26	   2	 43.69  	 82.10  	 89.17  	 86.28  	 82.44  	 79.12  	 74.94  	 74.43  	 73.15  	 75.03  	 39.47
1998	   3	  13	   2	 42.93  	 83.09  	 88.32  	 86.21  	 80.65  	 78.54  	 72.55  	 73.14  	 73.06  	 74.58  	 38.17
1998	   4	   1	   2	 42.76  	 78.42  	 86.24  	 86.24  	 80.97  	 79.10  	 74.34  	 73.23  	 72.63  	 76.46  	 39.59
1998	   4	  15	   2	 45.03  	 82.27  	 90.28  	 86.87  	 82.01  	 80.14  	 74.94  	 74.26  	 73.49  	 75.71  	 39.35
1998	   4	  30	   2	 52.59  	 82.37  	 88.40  	 86.53  	 81.10  	 79.65  	 72.77  	 74.47  	 72.69  	 75.83  	 38.89
1998	   5	  15	   2	 37.40  	 74.31  	 83.78  	 86.70  	 81.45  	 81.54  	 75.08  	 76.72  	 74.05  	 76.46  	 39.82
1998	   5	  29	   2	 33.70  	 68.29  	 79.31  	 81.78  	 81.44  	 78.88  	 75.12  	 72.90  	 74.27  	 75.21  	 39.78
1998	   6	  16	   2	 45.82  	 81.85  	 87.08  	 86.05  	 81.34  	 79.37  	 74.83  	 73.46  	 74.74  	 75.26  	 39.73
1998	   7	   1	   2	 43.69  	 77.93  	 87.27  	 86.67  	 82.22  	 80.76  	 76.14  	 74.68  	 74.00  	 75.62  	 39.44
1998	   7	  15	   2	 52.99  	 80.27  	 87.84  	 86.91  	 81.46  	 78.99  	 73.12  	 73.89  	 72.78  	 75.50  	 39.45
1998	   7	  30	   2	 51.80  	 76.20  	 81.65  	 82.51  	 82.68  	 78.58  	 74.32  	 74.92  	 74.23  	 74.83  	 39.42
1998	   8	  14	   2	 40.63  	 76.43  	 84.75  	 85.52  	 83.80  	 81.49  	 74.37  	 75.06  	 73.34  	 74.89  	 39.24
1998	   9	   2	   2	 19.77  	 60.81  	 77.13  	 81.43  	 80.22  	 79.02  	 75.84  	 75.16  	 74.04  	 76.87  	 39.73
1998	   9	  17	   2	 20.12  	 60.72  	 73.01  	 79.62  	 81.26  	 78.85  	 75.16  	 74.12  	 73.44  	 76.96  	 39.73
1998	   9	  30	   2	 13.68  	 63.37  	 74.74  	 78.27  	 81.02  	 79.21  	 74.74  	 75.17  	 74.82  	 75.43  	 40.47
1998	  11	   2	   2	 37.00  	 71.05  	 78.29  	 82.12  	 80.76  	 80.25  	 74.11  	 74.03  	 72.58  	 75.73  	 39.10
1998	  12	   2	   2	 40.35  	 79.01  	 87.96  	 86.00  	 82.68  	 80.46  	 75.09  	 73.81  	 73.55  	 76.71  	 39.33
1998	  12	  30	   2	 41.21  	 77.28  	 84.13  	 84.54  	 79.95  	 79.29  	 73.44  	 72.94  	 70.11  	 74.45  	 38.27
1999	   1	  29	   2	 43.03  	 79.82  	 87.61  	 86.01  	 82.96  	 79.65  	 73.98  	 73.72  	 73.81  	 75.84  	 38.85
1999	   2	  26	   2	 46.84  	 75.81  	 86.14  	 86.48  	 81.95  	 79.05  	 74.95  	 75.21  	 73.24  	 76.32  	 39.74
1999	   3	  17	   2	 46.74  	 81.75  	 87.85  	 84.80  	 81.07  	 78.44  	 73.36  	 74.55  	 72.09  	 76.24  	 39.52
1999	   3	  31	   2	 47.46  	 76.84  	 84.39  	 86.87  	 83.01  	 80.18  	 76.58  	 76.15  	 74.43  	 75.63  	 40.09
1999	   4	  15	   2	 52.56  	 79.05  	 87.40  	 85.27  	 82.29  	 80.84  	 74.71  	 75.22  	 74.03  	 75.05  	 39.06
1999	   4	  30	   2	 38.96  	 73.60  	 82.35  	 83.03  	 82.95  	 81.40  	 76.60  	 74.72  	 72.92  	 75.57  	 39.16
1999	   5	  13	   2	 39.92  	 72.96  	 80.65  	 82.87  	 82.10  	 80.40  	 74.16  	 73.90  	 71.94  	 75.78  	 39.22
1999	   5	  28	   2	 26.61  	 45.65  	 68.66  	 76.73  	 78.53  	 83.08  	 75.44  	 73.72  	 73.21  	 79.30  	 41.54
1999	   6	  15	   2	 34.18  	 66.29  	 76.65  	 81.19  	 81.36  	 80.50  	 74.94  	 73.40  	 71.86  	 75.19  	 39.27
1999	   6	  30	   2	 35.90  	 74.51  	 81.79  	 84.01  	 82.47  	 81.19  	 75.62  	 75.02  	 72.88  	 75.97  	 39.14
1999	   7	  15	   2	 35.51  	 71.32  	 80.93  	 83.94  	 81.62  	 81.88  	 77.07  	 74.41  	 73.55  	 76.21  	 39.14
1999	   7	  29	   2	 23.04  	 67.03  	 79.08  	 82.54  	 82.02  	 81.33  	 76.39  	 76.13  	 74.48  	 77.17  	 39.71
1999	   8	  13	   2	 13.39  	 62.91  	 75.06  	 80.05  	 82.29  	 81.00  	 74.19  	 74.11  	 73.85  	 77.21  	 39.77
1999	   9	   1	   2	  9.66  	 59.13  	 73.54  	 78.63  	 80.01  	 80.27  	 75.52  	 74.40  	 74.49  	 75.18  	 39.01
1999	   9	  15	   2	  8.53  	 57.48  	 71.97  	 75.32  	 79.43  	 80.03  	 73.94  	 73.60  	 73.26  	 75.32  	 38.60
1999	   9	  30	   2	 13.11  	 55.17  	 70.08  	 75.37  	 78.61  	 79.12  	 73.58  	 72.30  	 73.41  	 74.52  	 38.88
1999	  10	  29	   2	 21.94  	 61.79  	 72.52  	 76.98  	 78.36  	 78.87  	 73.55  	 72.86  	 73.03  	 75.95  	 39.61
1999	  12	   1	   2	 22.02  	 59.93  	 70.28  	 73.93  	 76.05  	 77.49  	 73.16  	 70.96  	 69.35  	 73.76  	 38.32
1999	  12	  29	   2	 34.96  	 70.22  	 78.93  	 81.90  	 78.43  	 78.43  	 73.78  	 71.83  	 71.32  	 72.51  	 38.24
2000	   1	  28	   2	 40.15  	 69.38  	 78.71  	 81.91  	 79.55  	 79.30  	 73.08  	 71.65  	 71.82  	 72.74  	 37.72
2000	   3	   1	   2	 41.54  	 78.61  	 85.92  	 84.39  	 79.29  	 79.63  	 74.96  	 73.94  	 71.81  	 75.38  	 39.18
2000	   3	  14	   2	 39.32  	 73.01  	 80.56  	 84.17  	 78.63  	 78.55  	 71.59  	 73.43  	 70.67  	 72.68  	 38.10
2000	   3	  30	   2	 40.13  	 77.00  	 84.86  	 84.69  	 81.19  	 80.16  	 75.12  	 74.87  	 73.76  	 75.12  	 38.88
2000	   4	  14	   2	 37.46  	 69.89  	 78.31  	 81.71  	 79.93  	 78.82  	 74.31  	 74.06  	 72.44  	 75.25  	 38.52
2000	   4	  28	   2	 39.73  	 72.98  	 80.55  	 85.19  	 80.63  	 79.09  	 74.10  	 73.50  	 73.93  	 74.70  	 38.73
2000	   4	  38	   2	 39.73  	 72.98  	 80.55  	 85.19  	 80.63  	 79.09  	 74.10  	 73.50  	 73.93  	 74.70  	 38.73
2000	   5	  16	   2	 37.96  	 70.85  	 80.95  	 82.73  	 79.59  	 79.50  	 73.73  	 72.88  	 72.97  	 73.48  	 38.61
2000	   6	   1	   2	 40.26  	 75.32  	 83.03  	 86.03  	 80.63  	 80.20  	 75.92  	 73.86  	 72.92  	 75.06  	 38.82
2000	   6	  14	   2	 18.88  	 64.08  	 75.78  	 78.60  	 80.31  	 79.54  	 74.67  	 75.10  	 72.71  	 75.01  	 38.19
2000	   6	  30	   2	 39.92  	 75.12  	 82.04  	 83.83  	 79.31  	 81.10  	 74.35  	 72.22  	 73.24  	 74.61  	 38.97
2000	   7	  14	   2	 26.76  	 66.44  	 76.52  	 80.40  	 80.31  	 79.54  	 76.35  	 73.68  	 72.64  	 75.06  	 39.68
2000	   7	  28	   2	 17.90  	 63.87  	 75.22  	 79.26  	 80.29  	 80.38  	 74.53  	 74.96  	 72.64  	 75.65  	 39.24
2000	   8	  16	   2	 15.30  	 63.99  	 75.67  	 77.91  	 79.62  	 79.62  	 75.07  	 74.55  	 72.84  	 74.98  	 39.47
2000	   8	  31	   2	 17.54  	 64.77  	 74.66  	 80.38  	 80.12  	 80.98  	 74.48  	 75.44  	 74.31  	 75.96  	 39.41
2000	   9	  14	   2	 21.51  	 62.48  	 72.61  	 75.93  	 77.03  	 78.99  	 73.20  	 74.82  	 72.69  	 74.57  	 39.07
2000	   9	  29	   2	 26.26  	 63.52  	 73.63  	 75.86  	 79.11  	 77.14  	 72.77  	 74.40  	 72.43  	 75.51  	 38.70
2000	  11	   1	   2	 16.70  	 61.24  	 73.53  	 76.09  	 78.05  	 78.48  	 72.67  	 71.65  	 71.65  	 74.38  	 38.90
2000	  11	  30	   2	 33.96  	 75.20  	 82.07  	 82.58  	 78.85  	 78.25  	 73.08  	 71.98  	 71.38  	 74.35  	 38.24
2000	  12	  29	   2	 41.46  	 76.64  	 84.10  	 84.02  	 79.16  	 77.90  	 72.45  	 71.28  	 70.28  	 73.46  	 37.61
2001	   1	  31	   2	 44.97  	 81.50  	 87.21  	 84.57  	 80.48  	 80.14  	 73.75  	 73.83  	 72.47  	 75.37  	 39.18
2001	   2	  28	   2	 43.72  	 81.61  	 86.97  	 84.42  	 80.42  	 80.42  	 73.86  	 75.22  	 72.50  	 75.56  	 38.93
2001	   3	  14	   2	 44.90  	 81.76  	 88.75  	 84.91  	 81.08  	 78.18  	 73.92  	 73.24  	 73.15  	 75.79  	 38.66
2001	   3	  30	   2	 43.48  	 76.06  	 80.83  	 82.51  	 78.99  	 78.32  	 72.70  	 72.45  	 71.20  	 72.29  	 37.06
2001	   4	  12	   2	 39.43  	 73.73  	 81.93  	 84.50  	 80.22  	 78.17  	 75.01  	 73.73  	 72.62  	 74.59  	 38.96
2001	   4	  27	   2	 31.95  	 69.43  	 79.51  	 82.01  	 80.55  	 80.29  	 75.12  	 74.17  	 73.74  	 75.20  	 39.76
2001	   5	  15	   2	 12.86  	 64.23  	 75.25  	 79.90  	 79.39  	 79.39  	 74.74  	 74.91  	 73.27  	 75.86  	 38.66
2001	   5	  31	   2	 33.96  	 67.51  	 75.23  	 79.77  	 79.26  	 79.52  	 74.97  	 73.69  	 72.66  	 75.57  	 38.86
2001	   6	  14	   2	 12.44  	 65.31  	 75.41  	 78.69  	 79.82  	 80.07  	 75.76  	 74.81  	 73.51  	 75.93  	 39.22
2001	   6	  29	   2	 21.48  	 66.72  	 75.18  	 79.37  	 77.92  	 79.20  	 75.70  	 72.96  	 73.30  	 74.33  	 39.30
2001	   7	  13	   2	 11.60  	 64.83  	 75.18  	 78.80  	 80.44  	 79.32  	 74.49  	 74.49  	 74.40  	 74.66  	 39.44
2001	   8	   1	   2	 34.95  	 73.85  	 83.50  	 84.62  	 80.91  	 81.69  	 75.14  	 75.14  	 74.11  	 76.18  	 39.94
2001	   8	  15	   2	 33.08  	 70.95  	 80.59  	 82.92  	 80.85  	 78.87  	 74.74  	 74.91  	 74.56  	 76.97  	 38.87
2001	   8	  31	   2	 41.78  	 65.42  	 76.28  	 78.82  	 79.42  	 78.40  	 72.88  	 73.99  	 72.20  	 74.58  	 39.41
2001	   9	  14	   2	 32.69  	 70.95  	 79.97  	 82.46  	 81.26  	 79.88  	 74.81  	 75.84  	 73.18  	 76.19  	 39.25
2001	   9	  26	   2	 36.01  	 71.77  	 80.14  	 82.19  	 81.25  	 78.69  	 74.07  	 74.07  	 74.07  	 74.59  	 39.22
2001	  10	  31	   2	 42.10  	 73.74  	 82.30  	 84.70  	 81.36  	 79.48  	 73.57  	 74.77  	 73.91  	 75.97  	 39.18
2001	  11	  30	   2	 55.36  	 77.84  	 86.21  	 84.35  	 80.20  	 78.85  	 73.10  	 73.01  	 73.69  	 75.13  	 38.33
2001	  12	  28	   2	 46.22  	 76.14  	 85.15  	 84.39  	 80.69  	 78.08  	 74.29  	 72.77  	 73.11  	 73.95  	 38.28
2002	   1	  31	   2	 55.57  	 81.61  	 86.89  	 85.87  	 82.03  	 80.25  	 74.46  	 75.14  	 73.52  	 76.16  	 38.72
2002	   2	  28	   2	 46.15  	 79.08  	 86.95  	 84.58  	 82.30  	 79.08  	 74.68  	 73.50  	 72.40  	 75.44  	 38.27
2002	   3	  14	   2	 47.41  	 81.33  	 89.34  	 85.51  	 82.87  	 79.37  	 73.41  	 74.69  	 73.49  	 74.00  	 39.13
2002	   3	  25	   2	 44.92  	 79.03  	 87.35  	 83.82  	 79.78  	 78.61  	 71.79  	 73.89  	 72.80  	 74.15  	 38.55
2002	   4	  12	   2	 43.72  	 73.71  	 82.99  	 84.95  	 81.97  	 79.59  	 74.31  	 75.93  	 73.20  	 73.97  	 39.58
2002	   5	   1	   2	 47.07  	 82.15  	 86.99  	 84.02  	 81.39  	 77.07  	 73.59  	 73.59  	 72.99  	 73.50  	 38.91
2002	   5	  15	   2	 48.39  	 78.90  	 88.82  	 85.14  	 82.75  	 79.67  	 74.96  	 74.11  	 74.36  	 74.62  	 39.92
2002	   5	  31	   2	 38.90  	 70.09  	 79.15  	 81.99  	 82.25  	 80.79  	 75.61  	 75.35  	 75.35  	 76.64  	 39.53
2002	   6	  14	   2	 30.24  	 67.51  	 77.56  	 80.74  	 81.00  	 79.28  	 75.16  	 74.98  	 73.27  	 76.87  	 40.07
2002	   6	  28	   2	 11.64  	 64.32  	 76.26  	 79.81  	 81.46  	 80.25  	 76.35  	 75.05  	 74.01  	 77.04  	 39.47
2002	   7	  12	   2	 27.03  	 65.09  	 73.10  	 79.13  	 81.71  	 79.13  	 75.08  	 74.31  	 73.62  	 76.11  	 39.56
2002	   7	  31	   2	 20.73  	 62.57  	 71.66  	 77.40  	 79.54  	 77.74  	 74.14  	 73.71  	 72.43  	 73.80  	 39.17
2002	   8	  15	   2	 26.30  	 67.92  	 73.14  	 76.48  	 79.22  	 77.59  	 73.65  	 74.25  	 74.25  	 75.19  	 39.05
2002	   8	  30	   2	 13.79  	 65.77  	 74.41  	 76.66  	 78.73  	 79.86  	 74.67  	 72.77  	 73.20  	 74.24  	 38.89
2002	   9	  13	   2	  8.02  	 62.45  	 73.26  	 78.37  	 78.54  	 77.85  	 74.56  	 72.57  	 73.78  	 75.60  	 39.01
2002	   9	  27	   2	 41.90  	 78.96  	 84.78  	 81.87  	 79.13  	 79.30  	 74.00  	 72.11  	 73.65  	 75.11  	 38.71
2002	  10	  31	   2	 42.22  	 80.40  	 86.02  	 84.91  	 79.80  	 78.52  	 74.52  	 74.60  	 72.47  	 75.96  	 39.22
2002	  11	  27	   2	 40.10  	 73.94  	 81.20  	 82.71  	 80.18  	 77.99  	 72.75  	 72.67  	 72.84  	 72.92  	 38.19
2003	   1	   2	   2	 55.77  	 79.72  	 86.45  	 82.66  	 79.80  	 77.79  	 72.99  	 72.99  	 72.74  	 74.51  	 38.64
2003	   1	  31	   2	 42.40  	 75.28  	 84.08  	 82.07  	 79.89  	 77.96  	 72.85  	 72.76  	 72.09  	 76.20  	 38.06
2003	   3	   3	   2	 51.01  	 80.22  	 85.94  	 83.59  	 80.06  	 77.37  	 72.99  	 73.08  	 72.15  	 74.93  	 38.85
2003	   3	  14	   2	 41.93  	 76.21  	 85.73  	 86.07  	 80.71  	 78.50  	 73.49  	 74.25  	 72.46  	 75.53  	 38.87
2003	   3	  28	   2	 40.59  	 74.73  	 84.74  	 85.76  	 81.83  	 79.26  	 73.36  	 74.13  	 75.50  	 76.36  	 38.95
2003	   4	  15	   2	 39.93  	 74.54  	 81.60  	 84.10  	 82.21  	 78.67  	 74.63  	 74.11  	 74.19  	 75.31  	 39.42
2003	   4	  30	   2	 42.93  	 74.94  	 84.70  	 86.41  	 82.56  	 79.99  	 75.71  	 74.51  	 74.17  	 76.39  	 38.84
2003	   5	  14	   2	 42.69  	 74.85  	 82.73  	 86.07  	 80.67  	 79.48  	 75.71  	 74.25  	 73.48  	 74.68  	 39.18
2003	   5	  29	   2	 43.78  	 76.29  	 83.86  	 85.58  	 79.82  	 80.59  	 73.88  	 75.60  	 72.41  	 75.60  	 39.18
2003	   6	  13	   2	 46.48  	 80.82  	 87.59  	 85.02  	 80.57  	 80.65  	 74.31  	 74.74  	 73.71  	 75.17  	 38.96
2003	   6	  27	   2	 38.40  	 71.50  	 79.51  	 81.32  	 82.53  	 82.19  	 73.39  	 74.69  	 74.94  	 76.32  	 39.11
2003	   7	  15	   2	 13.49  	 63.31  	 75.86  	 78.45  	 81.13  	 79.66  	 74.47  	 74.73  	 74.47  	 76.12  	 38.66
2003	   7	  31	   2	 17.14  	 62.12  	 73.51  	 77.48  	 80.42  	 79.64  	 74.03  	 74.98  	 73.86  	 75.67  	 39.13
2003	   8	  14	   2	 11.50  	 63.22  	 74.34  	 78.39  	 80.55  	 80.46  	 75.12  	 74.08  	 72.96  	 74.60  	 38.72
2003	   8	  29	   2	 23.94  	 64.51  	 73.65  	 76.58  	 78.39  	 78.82  	 74.00  	 74.60  	 73.74  	 75.55  	 38.85
2003	   9	  16	   2	 36.21  	 72.10  	 79.77  	 81.76  	 81.41  	 79.26  	 74.17  	 74.77  	 73.48  	 75.55  	 38.94
2003	  10	   1	   2	 36.45  	 70.81  	 77.90  	 80.94  	 78.75  	 77.65  	 72.84  	 73.85  	 71.15  	 73.01  	 37.81
2003	  10	  31	   2	 38.08  	 69.69  	 77.76  	 79.46  	 78.53  	 78.78  	 73.77  	 74.79  	 72.58  	 74.19  	 38.24
2003	  11	  26	   2	 43.61  	 79.97  	 84.54  	 83.44  	 79.72  	 78.87  	 73.55  	 74.39  	 71.52  	 75.24  	 38.46
2003	  12	  31	   2	 47.33  	 81.39  	 85.53  	 83.93  	 80.37  	 79.10  	 73.44  	 74.11  	 73.18  	 74.20  	 38.07
2004	   1	  30	   2	 44.38  	 75.91  	 85.25  	 84.66  	 79.70  	 79.11  	 73.81  	 74.23  	 72.46  	 73.89  	 38.17
2004	   2	  27	   2	 42.80  	 73.62  	 81.89  	 83.66  	 79.61  	 77.67  	 72.95  	 73.37  	 72.19  	 74.13  	 37.23
2004	   3	  12	   2	 39.97  	 74.70  	 82.01  	 84.30  	 81.16  	 80.48  	 75.21  	 74.79  	 73.34  	 74.79  	 38.07
2004	   3	  31	   2	 40.66  	 72.40  	 82.92  	 82.07  	 80.37  	 78.76  	 74.52  	 73.93  	 72.49  	 74.78  	 38.74
2004	   4	  15	   2	 33.32  	 66.20  	 76.75  	 80.16  	 81.35  	 79.56  	 73.01  	 73.69  	 72.84  	 75.73  	 39.27
2004	   4	  30	   2	 36.71  	 75.93  	 82.26  	 84.52  	 81.40  	 81.05  	 76.36  	 77.23  	 73.24  	 76.19  	 39.22
2004	   5	  12	   2	 36.97  	 73.73  	 81.18  	 83.86  	 82.74  	 80.23  	 75.72  	 75.72  	 73.47  	 76.50  	 39.16
2004	   5	  26	   2	 41.58  	 74.23  	 83.48  	 85.45  	 81.77  	 80.14  	 74.06  	 75.17  	 73.88  	 75.17  	 39.38
2004	   6	  15	   2	 36.08  	 71.10  	 78.57  	 81.46  	 80.61  	 79.25  	 73.82  	 74.41  	 72.63  	 74.50  	 38.27
2004	   6	  30	   2	 23.66  	 67.80  	 77.93  	 80.76  	 80.16  	 79.04  	 75.87  	 75.35  	 73.03  	 75.52  	 39.09
