# Station Name: Champaign
# Station Code: CMI
# Station Latitude: 40.080000
# Station Longitude: 88.230000
# Station Altitude: 219.000000
Year	  MO	  DY	 Sta	 0-10cm 	 10-30  	 30-50  	 50-70  	 70-90  	 90-110 	 110-130	 130-150	 150-170	 170-190	 190-200
1986	   6	  27	  81	 15.94  	 45.39  	 62.76  	 61.11  	 55.51  	 55.07  	 57.27  	 59.68  	 58.48  	 55.95  	 28.85
1986	   7	  16	  81	 29.07  	 76.16  	 77.26  	 74.47  	 64.60  	 61.89  	 60.29  	 62.40  	 59.62  	 58.77  	 30.02
1986	   8	  18	  81	999.99  	 45.57  	 61.94  	 62.05  	 54.42  	 56.41  	 56.96  	 59.18  	 58.51  	 56.08  	 28.81
1986	   8	  21	  81	 16.37  	 44.72  	 59.81  	 60.69  	 55.26  	 55.81  	 58.59  	 58.37  	 58.37  	 57.48  	 28.74
1986	   8	  29	  81	 19.15  	 44.66  	 56.56  	 57.45  	 53.15  	 55.79  	 57.34  	 59.32  	 57.89  	 56.78  	 28.45
1986	   9	  25	  81	 32.57  	 76.88  	 75.66  	 71.01  	 62.36  	 58.48  	 58.70  	 59.81  	 57.92  	 56.59  	 28.52
1986	  10	  25	  81	 38.22  	 80.99  	 80.44  	 78.36  	 68.38  	 60.92  	 57.41  	 58.40  	 57.52  	 56.43  	 28.71
1986	  11	   7	  81	 36.96  	 75.67  	 75.12  	 70.72  	 61.13  	 58.82  	 60.14  	 58.82  	 57.94  	 56.84  	 28.58
1986	  11	  14	  81	 37.28  	 74.42  	 73.01  	 69.52  	 60.37  	 56.89  	 58.85  	 58.96  	 59.28  	 56.24  	 28.55
1986	  11	  21	  81	 39.28  	 74.80  	 74.80  	 70.60  	 60.33  	 59.33  	 59.00  	 61.43  	 58.34  	 58.34  	 28.67
1986	  11	  26	  81	 46.93  	 81.01  	 78.93  	 76.20  	 69.18  	 61.85  	 58.01  	 59.11  	 57.79  	 56.37  	 27.75
1986	  12	   4	  81	 40.59  	 79.48  	 79.26  	 75.96  	 67.60  	 61.55  	 58.59  	 60.34  	 58.80  	 58.37  	 29.13
1986	  12	  12	  81	 35.03  	 77.90  	 76.48  	 76.81  	 67.08  	 62.26  	 59.20  	 59.09  	 57.45  	 57.34  	 28.34
1986	  12	  19	  81	 36.10  	 74.95  	 73.31  	 71.78  	 63.58  	 61.17  	 58.66  	 58.44  	 56.69  	 56.36  	 28.73
1986	  12	  26	  81	 37.86  	 76.48  	 75.17  	 69.59  	 61.61  	 57.89  	 59.20  	 58.55  	 58.55  	 55.49  	 28.45
1987	   1	   2	  81	 35.52  	 74.98  	 73.47  	 68.71  	 58.21  	 57.34  	 57.88  	 58.32  	 56.80  	 56.15  	 27.59
1987	   1	   9	  81	 36.42  	 77.48  	 74.39  	 69.87  	 61.15  	 57.40  	 58.17  	 59.16  	 58.06  	 56.51  	 27.93
1987	   1	  16	  81	 40.20  	 79.50  	 78.63  	 72.25  	 61.27  	 59.40  	 58.41  	 58.30  	 58.96  	 56.44  	 28.16
1987	   1	  23	  81	 24.12  	 76.19  	 75.86  	 69.67  	 61.32  	 60.67  	 58.61  	 58.93  	 57.52  	 54.92  	 27.78
1987	   1	  30	  81	 37.60  	 78.69  	 74.15  	 68.64  	 59.55  	 59.77  	 58.47  	 58.37  	 58.04  	 56.42  	 28.05
1987	   2	   6	  81	 52.62  	 79.95  	 77.43  	 77.43  	 66.49  	 60.80  	 58.83  	 58.28  	 58.83  	 56.97  	 28.98
1987	   2	  13	  81	 38.06  	 78.69  	 77.16  	 75.53  	 67.22  	 62.20  	 58.60  	 59.03  	 58.38  	 56.74  	 28.15
1987	   2	  20	  81	 33.73  	 75.32  	 74.99  	 73.24  	 64.26  	 62.61  	 59.55  	 59.66  	 59.55  	 57.03  	 28.18
1987	   2	  27	  81	 35.87  	 74.16  	 73.72  	 70.64  	 61.40  	 60.08  	 58.32  	 60.85  	 58.98  	 56.89  	 28.61
1987	   3	   6	  81	 35.34  	 76.84  	 75.96  	 71.34  	 62.76  	 61.11  	 59.57  	 59.90  	 58.37  	 57.49  	 28.69
1987	   3	  11	  81	 27.05  	 73.76  	 74.75  	 69.47  	 62.10  	 58.69  	 58.59  	 59.57  	 57.49  	 57.49  	 28.52
1987	   3	  19	  81	 39.19  	 74.53  	 72.77  	 69.25  	 59.79  	 56.83  	 58.91  	 59.79  	 58.48  	 57.16  	 28.30
1987	   3	  27	  81	 41.28  	 73.50  	 73.72  	 68.66  	 59.75  	 58.54  	 58.76  	 60.74  	 58.76  	 57.00  	 28.83
1987	   4	   3	  81	 33.54  	 72.15  	 72.59  	 67.51  	 59.78  	 58.56  	 57.57  	 60.55  	 58.23  	 56.02  	 28.12
1987	   4	  10	  81	 23.98  	 67.81  	 72.05  	 68.81  	 59.68  	 57.45  	 58.67  	 59.90  	 58.23  	 57.11  	 28.84
1987	   4	  17	  81	 38.66  	 76.96  	 75.32  	 70.72  	 62.61  	 59.98  	 57.14  	 58.89  	 58.01  	 56.81  	 28.13
1987	   4	  24	  81	 38.12  	 74.30  	 73.19  	 65.42  	 61.31  	 59.98  	 59.98  	 59.76  	 57.76  	 56.54  	 28.05
1987	   5	   1	  81	 24.73  	 65.33  	 71.75  	 69.20  	 60.57  	 57.91  	 58.35  	 61.12  	 58.35  	 57.36  	 28.95
1987	   5	   8	  81	 20.41  	 50.05  	 69.50  	 67.84  	 60.11  	 57.24  	 57.68  	 60.55  	 59.11  	 56.79  	 28.78
1987	   5	  15	  81	 19.72  	 45.89  	 63.62  	 65.95  	 60.52  	 56.64  	 57.64  	 60.41  	 58.64  	 56.53  	 28.54
1987	   5	  22	  81	 25.85  	 64.18  	 63.07  	 64.40  	 59.84  	 56.16  	 57.17  	 58.72  	 58.83  	 57.39  	 28.64
1987	   5	  29	  81	 21.35  	 65.51  	 64.07  	 64.07  	 58.95  	 57.72  	 57.50  	 59.73  	 57.94  	 57.72  	 28.69
1987	   6	   5	  81	 26.36  	 72.82  	 71.27  	 66.17  	 57.86  	 58.19  	 58.53  	 58.86  	 58.53  	 57.97  	 28.76
1987	   6	  12	  81	 20.39  	 69.61  	 69.50  	 63.42  	 56.35  	 55.80  	 57.68  	 59.78  	 57.46  	 57.13  	 28.56
1987	   6	  19	  81	 16.86  	 67.78  	 68.56  	 61.89  	 56.77  	 56.55  	 57.22  	 59.22  	 58.33  	 57.10  	 28.39
1987	   6	  26	  81	 30.21  	 74.42  	 73.87  	 65.95  	 55.18  	 57.82  	 58.26  	 60.12  	 58.91  	 55.62  	 27.48
1987	   7	   2	  81	 32.04  	 77.08  	 77.52  	 71.82  	 63.56  	 63.00  	 60.87  	 60.76  	 59.76  	 57.07  	 28.76
1987	   7	   9	  81	 31.94  	 75.46  	 75.02  	 71.05  	 59.78  	 58.45  	 58.89  	 59.22  	 58.45  	 57.24  	 28.40
1987	   7	  16	  81	 29.08  	 74.38  	 75.04  	 70.38  	 60.82  	 58.60  	 58.49  	 58.93  	 58.60  	 56.82  	 28.58
1987	   7	  23	  81	 19.35  	 70.68  	 70.35  	 69.47  	 60.09  	 55.46  	 58.77  	 59.21  	 58.11  	 56.45  	 28.89
1987	   7	  31	  81	 37.35  	 80.29  	 79.07  	 76.06  	 68.48  	 61.79  	 59.45  	 59.90  	 59.34  	 56.78  	 29.45
1987	   8	   6	  81	 27.08  	 74.45  	 75.00  	 71.01  	 61.36  	 60.92  	 58.37  	 60.58  	 59.03  	 56.70  	 29.18
1987	   8	  13	  81	 24.55  	 72.82  	 75.27  	 69.27  	 61.60  	 60.04  	 57.82  	 59.93  	 57.71  	 56.60  	 28.80
1987	   8	  20	  81	 21.45  	 69.98  	 70.75  	 67.44  	 58.72  	 57.84  	 57.40  	 60.71  	 58.72  	 57.40  	 28.37
1987	   8	  27	  81	 39.40  	 80.05  	 78.72  	 75.40  	 65.33  	 61.34  	 58.91  	 61.01  	 58.57  	 56.58  	 29.07
1987	   9	   3	  81	 22.78  	 75.28  	 75.17  	 69.59  	 62.13  	 60.57  	 58.79  	 61.57  	 59.12  	 57.34  	 29.34
1987	   9	  10	  81	 20.21  	 71.23  	 70.79  	 68.23  	 60.47  	 58.03  	 59.14  	 59.47  	 58.03  	 57.81  	 28.68
1987	   9	  17	  81	 28.62  	 73.99  	 72.22  	 67.80  	 58.84  	 57.74  	 58.73  	 60.17  	 57.85  	 56.63  	 28.37
1987	   9	  24	  81	 21.04  	 70.11  	 71.23  	 65.65  	 59.07  	 56.06  	 60.08  	 60.86  	 59.18  	 56.62  	 29.26
1987	  10	   1	  81	 28.89  	 73.98  	 72.22  	 64.08  	 58.15  	 56.50  	 58.26  	 57.27  	 58.48  	 54.96  	 28.74
1987	  10	   8	  81	 24.38  	 74.05  	 70.37  	 65.58  	 57.11  	 56.56  	 58.01  	 60.35  	 58.79  	 56.56  	 28.95
1987	  10	  15	  81	 21.77  	 70.41  	 70.30  	 64.85  	 58.61  	 56.16  	 56.94  	 59.95  	 58.95  	 57.39  	 28.92
1987	  10	  22	  81	 28.76  	 74.71  	 71.15  	 64.60  	 57.82  	 57.38  	 56.93  	 59.49  	 59.71  	 56.49  	 28.41
1987	  10	  30	  81	 27.09  	 73.85  	 71.52  	 63.55  	 56.80  	 55.81  	 56.69  	 59.46  	 58.68  	 57.14  	 28.62
1987	  11	   5	  81	 25.57  	 72.90  	 71.01  	 62.78  	 56.99  	 55.88  	 57.66  	 58.11  	 57.44  	 56.88  	 28.83
1987	  11	  12	  81	 22.22  	 71.71  	 69.15  	 63.47  	 56.33  	 56.33  	 57.67  	 59.34  	 56.56  	 57.23  	 29.06
1987	  12	   4	  81	 35.49  	 80.68  	 79.11  	 76.09  	 65.66  	 60.62  	 60.51  	 61.07  	 59.61  	 57.14  	 28.91
1987	  12	  23	  81	 46.20  	 81.62  	 80.85  	 78.43  	 66.09  	 59.81  	 58.93  	 59.70  	 59.15  	 56.39  	 28.69
1987	  12	  31	  81	 47.23  	 83.09  	 79.38  	 77.41  	 67.81  	 60.94  	 57.44  	 58.75  	 58.32  	 54.82  	 28.99
1988	   1	   6	  81	 37.90  	 75.91  	 76.68  	 75.36  	 68.01  	 60.55  	 59.23  	 58.68  	 57.58  	 57.04  	 28.85
1988	   1	  14	  81	 37.54  	 74.60  	 74.60  	 71.04  	 63.27  	 62.93  	 59.38  	 59.04  	 57.60  	 57.71  	 28.08
1988	   1	  20	  81	 50.98  	 81.56  	 76.32  	 74.90  	 67.48  	 61.15  	 58.53  	 58.86  	 57.55  	 55.70  	 28.45
1988	   1	  29	  81	 46.60  	 75.54  	 74.88  	 72.14  	 65.79  	 61.74  	 57.03  	 57.90  	 58.67  	 55.82  	 28.24
1988	   2	   3	  81	 43.56  	 80.96  	 79.09  	 76.35  	 67.35  	 61.54  	 58.24  	 59.12  	 56.71  	 56.05  	 28.79
1988	   2	  11	  81	 21.58  	 75.72  	 74.42  	 72.35  	 66.49  	 59.54  	 57.36  	 58.23  	 56.82  	 55.95  	 28.03
1988	   2	  18	  81	 43.39  	 81.73  	 79.34  	 79.00  	 70.13  	 64.10  	 59.89  	 61.14  	 60.58  	 59.21  	 29.72
1988	   2	  24	  81	 39.37  	 81.29  	 78.74  	 78.41  	 69.08  	 61.42  	 59.65  	 59.65  	 58.98  	 55.98  	 28.49
1988	   3	   4	  81	 19.31  	 75.50  	 73.87  	 71.37  	 63.45  	 61.82  	 57.91  	 58.23  	 57.15  	 56.49  	 27.70
1988	   3	  11	  81	 36.83  	 81.04  	 77.94  	 77.17  	 67.65  	 62.56  	 58.68  	 59.13  	 58.35  	 56.80  	 28.57
1988	   3	  18	  81	 35.21  	 77.46  	 75.68  	 71.56  	 66.78  	 62.44  	 58.33  	 61.11  	 59.00  	 57.55  	 28.39
1988	   3	  25	  81	 35.56  	 76.54  	 76.32  	 70.46  	 60.83  	 58.95  	 57.52  	 59.51  	 57.96  	 56.85  	 28.65
1988	   4	   1	  81	 43.51  	 77.69  	 77.47  	 74.38  	 66.90  	 61.51  	 59.31  	 58.98  	 58.98  	 56.23  	 28.17
1988	   4	   7	  81	 36.25  	 81.04  	 77.04  	 75.49  	 67.27  	 61.27  	 58.38  	 60.49  	 58.93  	 57.04  	 29.19
1988	   4	  15	  81	 23.87  	 73.94  	 74.82  	 69.21  	 61.18  	 61.62  	 58.87  	 59.31  	 58.21  	 55.89  	 28.39
1988	   4	  21	  81	 21.98  	 72.34  	 73.67  	 69.12  	 61.36  	 58.92  	 59.81  	 59.81  	 58.48  	 57.81  	 28.13
1988	   4	  29	  81	 20.30  	 69.64  	 72.19  	 67.32  	 60.46  	 57.58  	 57.91  	 60.01  	 57.91  	 56.25  	 28.57
1988	   5	   6	  81	 15.81  	 64.81  	 71.30  	 68.39  	 59.21  	 58.87  	 59.77  	 61.00  	 58.87  	 56.97  	 29.44
1988	   5	  13	  81	 19.22  	 62.54  	 70.35  	 67.71  	 58.59  	 57.49  	 57.27  	 58.69  	 57.38  	 56.94  	 28.91
1988	   5	  20	  81	 14.75  	 55.42  	 67.59  	 65.56  	 59.37  	 57.23  	 58.58  	 60.38  	 59.48  	 59.14  	 29.01
1988	   5	  27	  81	 18.87  	 58.22  	 66.78  	 62.11  	 57.55  	 57.10  	 59.00  	 59.77  	 57.88  	 57.22  	 28.39
1988	   6	   3	  81	 14.51  	 52.27  	 63.84  	 61.28  	 57.17  	 56.72  	 59.06  	 59.28  	 57.94  	 57.50  	 29.42
1988	   6	  10	  81	 20.23  	 46.93  	 59.82  	 60.16  	 54.82  	 55.60  	 57.16  	 59.49  	 58.82  	 56.60  	 28.58
1988	   6	  17	  81	 15.16  	 44.85  	 57.22  	 59.01  	 54.07  	 56.43  	 57.33  	 60.81  	 58.34  	 57.33  	 28.50
1988	   6	  24	  81	 12.97  	 39.88  	 53.51  	 54.64  	 53.51  	 55.99  	 56.89  	 58.46  	 59.82  	 58.35  	 28.39
1988	   7	   1	  81	 11.93  	 36.07  	 50.71  	 52.04  	 50.82  	 53.93  	 56.04  	 60.14  	 58.14  	 56.59  	 28.41
1988	   7	   8	  81	 12.46  	 34.33  	 47.98  	 48.89  	 50.13  	 54.19  	 56.11  	 60.06  	 58.48  	 57.69  	 28.73
1988	   7	  15	  81	 20.39  	 35.92  	 46.22  	 47.35  	 48.48  	 53.80  	 56.97  	 60.25  	 59.12  	 57.65  	 29.33
1988	   7	  22	  81	 25.47  	 40.96  	 46.33  	 44.66  	 47.23  	 52.38  	 55.52  	 58.99  	 58.87  	 56.86  	 29.55
1988	   7	  29	  81	 25.38  	 35.63  	 38.20  	 46.61  	 48.51  	 52.10  	 57.48  	 64.77  	 69.81  	 69.81 -	999.99
1988	   8	   5	  81	 22.53  	 59.34  	 55.30  	 47.67  	 47.33  	 53.28  	 56.87  	 58.55  	 57.99  	 57.32  	 29.33
1988	   8	  12	  81	 19.20  	 56.25  	 53.33  	 45.71  	 47.51  	 51.99  	 57.03  	 59.50  	 58.71  	 56.81  	 28.91
1988	   8	  19	  81	 21.25  	 30.81  	 36.85  	 46.12  	 44.67  	 44.33  	 50.14  	 61.43  	 66.13  	 66.46  	 33.45
1988	   8	  25	  81	 16.45  	 41.53  	 49.32  	 45.32  	 42.87  	 49.10  	 53.43  	 56.99  	 57.77  	 54.88  	 28.94
1988	   9	   2	  81	 14.48  	 36.66  	 48.61  	 43.65  	 44.21  	 47.82  	 54.47  	 57.17  	 57.29  	 56.61  	 28.70
1988	   9	   9	  81	 15.45  	 38.95  	 48.20  	 41.85  	 42.18  	 47.09  	 52.88  	 56.78  	 58.45  	 55.33  	 28.84
1988	   9	  16	  81	 20.52  	 39.40  	 47.72  	 43.06  	 42.28  	 47.16  	 52.04  	 56.37  	 56.26  	 54.37  	 28.24
1988	   9	  23	  81	 23.75  	 63.13  	 63.02  	 49.76  	 42.96  	 49.43  	 51.54 -	999.99 -	999.99 -	999.99 -	999.99
1988	  10	   3	  81	 27.70  	 63.29  	 60.15  	 49.19  	 43.15  	 48.19  	 53.22  	 57.02  	 57.58  	 56.13  	 27.78
1988	  10	   6	  81	 23.34  	 61.43  	 60.43  	 46.90  	 43.10  	 48.36  	 52.60  	 56.29  	 56.85  	 55.29  	 28.31
1988	  10	  13	  81	 18.03  	 56.79  	 59.25  	 47.19  	 43.84  	 48.97  	 52.99  	 55.67  	 56.01  	 55.23  	 29.18
1988	  10	  22	  81	 28.81  	 67.35  	 66.13  	 47.35  	 43.33  	 48.13  	 53.05  	 56.18  	 55.06  	 56.29  	 28.31
1988	  10	  29	  81	 28.12  	 66.93  	 66.49  	 49.73  	 42.89  	 47.08  	 52.93  	 55.24  	 57.01  	 54.25  	 28.17
1988	  11	   4	  81	 34.81  	 75.07  	 73.30  	 58.46  	 43.41  	 48.50  	 52.27  	 54.92  	 55.25  	 54.48  	 28.24
1988	  11	  11	  81	 30.96  	 73.01  	 75.24  	 71.01  	 51.82  	 48.92  	 52.71  	 55.06  	 56.39  	 55.28  	 28.53
1988	  11	  18	  81	 32.20  	 72.33  	 74.21  	 73.55  	 73.66  	 67.47  	 58.29  	 56.52  	 58.29  	 55.08  	 28.32
1988	  11	  25	  81	 28.82  	 74.40  	 77.61  	 77.39  	 67.54  	 54.48  	 56.58  	 57.47  	 56.91  	 55.81  	 28.24
1988	  12	   3	  81	 29.73  	 72.00  	 75.43  	 71.23  	 66.36  	 61.06  	 59.18  	 58.18  	 57.41  	 54.97  	 28.32
1988	  12	   9	  81	 27.69  	 72.60  	 74.04  	 70.38  	 62.38  	 61.16  	 57.93  	 57.82  	 58.16  	 56.16  	 28.47
1988	  12	  16	  81	 28.51  	 70.46  	 72.78  	 69.13  	 59.29  	 57.63  	 56.08  	 56.52  	 57.74  	 56.08  	 28.43
1988	  12	  23	  81	 39.69  	 80.21  	 78.44  	 77.11  	 68.57  	 61.36  	 58.03  	 59.58  	 58.70  	 56.15  	 28.79
1988	  12	  31	  81	 32.18  	 77.86  	 77.86  	 75.25  	 66.23  	 59.16  	 57.21  	 56.44  	 57.21  	 54.92  	 27.95
1989	   1	   6	  81	 51.53  	 80.90  	 79.80  	 78.15  	 67.99  	 60.82  	 58.17  	 57.73  	 58.50  	 56.84  	 28.31
1989	   1	  13	  81	 34.25  	 75.65  	 77.31  	 76.76  	 68.58  	 60.61  	 58.18  	 58.40  	 57.85  	 56.19  	 28.26
1989	   1	  20	  81	 35.90  	 75.25  	 75.25  	 73.81  	 69.83  	 60.85  	 57.64  	 58.08  	 57.42  	 56.64  	 28.15
1989	   1	  28	  81	 34.79  	 73.95  	 72.85  	 75.61  	 68.76  	 60.49  	 57.84  	 57.40  	 55.63  	 54.09  	 29.03
1989	   2	   3	  81	 34.95  	 74.34  	 74.90  	 71.79  	 66.67  	 61.89  	 59.66  	 58.44  	 56.21  	 56.44  	 27.88
1989	   2	  10	  81	 29.52  	 71.52  	 71.52  	 68.11  	 61.73  	 60.41  	 57.99  	 56.67  	 56.01  	 53.58  	 27.84
1989	   2	  17	  81	 26.80  	 75.31  	 75.20  	 72.00  	 61.42  	 62.19  	 56.78  	 58.55  	 58.99  	 55.24  	 28.23
1989	   2	  25	  81	 37.57  	 72.58  	 73.78  	 71.27  	 65.15  	 60.78  	 57.29  	 57.39  	 57.29  	 55.43  	 27.60
1989	   3	   3	  81	 36.48  	 74.27  	 75.50  	 70.71  	 67.59  	 61.79  	 57.78  	 58.90  	 57.34  	 56.11  	 29.11
1989	   3	  10	  81	 49.44  	 75.49  	 75.82  	 76.26  	 68.61  	 60.73  	 56.80  	 57.45  	 57.89  	 55.60  	 28.07
1989	   3	  16	  81	 33.72  	 76.58  	 74.92  	 73.70  	 66.72  	 61.18  	 58.08  	 58.53  	 57.31  	 55.64  	 28.49
1989	   3	  23	  81	 33.91  	 73.57  	 76.02  	 71.90  	 67.77  	 61.19  	 59.52  	 57.73  	 58.29  	 55.61  	 28.25
1989	   3	  30	  81	 38.60  	 74.50  	 75.95  	 68.59  	 63.80  	 60.57  	 59.23  	 56.22  	 59.23  	 56.78  	 26.77
1989	   4	   6	  81	 41.61  	 82.30  	 79.73  	 76.84  	 70.26  	 62.02  	 56.11  	 58.56  	 57.56  	 55.00  	 29.17
1989	   4	  13	  81	 35.16  	 77.46  	 75.90  	 76.01  	 69.00  	 62.00  	 57.99  	 59.00  	 57.55  	 56.44  	 28.39
1989	   4	  20	  81	 34.35  	 71.64  	 72.19  	 70.19  	 64.96  	 58.50  	 58.17  	 58.06  	 55.27  	 54.60  	 28.92
1989	   4	  27	  81	 33.50  	 72.34  	 72.23  	 70.01  	 60.77  	 59.11  	 59.00  	 60.33  	 58.33  	 56.66  	 29.39
1989	   5	   4	  81	 31.50  	 74.67  	 75.66  	 73.00  	 66.24  	 62.91  	 59.03  	 59.36  	 58.14  	 55.70  	 28.18
1989	   5	  16	  81	 32.68  	 76.36  	 75.25  	 71.60  	 66.06  	 63.95  	 58.08  	 57.20  	 59.30  	 57.08  	 27.49
1989	   5	  26	  81	 44.16  	 83.21  	 80.21  	 80.10  	 70.79  	 63.58  	 60.25  	 58.37  	 59.03  	 58.25  	 29.02
1989	   6	   2	  81	 26.42  	 73.68  	 74.58  	 74.13  	 67.01  	 63.17  	 60.46  	 61.03  	 60.35  	 57.75  	 29.44
1989	   6	   9	  81	 17.83  	 72.26  	 74.70  	 69.49  	 62.51  	 59.63  	 57.86  	 59.41  	 57.20  	 56.64  	 27.99
1989	   6	  15	  81	 18.06  	 69.35  	 70.57  	 68.46  	 58.84  	 58.84  	 59.07  	 58.40  	 58.29  	 57.19  	 28.65
1989	   6	  23	  81	 15.43  	 64.04  	 69.60  	 66.71  	 58.04  	 58.38  	 58.71  	 59.27  	 58.16  	 56.71  	 28.69
1989	   6	  30	  81	 26.19  	 74.20  	 73.21  	 70.13  	 62.32  	 61.55  	 56.39  	 58.15  	 57.71  	 54.74  	 27.81
1989	   7	   7	  81	 17.68  	 69.65  	 70.97  	 68.21  	 60.16  	 57.95  	 57.95  	 59.60  	 57.07  	 56.40  	 28.26
1989	   7	  14	  81	 15.76  	 63.40  	 68.57  	 67.78  	 59.13  	 58.79  	 59.24  	 60.70  	 59.01  	 57.44  	 28.66
1989	   7	  21	  81	 28.79  	 57.98  	 67.53  	 63.31  	 56.65  	 56.54  	 57.09  	 59.20  	 59.09  	 56.43  	 28.82
1989	   7	  28	  81	 17.93  	 59.18  	 64.93  	 61.17  	 55.86  	 56.08  	 58.29  	 58.40  	 59.73  	 56.96  	 28.21
1989	   8	   4	  81	 12.53  	 51.38  	 61.65  	 60.99  	 54.69  	 54.81  	 57.35  	 58.45  	 58.01  	 55.69  	 28.12
1989	   8	  10	  81	 14.39  	 36.81  	 53.86  	 57.49  	 51.66  	 55.18  	 56.50  	 58.59  	 56.72  	 56.17  	 27.81
1989	   8	  17	  81	 13.32  	 33.23  	 52.44  	 54.11  	 52.10  	 55.11  	 57.57  	 58.80  	 57.24  	 56.90  	 28.23
1989	   8	  25	  81	 28.67  	 70.67  	 60.92  	 60.25  	 52.71  	 54.15  	 56.37  	 59.47  	 57.37  	 55.04  	 28.74
1989	   9	   1	  81	 35.96  	 78.48  	 77.25  	 68.89  	 52.49  	 53.38  	 56.62  	 59.07  	 58.74  	 55.50  	 28.03
1989	   9	  11	  81	 28.22  	 74.22  	 73.23  	 71.23  	 63.69  	 60.47  	 58.03  	 59.36  	 59.25  	 57.26  	 28.63
1989	   9	  15	  81	 31.93  	 74.93  	 77.49  	 73.93  	 66.49  	 60.60  	 58.16  	 59.82  	 58.38  	 56.27  	 28.52
1989	   9	  21	  81	 20.80  	 70.56  	 72.56  	 67.57  	 61.47  	 57.92  	 58.81  	 60.03  	 57.59  	 57.37  	 28.35
1989	   9	  29	  81	 17.80  	 65.27  	 71.75  	 67.17  	 59.36  	 57.46  	 57.57  	 57.79  	 58.69  	 56.79  	 29.62
1989	  10	   5	  81	 16.15  	 62.05  	 68.46  	 66.47  	 57.85  	 57.07  	 56.63  	 59.84  	 58.29  	 55.64  	 28.70
1989	  10	  12	  81	 16.05  	 58.40  	 68.24  	 65.04  	 57.41  	 55.75  	 57.96  	 58.73  	 58.40  	 56.63  	 27.93
1989	  10	  19	  81	 27.05  	 56.89  	 66.16  	 64.17  	 56.89  	 56.12  	 57.12  	 58.11  	 58.00  	 56.67  	 28.45
1989	  10	  25	  81	 23.59  	 59.26  	 67.87  	 63.73  	 55.57  	 56.69  	 57.02  	 59.82  	 58.36  	 56.91  	 28.85
1989	  11	   2	  81	 20.53  	 57.74  	 57.41  	 66.03  	 62.83  	 53.87  	 55.31  	 56.52  	 58.18  	 56.63  	 28.04
1989	  11	   9	  81	 24.87  	 58.66  	 65.39  	 61.86  	 55.24  	 53.81  	 55.13  	 58.88  	 57.67  	 56.45  	 28.78
1989	  11	  17	  81	 30.96  	 65.02  	 65.57  	 60.97  	 53.96  	 53.96  	 54.84  	 58.67  	 57.46  	 56.04  	 27.86
1989	  11	  27	  81	 25.03  	 64.60  	 66.28  	 62.82  	 54.78  	 56.34  	 58.13  	 59.47  	 58.02  	 56.90  	 28.90
1989	  12	   1	  81	 23.18  	 63.31  	 66.18  	 61.77  	 53.15  	 55.47  	 57.57  	 58.67  	 57.90  	 56.68  	 28.51
1989	  12	   7	  81	 19.68  	 63.18  	 65.62  	 62.07  	 51.88  	 53.87  	 55.42  	 59.30  	 58.19  	 55.87  	 28.21
1989	  12	  14	  81	 20.80  	 61.45  	 65.99  	 61.67  	 53.37  	 53.48  	 56.80  	 57.58  	 58.02  	 55.70  	 28.95
1990	   1	   5	  81	 30.91  	 71.63  	 71.41  	 59.80  	 52.42  	 52.86  	 55.03  	 57.52  	 56.54  	 55.79  	 28.00
1990	   1	  12	  81	 28.88  	 71.08  	 71.30  	 63.38  	 53.36  	 54.24  	 55.56  	 58.54  	 57.22  	 55.89  	 27.84
1990	   1	  19	  81	 30.91  	 74.37  	 74.81  	 61.96  	 52.76  	 54.87  	 54.87  	 57.42  	 57.97  	 56.31  	 28.76
1990	   1	  26	  81	 30.91  	 73.29  	 73.62  	 66.89  	 54.31  	 53.97  	 54.53  	 56.62  	 57.40  	 56.84  	 28.42
1990	   2	   1	  81	 38.09  	 75.29  	 73.18  	 69.31  	 54.15  	 54.70  	 56.25  	 56.69  	 58.02  	 55.25  	 28.07
1990	   2	   9	  81	 35.60  	 74.05  	 75.50  	 74.27  	 67.25  	 61.57  	 56.67  	 59.45  	 60.01  	 57.00  	 28.50
1990	   2	  16	  81	 40.84  	 84.85  	 80.25  	 76.85  	 68.53  	 59.98  	 57.03  	 58.34  	 57.68  	 56.70  	 28.29
1990	   2	  23	  81	 49.92  	 81.82  	 81.71  	 77.72  	 69.42  	 61.01  	 58.57  	 59.24  	 58.13  	 58.02  	 28.35
1990	   3	   1	  81	 38.73  	 78.16  	 79.92  	 76.84  	 68.26  	 61.77  	 56.83  	 58.48  	 58.04  	 57.16  	 28.14
1990	   3	   9	  81	 42.81  	 80.71  	 80.60  	 78.72  	 68.20  	 60.79  	 57.58  	 59.79  	 57.80  	 57.14  	 29.29
1990	   3	  16	  81	 38.12  	 80.32  	 80.21  	 77.78  	 67.95  	 60.33  	 57.46  	 59.00  	 59.11  	 58.23  	 28.78
1990	   3	  23	  81	 37.54  	 74.14  	 74.69  	 76.02  	 67.62  	 61.32  	 58.12  	 59.33  	 58.34  	 56.02  	 28.01
1990	   3	  29	  81	 42.59  	 75.80  	 73.94  	 71.41  	 62.52  	 61.32  	 56.82  	 59.34  	 57.91  	 55.28  	 28.19
1990	   4	   6	  81	 33.87  	 73.54  	 74.10  	 69.69  	 63.51  	 60.20  	 58.22  	 57.89  	 57.89  	 55.68  	 28.78
1990	   4	  16	  81	 36.38  	 75.91  	 75.13  	 75.24  	 66.96  	 60.33  	 58.78  	 59.78  	 57.35  	 55.47  	 28.45
1990	   4	  20	  81	 35.84  	 73.13  	 72.47  	 71.27  	 63.25  	 60.17  	 56.88  	 58.19  	 58.41  	 55.78  	 28.11
1990	   4	  27	  81	 23.10  	 69.53  	 73.86  	 69.64  	 61.87  	 58.87  	 60.20  	 58.54  	 59.09  	 58.09  	 28.33
1990	   5	   3	  81	 25.44  	 65.61  	 72.55  	 68.36  	 59.76  	 57.45  	 58.11  	 58.22  	 57.67  	 55.46  	 28.12
1990	   5	  11	  81	 31.07  	 71.56  	 71.12  	 68.23  	 59.47  	 57.59  	 57.81  	 58.81  	 59.25  	 56.92  	 28.96
1990	   5	  18	  81	 37.71  	 83.02  	 79.57  	 78.68  	 68.11  	 62.00  	 58.11  	 59.77  	 58.77  	 56.77  	 28.16
1990	   5	  25	  81	 41.43  	 80.16  	 78.41  	 77.75  	 68.19  	 61.38  	 57.97  	 58.74  	 57.86  	 56.11  	 28.99
1990	   6	   1	  81	 25.70  	 70.97  	 74.67  	 71.75  	 64.68  	 63.33  	 60.64  	 59.51  	 59.40  	 57.83  	 29.19
1990	   6	   8	  81	 36.44  	 77.44  	 76.66  	 73.11  	 67.79  	 61.58  	 58.48  	 59.25  	 58.59  	 57.26  	 28.85
1990	   6	  15	  81	 22.77  	 67.36  	 72.32  	 70.18  	 63.08  	 60.27  	 57.56  	 60.27  	 59.93  	 57.68  	 29.46
1990	   6	  22	  81	 38.29  	 80.51  	 79.18  	 78.95  	 68.70  	 62.24  	 59.45  	 59.45  	 58.79  	 58.12  	 29.11
1990	   6	  29	  81	 34.35  	 78.89  	 80.23  	 76.22  	 70.86  	 62.82  	 60.14  	 59.02  	 57.12  	 56.90  	 29.23
1990	   7	   6	  81	 20.90  	 64.47  	 77.95  	 69.26  	 61.01  	 58.90  	 58.12  	 58.45  	 58.12  	 58.90  	 28.50
1990	   7	  13	  81	 30.91  	 71.52  	 70.53  	 67.76  	 59.35  	 58.24  	 58.91  	 58.80  	 57.58  	 56.80  	 28.46
1990	   7	  20	  81	 26.98  	 69.62  	 71.98  	 66.14  	 58.05  	 59.51  	 55.92  	 58.17  	 56.48  	 54.01  	 28.35
1990	   7	  27	  81	 24.16  	 69.74  	 73.75  	 68.19  	 58.50  	 58.95  	 58.83  	 58.95  	 58.95  	 56.39  	 28.53
1990	   8	   3	  81	 19.81  	 64.63  	 71.38  	 68.12  	 59.58  	 57.33  	 57.67  	 59.58  	 58.90  	 58.12  	 29.23
1990	   8	  10	  81	 17.34  	 53.84  	 68.87  	 65.40  	 57.99  	 57.54  	 57.99  	 60.57  	 58.22  	 58.66  	 29.50
1990	   8	  17	  81	 19.63  	 53.06  	 67.50  	 64.12  	 57.24  	 58.25  	 58.03  	 58.82  	 59.27  	 57.91  	 29.07
1990	   8	  24	  81	 22.33  	 58.25  	 64.80  	 60.36  	 55.37  	 55.37  	 57.92  	 59.25  	 58.81  	 56.48  	 28.68
1990	   8	  30	  81	 21.67  	 60.52  	 64.90  	 61.65  	 55.02  	 56.03  	 57.94  	 59.85  	 58.95  	 57.60  	 28.86
1990	   9	   7	  81	 19.00  	 49.21  	 59.33  	 58.77  	 53.10  	 54.10  	 56.77  	 58.88  	 58.33  	 55.21  	 28.66
1990	   9	  14	  81	 17.39  	 47.03  	 57.83  	 56.61  	 51.49  	 54.49  	 57.61  	 58.39  	 57.72  	 56.16  	 28.75
1990	   9	  21	  81	 23.46  	 48.07  	 56.68  	 55.69  	 52.04  	 53.26  	 55.69  	 58.56  	 58.34  	 55.80  	 28.67
1990	   9	  28	  81	 22.09  	 51.65  	 56.71  	 55.59  	 51.54  	 53.68  	 56.83  	 59.08  	 58.63  	 57.84  	 29.14
1990	  10	   5	  81	 25.05  	 65.09  	 60.87  	 57.21  	 52.10  	 52.99  	 56.21  	 58.76  	 57.65  	 55.87  	 28.05
1990	  10	  12	  81	 30.10  	 81.99  	 80.43  	 76.98  	 66.40  	 62.29  	 58.50  	 59.50  	 58.72  	 57.83  	 29.14
1990	  10	  19	  81	 30.31  	 75.76  	 75.53  	 75.31  	 68.74  	 60.84  	 58.17  	 59.84  	 58.83  	 56.94  	 28.47
1990	  10	  26	  81	 24.15  	 73.01  	 73.57  	 70.11  	 61.19  	 60.52  	 58.40  	 60.08  	 59.07  	 56.62  	 28.98
1990	  11	   2	  81	 20.99  	 71.49  	 72.61  	 69.37  	 60.43  	 57.07  	 57.97  	 58.86  	 58.19  	 56.96  	 28.76
1990	  11	   9	  81	 28.68  	 74.01  	 73.79  	 69.12  	 60.77  	 56.10  	 57.88  	 59.33  	 59.11  	 57.10  	 29.11
1990	  11	  16	  81	 23.99  	 72.31  	 73.31  	 68.74  	 58.17  	 57.17  	 57.72  	 57.83  	 57.83  	 55.72  	 29.14
1990	  11	  21	  81	 25.96  	 72.08  	 73.08  	 68.85  	 59.95  	 56.61  	 57.61  	 59.73  	 58.95  	 56.05  	 28.92
1990	  12	   3	  81	 39.46  	 79.49  	 78.38  	 76.82  	 68.15  	 61.60  	 59.38  	 59.16  	 59.38  	 56.16  	 28.91
1990	  12	   7	  81	 27.72  	 76.47  	 76.14  	 75.02  	 66.54  	 60.86  	 59.07  	 58.85  	 59.18  	 57.40  	 28.70
1990	  12	  14	  81	 26.96  	 74.62  	 75.18  	 71.71  	 63.67  	 60.65  	 58.97  	 59.64  	 59.76  	 57.19  	 29.04
1990	  12	  21	  81	 37.60  	 79.83  	 78.08  	 77.42  	 69.84  	 62.26  	 58.52  	 58.52  	 57.86  	 56.22  	 28.71
1990	  12	  31	  81	 47.65  	 79.59  	 80.80  	 77.06  	 68.92  	 61.88  	 58.80  	 58.48  	 58.69  	 56.39  	 28.08
1991	   1	   4	  81	 49.14  	 76.48  	 77.68  	 76.59  	 68.28  	 60.73  	 58.22  	 58.88  	 57.13  	 57.02  	 28.51
1991	   1	  11	  81	 59.77  	 72.35  	 74.07  	 70.83  	 69.97  	 60.68  	 56.58  	 58.41  	 55.93  	 53.12  	 26.67
1991	   1	  17	  81	 42.64  	 78.54  	 77.10  	 76.88  	 69.72  	 63.00  	 58.82  	 58.49  	 59.15  	 55.95  	 28.64
1991	   1	  25	  81	 45.56  	 73.08  	 73.62  	 73.08  	 67.53  	 59.16  	 57.10  	 58.40  	 57.42  	 55.47  	 28.60
1991	   2	   1	  81	 57.43  	 71.96  	 72.73  	 71.08  	 62.77  	 60.58  	 58.39  	 58.50  	 59.48  	 56.64  	 28.32
1991	   2	   8	  81	 42.37  	 77.78  	 77.01  	 73.03  	 64.42  	 61.43  	 58.45  	 60.00  	 59.00  	 56.35  	 28.56
1991	   2	  15	  81	 35.58  	 74.77  	 75.76  	 71.23  	 62.83  	 61.83  	 59.51  	 57.96  	 59.29  	 56.52  	 28.81
1991	   2	  22	  81	 39.32  	 77.85  	 76.63  	 70.75  	 62.09  	 61.31  	 57.87  	 58.65  	 59.20  	 57.65  	 28.60
1991	   3	   1	  81	 35.06  	 75.42  	 73.77  	 68.03  	 59.43  	 57.56  	 58.77  	 59.65  	 58.11  	 56.78  	 28.56
1991	   3	   8	  81	 32.82  	 75.47  	 74.80  	 71.34  	 61.53  	 61.08  	 59.52  	 59.52  	 58.40  	 57.96  	 28.98
1991	   3	  15	  81	 37.74  	 76.79  	 76.46  	 74.03  	 69.06  	 62.10  	 59.78  	 59.56  	 58.23  	 56.90  	 28.78
1991	   3	  22	  81	 42.46  	 78.04  	 77.38  	 75.93  	 67.93  	 62.60  	 60.82  	 59.27  	 58.93  	 56.04  	 29.19
1991	   3	  29	  81	 37.47  	 77.25  	 79.46  	 78.02  	 69.05  	 61.85  	 58.97  	 60.52  	 57.64  	 57.20  	 29.15
1991	   4	   5	  81	 38.39  	 76.39  	 77.51  	 72.13  	 63.49  	 63.04  	 59.34  	 61.02  	 57.88  	 55.52  	 29.00
1991	   4	  12	  81	 29.06  	 73.31  	 75.32  	 69.29  	 61.26  	 58.91  	 58.58  	 60.14  	 58.58  	 56.12  	 28.62
1991	   4	  19	  81	 33.21  	 73.28  	 75.96  	 72.16  	 62.10  	 63.67  	 60.76  	 58.53  	 58.64  	 57.97  	 29.15
1991	   4	  26	  81	 28.12  	 69.82  	 73.61  	 68.48  	 60.57  	 58.79  	 57.45  	 60.01  	 57.34  	 57.56  	 27.78
1991	   5	   3	  81	 29.73  	 64.00  	 73.28  	 68.25  	 59.42  	 57.63  	 58.97  	 59.31  	 58.30  	 56.96  	 28.70
1991	   5	  10	  81	 31.29  	 74.81  	 75.70  	 72.46  	 61.61  	 62.39  	 58.25  	 59.48  	 58.92  	 57.69  	 29.01
1991	   5	  20	  81	 37.57  	 80.13  	 79.24  	 76.92  	 67.72  	 61.52  	 57.97  	 58.97  	 58.75  	 56.42  	 28.32
1991	   5	  22	  81	 45.07  	 86.24  	 80.65  	 79.20  	 67.69  	 62.10  	 60.20  	 61.32  	 60.87  	 57.07  	 28.43
1991	   5	  31	  81	 31.72  	 73.40  	 75.09  	 72.61  	 62.50  	 61.82  	 59.13  	 60.48  	 59.91  	 57.10  	 28.66
1991	   6	   7	  81	 21.20  	 61.10  	 71.82  	 69.37  	 60.20  	 58.97  	 58.75  	 60.20  	 59.20  	 56.18  	 28.48
1991	   6	  14	  81	 19.13  	 46.88  	 64.72  	 64.50  	 57.65  	 57.09  	 58.78  	 59.56  	 58.44  	 57.54  	 29.00
1991	   6	  25	  81	 17.20  	 42.88  	 54.13  	 56.49  	 53.79  	 57.39  	 59.53  	 58.51  	 60.20  	 57.28  	 30.21
1991	   6	  28	  81	 16.25  	 37.59  	 52.33  	 54.69  	 52.44  	 55.93  	 58.85  	 61.33  	 59.08  	 57.28  	 28.98
1991	   7	   5	  81	 15.16  	 35.57  	 49.11  	 49.56  	 49.22  	 54.30  	 57.57  	 58.93  	 58.48  	 56.90  	 28.84
1991	   7	  12	  81	 32.96  	 72.39  	 57.63  	 45.00  	 45.90  	 52.78  	 57.40  	 59.09  	 57.85  	 56.95  	 28.53
1991	   7	  18	  81	 19.56  	 60.44  	 55.15  	 44.44  	 45.34  	 52.78  	 56.72  	 59.32  	 59.65  	 58.53  	 28.53
1991	   7	  25	  81	 13.94  	 41.28  	 49.89  	 43.21  	 42.19  	 49.10  	 56.24  	 59.30  	 59.64  	 57.03  	 29.03
1991	   8	   2	  81	 13.69  	 34.00  	 45.20  	 41.35  	 41.92  	 49.05  	 56.29  	 59.12  	 58.55  	 57.31  	 28.94
1991	   8	   9	  81	 30.32  	 64.14  	 46.36  	 40.74  	 41.98  	 49.40  	 54.46  	 58.29  	 58.06  	 57.05  	 28.81
1991	   8	  16	  81	 18.35  	 51.48  	 45.35  	 41.49  	 41.26  	 47.85  	 55.00  	 57.72  	 58.74  	 58.06  	 28.35
1991	   8	  23	  81	 14.13  	 38.53  	 44.95  	 40.56  	 41.68  	 47.54  	 54.30  	 56.33  	 56.55  	 57.23  	 29.18
1991	   8	  30	  81	 13.43  	 33.32  	 43.39  	 41.80  	 41.46  	 48.37  	 54.71  	 57.87  	 58.10  	 56.06  	 28.54
1991	   9	   5	  81	 17.08  	 34.39  	 42.93  	 41.11  	 40.99  	 49.31  	 54.67  	 57.06  	 57.63  	 57.06  	 29.04
1991	   9	  14	  81	 18.32  	 45.17  	 43.13  	 41.20  	 43.01  	 47.90  	 54.15  	 58.47  	 58.35  	 56.76  	 28.95
1991	   9	  20	  81	 15.78  	 38.91  	 43.03  	 39.46  	 41.25  	 48.04  	 51.27  	 56.27  	 57.05  	 55.61  	 28.30
1991	   9	  27	  81	 18.84  	 38.62  	 43.52  	 39.84  	 41.74  	 48.87  	 52.88  	 55.55  	 55.89  	 56.11  	 27.83
1991	  10	   4	  81	 29.67  	 39.79  	 43.62  	 39.57  	 40.81  	 49.46  	 53.96  	 56.77  	 56.43  	 54.41  	 28.44
1991	  10	  10	  81	 24.72  	 55.07  	 42.96  	 40.04  	 41.39  	 48.90  	 53.50  	 56.20  	 56.87  	 55.41  	 28.60
1991	  10	  18	  81	 20.93  	 52.33  	 45.11  	 41.28  	 42.41  	 48.16  	 53.91  	 56.27  	 56.84  	 56.50  	 28.36
1991	  10	  24	  81	 20.62  	 50.81  	 44.85  	 40.69  	 42.60  	 48.79  	 53.28  	 56.54  	 56.65  	 54.74  	 29.68
1991	  11	   1	  81	 35.69  	 73.13  	 55.79  	 40.24  	 42.59  	 48.19  	 51.88  	 56.58  	 55.90  	 57.36  	 28.46
1991	  11	   7	  81	 36.02  	 70.19  	 59.25  	 41.94  	 41.49  	 47.41  	 53.89  	 57.01  	 55.78  	 55.56  	 28.17
1991	  11	  15	  81	 39.23  	 75.50  	 63.35  	 40.85  	 42.20  	 48.84  	 53.90  	 56.94  	 56.94  	 57.16  	 29.03
1991	  11	  22	  81	 35.60  	 72.27  	 74.62  	 64.45  	 41.76  	 48.25  	 53.72  	 56.85  	 55.51  	 56.40  	 27.98
1991	  12	   2	  81	 36.14  	 71.79  	 73.01  	 67.66  	 52.16  	 48.92  	 53.49  	 57.18  	 57.18  	 55.84  	 28.48
1991	  12	   5	  81	 37.48  	 73.11  	 74.89  	 70.01  	 58.37  	 51.93  	 56.59  	 57.15  	 57.26  	 56.26  	 28.46
1991	  12	  13	  81	 39.28  	 76.14  	 73.35  	 72.01  	 59.29  	 56.06  	 56.39  	 57.40  	 58.40  	 56.73  	 27.36
1991	  12	  19	  81	 30.64  	 72.87  	 71.42  	 69.62  	 58.76  	 57.87  	 53.50  	 57.87  	 57.20  	 54.17  	 27.37
1991	  12	  31	  81	 34.89  	 72.50  	 73.50  	 70.60  	 60.65  	 58.30  	 56.07  	 56.85  	 57.30  	 55.51  	 27.31
1992	   1	   3	  81	 38.96  	 71.41  	 72.87  	 66.06  	 55.90  	 60.36  	 56.45  	 58.35  	 57.68  	 57.46  	 29.12
1992	   1	  10	  81	 36.57  	 73.44  	 75.13  	 71.53  	 67.47  	 62.97  	 59.82  	 59.59  	 56.89  	 56.66  	 28.44
1992	   2	   4	  81	 35.44  	 74.68  	 75.92  	 73.56  	 70.29  	 60.94  	 58.69  	 59.59  	 58.24  	 55.09  	 29.01
1992	   2	   7	  81	 30.59  	 74.99  	 75.32  	 73.98  	 68.85  	 60.70  	 57.79  	 60.47  	 57.35  	 58.35  	 28.51
1992	   2	  28	  81	 35.91  	 74.47  	 74.25  	 73.69  	 68.10  	 61.50  	 57.13  	 59.15  	 59.37  	 56.24  	 29.01
1992	   3	  16	  81	 33.41  	 72.73  	 71.72  	 67.77  	 59.09  	 58.41  	 58.30  	 58.30  	 58.08  	 55.93  	 29.15
1992	   3	  30	  81	 40.89  	 74.83  	 74.94  	 69.09  	 61.55  	 60.65  	 58.18  	 59.08  	 57.95  	 56.15  	 28.47
1992	   4	  17	  81	 40.27  	 74.70  	 75.93  	 73.58  	 67.09  	 60.49  	 57.69  	 59.82  	 55.68  	 55.90  	 28.46
1992	   4	  30	  81	 40.91  	 73.38  	 72.49  	 69.71  	 60.23  	 61.57  	 59.57  	 57.56  	 56.89  	 57.78  	 28.89
1992	   5	  12	  81	 25.13  	 65.73  	 71.00  	 67.30  	 58.44  	 57.65  	 57.99  	 58.78  	 57.88  	 56.64  	 28.38
1992	   5	  29	  81	 24.56  	 71.04  	 73.17  	 67.68  	 58.15  	 57.03  	 58.27  	 59.05  	 58.49  	 56.02  	 28.52
1992	   6	  15	  81	 19.39  	 59.11  	 69.27  	 64.98  	 58.65  	 57.19  	 58.20  	 59.90  	 59.11  	 56.85  	 28.08
1992	   6	  26	  81	 18.03  	 55.12  	 67.29  	 62.85  	 56.82  	 58.42  	 59.78  	 59.78  	 57.28  	 57.39  	 28.75
1992	   7	  13	  81	 35.55  	 76.31  	 75.08  	 72.05  	 67.34  	 61.29  	 59.27  	 60.17  	 57.82  	 55.58  	 29.13
1992	   7	  30	  81	 46.12  	 85.22  	 81.16  	 78.61  	 73.28  	 62.60  	 61.56  	 58.43  	 60.52  	 57.96  	 31.48
1992	   8	  12	  81	 25.22  	 72.76  	 74.59  	 69.20  	 61.63  	 62.78  	 58.30  	 60.02  	 59.33  	 58.19  	 29.04
1992	   8	  28	  81	 33.73  	 75.37  	 74.13  	 69.04  	 58.43  	 57.75  	 59.67  	 59.33  	 58.09  	 55.38  	 29.78
1992	   9	  15	  81	 25.38  	 70.28  	 71.76  	 65.17  	 56.08  	 57.22  	 58.24  	 60.51  	 57.67  	 57.33  	 30.37
1992	  10	   2	  81	 28.47  	 72.20  	 71.19  	 62.63  	 55.09  	 56.21  	 57.23  	 60.38  	 58.01  	 57.11  	 29.51
1992	  10	  27	  81	 28.29  	 69.05  	 70.18  	 60.38  	 59.37  	 60.83  	 59.37  	 59.82  	 58.13  	 56.89  	 29.51
1992	  11	  30	  81	 43.12  	 78.63  	 79.31  	 77.85  	 69.66  	 62.59  	 60.01  	 60.01  	 57.65  	 57.99  	 29.72
1992	  12	  28	  81	 39.37  	 72.89  	 74.45  	 71.67  	 66.02  	 62.14  	 58.81  	 58.37  	 58.37  	 55.93  	 29.52
1993	   1	  25	  81	 45.48  	 80.82  	 80.71  	 77.38  	 70.60  	 62.60  	 58.82  	 58.82  	 58.38  	 55.27  	 29.52
1993	   2	  25	  81	 25.56  	 75.79  	 73.93  	 68.13  	 63.64  	 62.99  	 59.26  	 59.16  	 57.08  	 57.40  	 28.65
1993	   3	  15	  81	 37.09  	 78.96  	 78.41  	 74.86  	 69.30  	 61.76  	 58.32  	 60.20  	 57.87  	 57.09  	 28.99
1993	   3	  29	  81	 38.23  	 78.73  	 78.17  	 76.28  	 68.93  	 62.69  	 59.45  	 59.57  	 58.01  	 55.55  	 28.22
1993	   4	  13	  81	 34.81  	 75.71  	 74.93  	 69.04  	 62.16  	 62.71  	 58.60  	 60.16  	 57.60  	 56.38  	 28.36
1993	   4	  27	  81	 38.50  	 80.26  	 79.47  	 78.68  	 69.02  	 62.84  	 58.34  	 59.91  	 59.69  	 56.32  	 29.23
1993	   5	  11	  81	 23.02  	 71.27  	 74.42  	 68.11  	 61.12  	 59.43  	 59.99  	 60.67  	 58.98  	 57.63  	 30.00
1993	   5	  25	  81	 26.73  	 55.93  	 66.95  	 64.14  	 57.28  	 57.50  	 58.29  	 59.64  	 59.19  	 56.49  	 29.54
1993	   6	  17	  81	 24.36  	 60.82  	 64.66  	 58.10  	 53.01  	 54.82  	 57.99  	 60.02  	 59.57  	 56.97  	 30.13
1993	   7	   2	  81	 36.77  	 76.87  	 75.52  	 71.23  	 60.85  	 60.06  	 60.06  	 59.04  	 58.48  	 56.56  	 29.35
1993	   7	  12	  81	 33.65  	 72.13  	 73.59  	 68.30  	 58.06  	 58.29  	 59.30  	 59.30  	 57.95  	 56.26  	 29.26
1993	   7	  27	  81	 42.11  	 75.92  	 75.70  	 73.33  	 65.45  	 61.62  	 59.48  	 60.04  	 58.46  	 57.45  	 29.35
1993	   8	  16	  81	 38.30  	 77.85  	 76.50  	 73.45  	 67.69  	 62.27  	 60.46  	 59.67  	 59.33  	 57.75  	 29.78
1993	   8	  30	  81	 27.27  	 71.49  	 74.33  	 68.20  	 61.06  	 59.36  	 60.04  	 59.70  	 60.83  	 56.41  	 29.40
1993	   9	  13	  81	 37.48  	 75.98  	 73.86  	 67.85  	 58.95  	 57.39  	 58.28  	 59.28  	 58.39  	 56.72  	 28.86
1993	  10	   1	  81	 32.37  	 76.09  	 75.08  	 72.95  	 64.43  	 62.08  	 59.50  	 60.28  	 58.38  	 56.58  	 29.64
1993	  10	  25	  81	 33.26  	 75.02  	 74.91  	 71.23  	 63.20  	 61.08  	 59.96  	 60.52  	 56.95  	 55.84  	 29.42
1993	  12	   2	  81	 45.24  	 79.79  	 80.24  	 77.90  	 66.11  	 60.89  	 59.77  	 60.66  	 58.66  	 56.99  	 27.77
1993	  12	  30	  81	 34.33  	 75.88  	 74.12  	 69.18  	 59.73  	 56.55  	 58.52  	 59.51  	 58.19  	 56.66  	 28.27
1994	   1	  24	  81	 53.31  	 73.69  	 72.04  	 68.62  	 59.92  	 56.17  	 57.39  	 59.37  	 57.17  	 54.85  	 28.20
1994	   3	   3	  81	 45.64  	 76.10  	 75.22  	 70.06  	 59.29  	 56.77  	 57.21  	 60.28  	 56.66  	 57.32  	 28.27
1994	   3	  15	  81	 36.74  	 76.84  	 74.50  	 70.71  	 63.02  	 60.90  	 58.56  	 60.68  	 59.23  	 56.11  	 28.61
1994	   3	  28	  81	 36.87  	 75.36  	 73.35  	 70.78  	 59.96  	 57.84  	 58.74  	 59.63  	 59.18  	 56.28  	 29.20
1994	   4	  14	  81	 46.61  	 83.86  	 80.96  	 77.28  	 67.25  	 62.13  	 59.23  	 60.12  	 59.68  	 56.00  	 29.28
1994	   4	  25	  81	 27.87  	 74.12  	 75.23  	 71.01  	 61.33  	 62.00  	 58.88  	 58.77  	 57.77  	 55.44  	 28.61
1994	   5	  19	  81	 30.58  	 71.75  	 74.53  	 70.86  	 61.06  	 57.50  	 59.39  	 60.84  	 58.06  	 54.49  	 28.92
1994	   6	   3	  81	 30.03  	 68.11  	 68.66  	 66.43  	 57.18  	 57.29  	 57.29  	 59.52  	 58.85  	 56.73  	 28.59
1994	   6	  14	  81	 25.82  	 57.41  	 66.11  	 63.51  	 58.54  	 56.62  	 58.20  	 61.03  	 60.12  	 57.86  	 29.38
1994	   6	  30	  81	 23.84  	 48.42  	 56.24  	 56.35  	 51.71  	 54.54  	 58.96  	 61.45  	 58.39  	 57.94  	 29.53
1994	   7	  11	  81	 16.03  	 42.18  	 48.72  	 50.07  	 49.51  	 53.34  	 57.96  	 60.33  	 59.32  	 57.51  	 29.49
1994	   7	  25	  81	 16.89  	 48.75  	 47.39  	 46.37  	 45.58  	 50.57  	 54.88  	 59.76  	 60.79  	 56.70  	 30.28
1994	   8	  16	  81	 17.32  	 52.10  	 46.94  	 40.87  	 41.43  	 46.49  	 53.34  	 58.17  	 57.94  	 57.15  	 29.64
1994	   8	  30	  81	 25.29  	 52.38  	 48.70  	 42.14  	 40.13  	 46.92  	 52.60  	 58.06  	 56.27  	 54.38  	 29.31
1994	   9	  13	  81	 17.47  	 53.91  	 49.17  	 41.94  	 42.50  	 47.02  	 52.10  	 58.20  	 59.22  	 57.64  	 29.78
1994	   9	  27	  81	 34.41  	 68.43  	 49.08  	 42.26  	 40.91  	 46.06  	 53.44  	 56.24  	 57.25  	 57.58  	 29.18
1994	  10	  25	  81	 29.50  	 62.61  	 50.63  	 42.28  	 42.39  	 47.13  	 52.78  	 56.73  	 57.41  	 56.62  	 29.55
1994	  12	   1	  81	 37.39  	 73.33  	 72.78  	 69.68  	 58.73  	 55.53  	 57.85  	 59.07  	 56.85  	 56.96  	 28.76
1994	  12	  27	  81	 31.99  	 72.22  	 73.99  	 69.35  	 59.07  	 58.29  	 57.07  	 60.06  	 57.74  	 58.29  	 28.76
1995	   1	  30	  81	 35.02  	 73.51  	 73.29  	 70.64  	 68.43  	 59.38  	 99.01  	 87.64  	 87.97  	 88.96 -	999.99
1995	   2	  28	  81	 38.46  	 72.32  	 71.83  	 66.25  	 57.11  	 55.65  	 57.43  	 57.92  	 55.82  	 57.51 -	999.99
1995	   3	  16	  81	 33.58  	 74.41  	 76.08  	 73.41  	 64.98  	 63.31  	 58.09  	 57.76  	 57.21  	 57.43  	 28.71
1995	   3	  29	  81	 36.60  	 71.19  	 71.64  	 68.08  	 59.43  	 58.09  	 59.20  	 58.76  	 57.21  	 56.65  	 28.33
1995	   4	  14	  81	 30.47  	 70.97  	 72.20  	 67.60  	 58.28  	 58.84  	 57.94  	 60.75  	 57.83  	 57.49  	 28.52
1995	   4	  25	  81	 35.26  	 75.51  	 73.41  	 67.98  	 61.34  	 60.01  	 59.13  	 58.02  	 57.47  	 56.25  	 27.68
1995	   5	  16	  81	 37.72  	 77.32  	 78.74  	 77.73  	 68.28  	 61.68  	 58.33  	 59.50  	 58.75  	 57.75  	 29.04
1995	   6	   2	  81	 35.44  	 71.80  	 75.15  	 73.71  	 66.45  	 59.75  	 56.48  	 57.68  	 56.40  	 53.29  	 27.24
1995	   6	  16	  81	 20.15  	 64.93  	 69.77  	 66.17  	 59.75  	 58.63  	 59.86  	 59.75  	 58.96  	 58.29  	 28.98
1995	   6	  28	  81	 21.33  	 53.83  	 61.99  	 61.77  	 55.73  	 58.86  	 58.19  	 59.64  	 57.86  	 56.96  	 28.48
1995	   7	  10	  81	 15.07  	 52.33  	 55.58  	 56.71  	 56.71  	 61.76  	 60.75  	 59.85  	 59.18  	 56.26  	 29.14
1995	   8	   2	  81	 24.56  	 47.24  	 48.47  	 46.35  	 48.02  	 53.61  	 58.08  	 60.09  	 59.53  	 57.30  	 28.20
1995	   8	  16	  81	 19.67  	 68.11  	 72.96  	 59.09  	 50.19  	 53.68  	 57.85  	 59.32  	 59.32  	 56.95  	 30.28
1995	   8	  30	  81	 18.90  	 57.72  	 64.90  	 63.56  	 55.92  	 57.04  	 58.39  	 61.87  	 58.95  	 57.27  	 29.87
1995	   9	  12	  81	 16.01  	 42.03  	 54.49  	 57.61  	 53.05  	 55.05  	 56.50  	 60.39  	 57.94  	 55.05  	 27.91
1995	   9	  29	  81	 15.37  	 42.78  	 50.30  	 53.79  	 50.64  	 54.68  	 56.59  	 60.86  	 58.84  	 56.03  	 29.03
1995	  11	   2	  81	 32.94  	 73.32  	 62.17  	 50.35  	 47.27  	 50.93  	 54.51  	 57.43  	 57.09  	 56.43  	 28.63
1995	  11	  29	  81	 26.75  	 71.63  	 71.30  	 63.60  	 51.05  	 51.71  	 54.02  	 55.89  	 55.45  	 56.01  	 27.84
1996	   1	   5	  81	 38.81  	 75.01  	 76.52  	 71.46  	 60.58  	 52.90  	 55.86  	 58.47  	 58.30  	 57.04  	 28.98
1996	   2	   1	  81	 38.62  	 71.34  	 73.56  	 69.45  	 60.36  	 60.36  	 57.03  	 59.36  	 54.82  	 56.15  	 28.52
1996	   2	  27	  81	 35.50  	 78.71  	 79.47  	 76.04  	 67.67  	 61.22  	 57.88  	 59.55  	 58.80  	 57.21  	 28.98
1996	   3	  11	  81	 37.72  	 74.59  	 74.20  	 70.23  	 64.14  	 60.86  	 58.29  	 59.07  	 57.28  	 56.50  	 27.55
1996	   3	  25	  81	 37.79  	 73.00  	 75.26  	 71.41  	 61.86  	 61.44  	 61.10  	 60.85  	 61.19  	 56.50  	 29.55
1996	   4	  11	  81	 22.06  	 70.30  	 73.86  	 70.53  	 62.31  	 62.76  	 58.87  	 60.31  	 59.20  	 56.43  	 28.94
1996	   4	  29	  81	 40.93  	 72.37  	 72.69  	 71.90  	 63.83  	 60.43  	 57.35  	 57.67  	 56.72  	 54.42  	 27.45
1996	   5	  15	  81	 38.07  	 81.59  	 86.17  	 84.73  	 73.27  	 66.99  	 62.07  	 62.41  	 60.63  	 57.66  	 30.19
1996	   5	  31	  81	 35.13  	 76.96  	 80.80  	 81.23  	 74.74  	 67.14  	 62.87  	 62.10  	 61.41  	 58.42  	 29.47
1996	   6	  14	  81	 35.60  	 76.18  	 75.62  	 71.00  	 63.80  	 64.70  	 60.99  	 61.33  	 62.12  	 58.06  	 29.37
1996	   6	  25	  81	 33.46  	 77.42  	 77.93  	 74.36  	 68.15  	 67.38  	 62.19  	 62.53  	 61.08  	 57.59  	 29.95
1996	   7	  17	  81	 17.83  	 44.10  	 56.72  	 60.67  	 56.61  	 59.20  	 57.96  	 61.80  	 60.78  	 58.19  	 29.43
1996	   8	   1	  81	 27.47  	 68.32  	 55.55  	 58.02  	 56.23  	 58.70  	 59.12  	 60.66  	 61.34  	 59.12  	 30.12
1996	   8	  15	  81	 15.84  	 60.64  	 55.78  	 58.04  	 53.97  	 57.59  	 58.38  	 59.85  	 59.85  	 58.38  	 29.47
1996	   8	  30	  81	 19.47  	 63.52  	 57.32  	 58.76  	 56.98  	 65.30  	 62.33  	 61.82  	 61.90  	 59.10  	 29.25
1996	   9	  13	  81	 25.58  	 68.76  	 67.86  	 60.57  	 55.07  	 57.88  	 58.78  	 61.47  	 61.58  	 57.21  	 29.44
1996	  10	   3	  81	 23.67  	 69.77  	 71.29  	 62.29  	 54.82  	 57.37  	 58.81  	 61.02  	 60.09  	 58.39  	 29.75
1996	  10	  31	  81	 26.19  	 65.07  	 65.96  	 59.95  	 51.82  	 55.72  	 56.72  	 59.28  	 57.61  	 56.94  	 29.75
1996	  12	   5	  81	 39.86  	 75.17  	 74.51  	 69.35  	 60.79  	 58.46  	 60.04  	 60.04  	 59.04  	 57.38  	 29.40
1997	   1	   8	  81	 39.88  	 74.56  	 72.12  	 68.57  	 58.03  	 61.58  	 60.69  	 60.03  	 59.36  	 58.14  	 28.74
1997	   1	  31	  81	 62.31  	 74.56  	 74.56  	 74.34  	 66.10  	 62.15  	 58.74  	 58.74  	 58.19  	 56.99  	 28.71
1997	   2	  27	  81	 38.93  	 83.74  	 80.63  	 80.18  	 65.42  	 62.87  	 60.20  	 59.31  	 59.76  	 56.21  	 28.71
1997	   3	  11	  81	 38.81  	 84.35  	 85.54  	 83.93  	 73.31  	 66.59  	 62.43  	 61.83  	 61.75  	 58.52  	 29.34
1997	   3	  27	  81	 39.06  	 77.03  	 75.23  	 72.99  	 64.90  	 62.88  	 60.64  	 59.74  	 60.07  	 57.60  	 29.48
1997	   4	  16	  81	 30.41  	 73.62  	 75.65  	 69.16  	 60.82  	 59.81  	 61.58  	 61.41  	 61.16  	 58.80  	 29.95
1997	   4	  30	  81	 27.79  	 69.13  	 71.38  	 69.36  	 60.14  	 63.74  	 61.71  	 60.59  	 59.69  	 57.89  	 29.11
1997	   5	  14	  81	 34.18  	 70.32  	 74.42  	 69.73  	 60.18  	 58.68  	 60.94  	 61.10  	 60.52  	 57.59  	 28.75
1997	   5	  30	  81	 39.48  	 62.79  	 70.37  	 66.92  	 58.41  	 58.67  	 58.67  	 60.18  	 60.94  	 57.99  	 29.59
1997	   6	  13	  81	 45.22  	 80.47  	 74.61  	 66.79  	 57.20  	 59.32  	 61.87  	 62.21  	 61.53  	 58.56  	 29.62
1997	   6	  27	  81	 21.14  	 52.41  	 63.39  	 59.44  	 54.07  	 55.49  	 57.39  	 60.15  	 60.70  	 57.15  	 29.29
1997	   7	  16	  81	 24.49  	 65.40  	 55.97  	 51.15  	 49.13  	 54.29  	 56.87  	 59.90  	 59.67  	 57.99  	 29.22
1997	   7	  30	  81	 18.67  	 63.24  	 59.39  	 52.45  	 49.02  	 52.96  	 58.36  	 60.16  	 58.87  	 58.70  	 30.81
1997	   8	  15	  81	 37.12  	 64.64  	 59.00  	 51.01  	 47.98  	 52.27  	 55.30  	 58.75  	 57.99  	 57.24  	 29.29
1997	   8	  28	  81	 29.57  	 75.36  	 76.56  	 71.84  	 60.60  	 63.00  	 62.06  	 63.26  	 61.97  	 59.14  	 30.13
1997	   9	  26	  81	 29.74  	 63.16  	 72.00  	 69.20  	 60.35  	 60.01  	 61.54  	 61.12  	 60.35  	 58.99  	 30.09
1997	  10	  30	  81	 22.97  	 58.20  	 64.47  	 57.08  	 53.72  	 56.75  	 58.54  	 58.88  	 58.76  	 58.20  	 29.27
1997	  11	  26	  81	 34.69  	 74.88  	 69.38  	 61.16  	 54.64  	 55.24  	 58.54  	 59.47  	 58.71  	 58.79  	 29.99
1997	  12	  31	  81	 38.27  	 75.70  	 74.27  	 68.55  	 60.19  	 60.74  	 59.86  	 61.62  	 57.88  	 56.89  	 29.10
1998	   1	  30	  81	 43.65  	 79.15  	 78.47  	 72.37  	 64.23  	 64.99  	 62.11  	 62.36  	 61.68  	 58.89  	 29.53
1998	   2	  25	  81	 42.65  	 78.56  	 74.99  	 68.85  	 63.71  	 63.04  	 60.59  	 60.70  	 60.14  	 58.35  	 30.01
1998	   3	  13	  81	 34.73  	 79.50  	 76.67  	 76.84  	 70.02  	 63.87  	 61.45  	 60.79  	 60.71  	 57.13  	 29.48
1998	   4	   1	  81	 41.56  	 85.39  	 81.71  	 78.26  	 66.66  	 64.43  	 61.41  	 60.08  	 61.19  	 57.84  	 28.98
1998	   4	  15	  81	 36.75  	 81.06  	 81.32  	 77.22  	 71.15  	 66.20  	 62.95  	 62.61  	 61.59  	 59.11  	 30.11
1998	   4	  30	  81	 41.91  	 74.86  	 74.12  	 71.69  	 61.12  	 59.75  	 56.48  	 57.22  	 56.79  	 53.73  	 27.71
1998	   5	  14	  81	 40.48  	 81.78  	 80.93  	 81.78  	 71.55  	 66.64  	 61.57  	 62.08  	 61.40  	 57.94  	 29.81
1998	   5	  28	  81	 38.49  	 76.96  	 74.43  	 73.43  	 65.94  	 62.74  	 60.09  	 58.99  	 59.65  	 56.67  	 29.16
1998	   6	  17	  81	 45.10  	 83.39  	 82.16  	 79.46  	 68.15  	 63.16  	 61.35  	 60.21  	 58.40  	 56.77  	 28.38
1998	   7	   1	  81	 39.44  	 62.06  	 70.29  	 67.69  	 59.89  	 63.25  	 60.76  	 59.24  	 58.81  	 55.78  	 28.21
1998	   7	  15	  81	 27.09  	 64.55  	 71.24  	 67.64  	 59.29  	 60.29  	 60.62  	 61.29  	 60.12  	 57.37  	 29.06
1998	   7	  28	  81	 21.62  	 55.58  	 61.21  	 59.33  	 55.25  	 57.90  	 58.89  	 61.54  	 60.33  	 57.90  	 28.84
1998	   8	  14	  81	 28.13  	 61.13  	 61.05  	 58.11  	 52.73  	 57.27  	 58.86  	 61.21  	 60.63  	 58.69  	 28.84
1998	   9	   2	  81	 19.18  	 47.34  	 54.85  	 49.26  	 48.85  	 55.10  	 57.61  	 59.44  	 57.52  	 56.86  	 29.43
1998	   9	  18	  81	 18.15  	 45.66  	 46.44  	 42.44  	 45.33  	 51.99  	 56.76  	 59.43  	 57.98  	 58.09  	 28.77
1998	   9	  30	  81	 18.33  	 48.73  	 50.16  	 42.32  	 43.76  	 51.93  	 56.49  	 59.10  	 58.26  	 57.92  	 29.72
1998	  10	  27	  81	 19.30  	 61.01  	 52.02  	 43.70  	 44.79  	 50.92  	 55.38  	 57.99  	 57.48  	 57.40  	 29.08
1998	  12	   2	  81	 30.14  	 72.20  	 72.54  	 59.79  	 46.62  	 52.32  	 57.41  	 60.13  	 58.09  	 59.37  	 29.05
1999	   1	   4	  81	 40.28  	 71.89  	 70.34  	 60.55  	 51.24  	 51.40  	 54.50  	 57.36  	 56.06  	 54.99  	 27.25
1999	   1	  29	  81	 43.98  	 84.54  	 80.83  	 78.44  	 65.99  	 60.55  	 59.72  	 59.64  	 59.06  	 56.43  	 28.79
1999	   2	  23	  81	 43.06  	 75.91  	 75.58  	 73.39  	 67.46  	 61.10  	 59.23  	 58.46  	 58.68  	 56.71  	 28.46
1999	   3	  17	  81	 35.56  	 78.29  	 77.54  	 75.21  	 69.30  	 63.30  	 59.05  	 60.14  	 60.39  	 57.22  	 28.78
1999	   3	  31	  81	 27.88  	 70.94  	 71.37  	 67.24  	 58.20  	 59.39  	 59.39  	 58.41  	 59.83  	 56.56  	 28.34
1999	   4	  13	  81	 37.60  	 77.02  	 76.01  	 67.84  	 59.93  	 62.12  	 60.94  	 61.28  	 61.28  	 57.49  	 29.33
1999	   4	  27	  81	 42.41  	 71.16  	 72.87  	 69.77  	 64.20  	 59.91  	 57.45  	 58.84  	 57.56  	 55.41  	 27.76
1999	   5	  10	  81	 27.48  	 64.22  	 72.19  	 69.00  	 60.45  	 62.38  	 60.53  	 61.03  	 60.36  	 57.85  	 29.80
1999	   5	  25	  81	 34.73  	 74.40  	 72.40  	 66.83  	 59.17  	 58.67  	 59.92  	 60.00  	 60.92  	 57.09  	 29.34
1999	   6	  16	  81	 35.57  	 73.16  	 73.49  	 69.99  	 66.16  	 61.34  	 60.80  	 59.26  	 59.70  	 56.20  	 28.21
1999	   6	  30	  81	 36.90  	 64.17  	 67.22  	 64.82  	 56.52  	 56.08  	 57.50  	 59.69  	 59.14  	 56.19  	 28.48
1999	   7	  12	  81	 20.04  	 55.47  	 63.67  	 60.97  	 55.92  	 56.37  	 59.06  	 60.64  	 60.64  	 57.49  	 29.87
1999	   7	  30	  81	 23.75  	 67.14  	 57.56  	 52.61  	 51.14  	 55.09  	 57.11  	 60.15  	 60.04  	 59.25  	 29.63
1999	   8	  11	  81	 21.15  	 55.12  	 55.68  	 52.44  	 50.09  	 54.67  	 56.80  	 58.59  	 57.25  	 57.92  	 29.01
1999	   9	   1	  81	 18.21  	 53.71  	 68.76  	 65.38  	 57.60  	 56.75  	 59.12  	 60.64  	 60.73  	 58.53  	 29.43
1999	   9	  13	  81	 21.81  	 46.32  	 60.23  	 57.32  	 52.27  	 57.09  	 60.46  	 61.13  	 60.91  	 57.43  	 29.05
1999	   9	  30	  81	 25.25  	 51.97  	 53.22  	 46.15  	 48.32  	 59.38  	 61.29  	 60.37  	 60.71  	 57.96  	 28.77
1999	  10	  26	  81	 20.57  	 66.96  	 58.50  	 52.16  	 55.50  	 58.83  	 60.62  	 60.84  	 59.28  	 56.83  	 29.36
1999	  12	   2	  81	 17.25  	 56.49  	 61.71  	 53.26  	 51.93  	 55.91  	 58.06  	 60.63  	 59.56  	 57.65  	 28.99
1999	  12	  29	  81	 36.84  	 71.08  	 67.26  	 54.72  	 52.31  	 56.24  	 60.39  	 59.52  	 59.74  	 56.13  	 28.78
2000	   2	   2	  81	 38.23  	 68.88  	 71.18  	 67.56  	 57.03  	 55.72  	 60.24  	 59.42  	 59.01  	 56.38  	 29.05
2000	   3	   1	  81	 37.35  	 76.42  	 75.41  	 74.15  	 71.71  	 62.73  	 62.56  	 61.55  	 60.54  	 57.77  	 28.76
2000	   3	  15	  81	 30.21  	 72.89  	 75.07  	 71.13  	 63.23  	 63.65  	 61.38  	 60.37  	 60.29  	 59.20  	 28.21
2000	   3	  28	  81	 36.38  	 74.76  	 76.38  	 71.86  	 66.67  	 65.39  	 61.98  	 61.47  	 61.81  	 58.15  	 28.95
2000	   4	  14	  81	 22.34  	 67.27  	 73.94  	 70.90  	 64.99  	 63.55  	 62.20  	 62.20  	 61.61  	 59.07  	 29.32
2000	   4	  28	  81	 31.77  	 72.67  	 72.89  	 68.35  	 60.72  	 63.60  	 60.83  	 61.06  	 60.28  	 56.85  	 28.54
2000	   5	  17	  81	 25.74  	 62.00  	 77.67  	 80.79  	 73.96  	 66.13  	 63.60  	 61.83  	 61.24  	 57.96  	 28.98
2000	   6	   1	  81	 37.16  	 76.50  	 76.95  	 76.95  	 69.32  	 64.95  	 61.81  	 62.81  	 60.57  	 58.66  	 29.05
2000	   6	  12	  81	 31.11  	 69.39  	 72.77  	 67.47  	 61.84  	 60.60  	 64.77  	 61.73  	 60.72  	 57.34  	 29.40
2000	   6	  30	  81	 32.20  	 74.46  	 76.32  	 71.07  	 63.11  	 65.23  	 61.92  	 62.09  	 60.74  	 57.86  	 29.31
2000	   7	  12	  81	 24.05  	 75.31  	 77.09  	 72.93  	 65.21  	 66.83  	 63.52  	 62.24  	 62.07  	 57.75  	 29.59
2000	   7	  26	  81	 20.22  	 67.20  	 69.46  	 66.97  	 59.06  	 58.94  	 62.00  	 61.43  	 59.96  	 58.60  	 29.02
2000	   8	  17	  81	 30.05  	 64.10  	 72.84  	 68.38  	 61.53  	 60.07  	 63.41  	 62.13  	 61.61  	 58.02  	 29.78
2000	   8	  31	  81	 20.77  	 73.53  	 76.07  	 69.88  	 59.53  	 58.59  	 58.76  	 62.24  	 61.48  	 59.10  	 29.38
2000	   9	  12	  81	 25.47  	 77.06  	 78.95  	 74.22  	 64.50  	 59.76  	 61.92  	 61.83  	 60.45  	 58.82  	 29.49
2000	   9	  29	  81	 26.58  	 75.54  	 78.09  	 71.21  	 63.40  	 65.43  	 62.63  	 61.95  	 61.19  	 58.05  	 29.36
2000	  11	   1	  81	 24.19  	 69.94  	 74.68  	 71.46  	 67.90  	 65.53  	 61.72  	 61.38  	 60.87  	 57.82  	 29.97
2000	  11	  27	  81	 35.61  	 78.09  	 74.98  	 73.08  	 68.41  	 64.07  	 60.50  	 61.40  	 60.84  	 56.83  	 29.25
2000	  12	  28	  81	 33.72  	 75.22  	 72.17  	 70.76  	 69.78  	 63.90  	 60.42  	 59.11  	 59.77  	 56.18  	 28.80
2001	   2	   1	  81	 43.91  	 80.90  	 78.71  	 79.15  	 71.45  	 64.85  	 60.89  	 60.45  	 59.68  	 56.50  	 28.19
2001	   3	   1	  81	 41.11  	 81.83  	 84.10  	 82.34  	 77.30  	 66.23  	 61.70  	 61.45  	 61.12  	 57.43  	 29.09
2001	   3	  13	  81	 42.34  	 77.20  	 74.64  	 72.97  	 66.40  	 64.18  	 60.39  	 60.84  	 59.73  	 57.94  	 28.92
2001	   3	  27	  81	 31.01  	 78.34  	 78.01  	 72.19  	 63.68  	 63.35  	 62.17  	 60.57  	 61.07  	 56.27  	 29.27
2001	   4	  10	  81	 28.37  	 75.67  	 77.97  	 72.77  	 66.12  	 65.78  	 63.99  	 61.95  	 61.86  	 58.37  	 29.61
2001	   4	  27	  81	 23.74  	 68.66  	 71.12  	 71.45  	 68.10  	 65.08  	 62.39  	 61.16  	 59.04  	 56.46  	 28.90
2001	   5	  14	  81	 22.22  	 54.40  	 64.83  	 62.81  	 58.33  	 58.33  	 59.00  	 62.59  	 59.22  	 57.54  	 29.11
2001	   5	  29	  81	 25.95  	 52.41  	 63.07  	 59.28  	 55.07  	 60.40  	 63.67  	 63.24  	 62.12  	 59.46  	 29.86
2001	   6	  12	  81	 24.20  	 69.08  	 66.81  	 59.46  	 52.78  	 60.14  	 60.70  	 61.27  	 62.40  	 58.21  	 29.22
2001	   6	  29	  81	 17.42  	 42.98  	 56.11  	 53.30  	 57.65  	 65.67  	 61.83  	 62.17  	 61.32  	 58.93  	 28.82
2001	   7	  11	  81	 23.18  	 50.87  	 51.43  	 53.34  	 54.57  	 60.64  	 61.08  	 60.30  	 60.64  	 56.93  	 29.03
2001	   8	   1	  81	 15.83  	 46.63  	 50.01  	 46.18  	 50.80  	 60.96  	 62.09  	 59.38  	 60.28  	 57.69  	 29.24
2001	   8	  15	  81	 16.93  	 44.85  	 46.65  	 44.51  	 47.10  	 58.34  	 61.15  	 61.37  	 59.24  	 58.23  	 29.11
2001	   8	  31	  81	 32.31  	 67.51  	 54.98  	 45.24  	 44.23  	 59.38  	 61.67  	 61.33  	 60.32  	 58.11  	 28.97
2001	   9	  14	  81	 24.51  	 70.19  	 70.97  	 53.22  	 53.89  	 61.81  	 60.92  	 61.37  	 59.80  	 56.12  	 29.12
2001	   9	  17	  81	 24.78  	 66.39  	 71.52  	 57.75  	 56.55  	 64.94  	 63.65  	 63.05  	 61.60  	 58.35  	 30.24
2001	   9	  28	  81	 22.39  	 58.96  	 71.75  	 73.86  	 71.32  	 64.63  	 62.09  	 60.48  	 61.25  	 59.13  	 29.35
2001	  10	  29	  81	 34.43  	 74.64  	 77.34  	 79.58  	 69.58  	 64.86  	 62.27  	 60.70  	 60.70  	 57.55  	 29.45
2001	  11	  27	  81	 38.87  	 69.75  	 74.05  	 72.70  	 69.83  	 65.44  	 61.81  	 62.57  	 60.46  	 58.86  	 29.09
2001	  12	  28	  81	 37.95  	 73.94  	 76.78  	 78.95  	 76.44  	 66.00  	 62.91  	 62.83  	 60.33  	 57.49  	 28.79
2002	   1	  31	  81	 39.40  	 80.02  	 79.25  	 79.69  	 71.74  	 63.36  	 59.27  	 61.04  	 60.16  	 56.18  	 29.08
2002	   3	   1	  81	 35.79  	 79.50  	 79.84  	 82.95  	 77.07  	 66.22  	 62.61  	 61.35  	 60.09  	 57.73  	 29.37
2002	   3	  15	  81	 34.31  	 79.58  	 82.11  	 83.21  	 78.15  	 66.35  	 62.47  	 61.37  	 61.04  	 58.68  	 28.83
2002	   3	  28	  81	 41.36  	 79.07  	 78.74  	 81.66  	 79.49  	 65.69  	 61.34  	 61.09  	 59.08  	 57.24  	 28.91
2002	   4	  10	  81	 32.90  	 78.82  	 79.50  	 82.99  	 74.76  	 65.07  	 62.59  	 61.91  	 60.56  	 59.32  	 28.76
2002	   5	   1	  81	 30.75  	 79.64  	 80.40  	 83.20  	 78.12  	 66.61  	 62.47  	 61.87  	 62.13  	 58.66  	 29.54
2002	   5	  13	  81	 41.19  	 84.06  	 82.05  	 82.16  	 73.91  	 64.31  	 62.64  	 60.97  	 60.63  	 57.06  	 28.92
2002	   5	  31	  81	 42.44  	 77.19  	 74.72  	 69.32  	 60.77  	 62.57  	 63.47  	 62.34  	 60.32  	 57.39  	 28.98
2002	   6	  14	  81	 38.21  	 77.92  	 75.88  	 68.96  	 60.94  	 58.80  	 60.51  	 62.56  	 61.79  	 57.87  	 29.66
2002	   6	  25	  81	 26.00  	 62.02  	 69.69  	 65.86  	 58.64  	 58.75  	 58.64  	 60.89  	 59.88  	 57.40  	 29.21
2002	   7	  10	  81	 17.81  	 38.69  	 53.53  	 52.32  	 51.29  	 58.27  	 60.00  	 60.77  	 60.77  	 59.57  	 29.87
2002	   7	  29	  81	 25.22  	 53.69  	 49.39  	 44.29  	 45.88  	 54.71  	 57.65  	 60.25  	 58.67  	 58.21  	 28.99
2002	   8	  16	  81	 28.97  	 60.91  	 53.36  	 42.69  	 43.82  	 52.32  	 56.66  	 60.31  	 58.48  	 57.62  	 29.29
2002	   8	  30	  81	 24.63  	 73.78  	 72.63  	 68.19  	 58.38  	 58.15  	 60.43  	 61.34  	 61.00  	 59.06  	 29.59
2002	   9	  12	  81	 19.09  	 57.12  	 66.38  	 62.20  	 56.11  	 56.11  	 57.24  	 59.49  	 60.17  	 57.24  	 29.86
2002	   9	  25	  81	 21.23  	 60.44  	 66.54  	 61.81  	 55.54  	 56.14  	 57.43  	 60.01  	 59.24  	 58.72  	 29.27
2002	  10	  29	  81	 35.79  	 73.28  	 61.32  	 54.50  	 50.59  	 53.94  	 56.18  	 60.09  	 58.75  	 57.07  	 28.70
2002	  11	  25	  81	 31.66  	 70.22  	 72.08  	 59.64  	 50.49  	 53.54  	 54.81  	 57.10  	 56.76  	 56.34  	 29.44
2003	   1	   3	  81	 36.42  	 75.05  	 73.38  	 68.48  	 56.45  	 55.89  	 55.89  	 58.12  	 58.12  	 56.00  	 28.45
2003	   1	  27	  81	 39.71  	 70.76  	 73.64  	 69.32  	 59.25  	 57.05  	 57.05  	 58.32  	 57.81  	 57.05  	 28.78
2003	   1	  28	  81	 39.71  	 70.76  	 73.64  	 69.32  	 59.25  	 57.05  	 57.05  	 58.32  	 57.81  	 57.05  	 28.78
2003	   2	  25	  81	 54.06  	 76.08  	 73.75  	 68.08  	 59.65  	 60.87  	 60.09  	 57.98  	 58.09  	 55.98  	 28.82
2003	   3	  12	  81	 38.85  	 75.04  	 77.10  	 71.27  	 63.46  	 63.04  	 61.49  	 61.58  	 60.21  	 58.06  	 29.25
2003	   3	  26	  81	 31.46  	 75.07  	 72.94  	 67.35  	 59.98  	 60.54  	 61.10  	 59.87  	 59.09  	 56.63  	 28.93
2003	   4	  15	  81	 24.33  	 68.85  	 73.54  	 67.91  	 60.33  	 58.62  	 59.73  	 60.50  	 61.27  	 57.26  	 29.48
2003	   4	  28	  81	 33.37  	 68.76  	 70.33  	 64.16  	 56.20  	 57.65  	 56.98  	 58.66  	 59.22  	 57.54  	 29.56
2003	   5	  12	  81	 35.36  	 76.05  	 73.36  	 67.98  	 56.31  	 56.20  	 58.55  	 60.01  	 59.90  	 57.09  	 28.88
2003	   5	  30	  81	 22.35  	 68.48  	 70.74  	 66.90  	 56.17  	 57.41  	 58.54  	 58.20  	 59.67  	 57.64  	 29.27
2003	   6	  13	  81	 36.65  	 69.87  	 70.04  	 65.19  	 56.32  	 56.58  	 58.37  	 59.22  	 58.45  	 57.26  	 29.18
2003	   6	  24	  81	 21.31  	 64.49  	 67.80  	 60.61  	 53.99  	 57.53  	 58.44  	 60.61  	 58.44  	 58.44  	 29.56
2003	   7	  16	  81	 21.90  	 69.93  	 75.13  	 68.57  	 58.93  	 55.77  	 56.88  	 60.12  	 59.95  	 57.39  	 29.21
2003	   7	  29	  81	 22.05  	 73.57  	 72.55  	 67.45  	 56.69  	 57.60  	 58.28  	 60.43  	 59.75  	 57.82  	 29.14
2003	   8	  14	  81	 24.92  	 55.41  	 68.66  	 65.18  	 57.45  	 55.84  	 56.43  	 60.09  	 59.07  	 57.96  	 28.81
2003	   8	  26	  81	 19.03  	 47.89  	 56.20  	 57.00  	 51.99  	 55.86  	 59.39  	 59.28  	 58.48  	 57.45  	 28.90
2003	   9	  16	  81	 24.39  	 67.16  	 72.43  	 68.69  	 59.19  	 57.24  	 58.42  	 61.14  	 59.78  	 57.15  	 29.00
2003	  10	   1	  81	 32.96  	 71.34  	 68.09  	 63.04  	 56.31  	 57.21  	 57.99  	 58.22  	 58.66  	 56.64  	 28.66
2003	  10	  28	  81	 31.43  	 62.82  	 69.73  	 64.52  	 55.99  	 56.93  	 58.12  	 59.66  	 57.44  	 58.12  	 29.15
2003	  11	  24	  81	 35.87  	 78.68  	 78.85  	 78.77  	 69.68  	 62.89  	 59.75  	 60.93  	 59.49  	 57.11  	 29.19
2003	  12	  31	  81	 38.07  	 80.89  	 81.65  	 79.30  	 69.73  	 63.18  	 60.24  	 61.50  	 59.49  	 56.89  	 28.65
2004	   1	  30	  81	 35.98  	 79.29  	 74.54  	 69.88  	 61.47  	 61.72  	 61.22  	 60.22  	 60.14  	 56.72  	 28.90
2004	   2	  24	  81	 42.05  	 79.48  	 79.73  	 74.09  	 67.59  	 65.45  	 61.34  	 61.26  	 62.45  	 59.89  	 29.43
2004	   3	  10	  81	 34.55  	 77.91  	 77.74  	 73.35  	 71.24  	 63.63  	 59.92  	 61.02  	 60.42  	 57.97  	 28.73
2004	   4	   1	  81	 38.61  	 80.77  	 79.45  	 76.59  	 66.35  	 61.29  	 59.31  	 60.19  	 57.88  	 55.45  	 28.33
2004	   4	  15	  81	 23.74  	 74.98  	 72.64  	 68.19  	 59.95  	 60.84  	 59.50  	 60.73  	 59.39  	 56.27  	 28.25
2004	   4	  27	  81	 30.69  	 71.75  	 73.29  	 68.68  	 60.99  	 58.77  	 60.39  	 61.41  	 60.30  	 58.34  	 28.91
2004	   5	  10	  81	 27.86  	 69.21  	 70.22  	 63.71  	 56.53  	 56.42  	 59.67  	 60.01  	 60.68  	 57.43  	 29.11
2004	   5	  25	  81	 37.90  	 79.90  	 78.18  	 71.64  	 61.31  	 60.54  	 60.62  	 62.17  	 62.26  	 57.78  	 29.54
2004	   6	  16	  81	 40.87  	 75.91  	 72.34  	 68.11  	 58.18  	 57.51  	 58.29  	 61.53  	 59.52  	 57.40  	 29.48
2004	   6	  28	  81	 24.57  	 70.85  	 70.63  	 65.45  	 57.56  	 57.00  	 58.35  	 60.27  	 59.03  	 57.56  	 28.89
