# Station Name: Orr Center (Perry)
# Station Code: ORR
# Station Latitude: 39.800000
# Station Longitude: 90.830000
# Station Altitude: 206.000000
Year	  MO	  DY	 Sta	 0-10cm 	 10-30  	 30-50  	 50-70  	 70-90  	 90-110 	 110-130	 130-150	 150-170	 170-190	 190-200
1981	   5	   6	   4	 24.93  	 44.64  	 61.71  	 67.43  	 66.77  	 67.27  	 67.08  	 68.46  	 71.71  	 71.76  	 35.88
1981	   5	  11	   4	 33.37  	 65.60  	 71.03  	 73.93  	 74.57  	 77.04  	 73.28  	 76.23  	 76.34  	 75.13  	 37.56
1981	   5	  14	   4	 35.76  	 60.80  	 67.29  	 66.27  	 68.23  	 70.03  	 67.25  	 68.99  	 69.76  	 69.75  	 34.87
1981	   6	  18	   4	 34.06  	 58.26  	 65.22  	 71.00  	 69.13  	 71.01  	 70.27  	 70.24  	 72.83  	 70.73  	 35.36
1981	   7	   9	   4	 30.48  	 60.65  	 70.50  	 71.25  	 71.98  	 74.98  	 72.32  	 74.41  	 73.51  	 71.68  	 35.84
1981	   7	  28	   4	 25.73  	 69.90  	 73.94  	 75.59  	 72.42  	 71.65  	 71.78  	 72.75  	 73.35  	 71.39  	 35.70
1981	   8	  12	   4	 32.76  	 56.66  	 68.24  	 69.16  	 70.69  	 71.81  	 70.26  	 61.06  	 74.32  	 72.49  	 36.24
1981	   8	  27	   4	 21.49  	 39.62  	 63.41  	 69.27  	 71.49  	 71.73  	 71.32  	 70.55  	 71.60  	 72.46  	 36.23
1981	   9	  14	   4	 18.93  	 44.75  	 59.63  	 65.24  	 67.93  	 69.89  	 71.27  	 69.75  	 71.51  	 68.98  	 34.49
1981	   9	  29	   4	 18.39  	 29.52  	 55.31  	 65.20  	 67.74  	 64.76  	 67.34  	 70.08  	 72.62  	 71.22  	 35.61
1981	  10	  15	   4	 36.46  	 51.74  	 55.69  	 65.59  	 67.42  	 68.22  	 70.82  	 73.35  	 72.43  	 75.06  	 37.53
1981	  10	  29	   4	 21.97  	 48.60  	 58.01  	 63.20  	 66.24  	 67.11  	 71.47  	 70.73  	 73.43  	 75.14 -	999.99
1981	  11	  16	   4	 34.57  	 52.93  	 56.64  	 62.17  	 64.83  	 66.05  	 69.00  	 68.65  	 74.48  	 70.81  	 35.40
1981	  12	   1	   4	 34.96  	 61.93  	 63.72  	 50.22  	 60.51  	 65.57  	 68.12  	 70.02  	 74.42  	 69.52  	 34.76
1981	  12	  30	   4	 28.60  	 60.02  	 63.81  	 61.80  	 63.24  	 64.98  	 67.38  	 69.87  	 73.50  	 73.95  	 36.98
1982	   1	  27	   4	 35.74  	 55.38  	 61.03  	 64.79  	 60.95  	 61.87  	 63.76  	 64.65  	 70.58  	 67.80  	 33.90
1982	   2	  11	   4	 51.21  	 60.60  	 65.57  	 63.77  	 63.80  	 65.47  	 68.16  	 70.82  	 73.63  	 73.43  	 36.71
1982	   2	  25	   4	 48.17  	 58.71  	 59.25  	 55.72  	 58.95  	 57.06  	 59.99  	 62.95  	 63.73  	 64.24  	 32.12
1982	   3	  16	   4	 49.46  	 71.44  	 70.31  	 67.97  	 67.27  	 70.54  	 70.62  	 69.57  	 75.18  	 71.35  	 35.67
1982	   3	  31	   4	 37.66  	 63.56  	 68.43  	 70.03  	 73.28  	 70.97  	 70.30  	 72.13  	 73.98  	 72.66  	 36.33
1982	   4	  14	   4	 39.23  	 64.31  	 69.94  	 70.64  	 73.31  	 71.41  	 70.26  	 69.68  	 74.54  	 70.48  	 35.24
1982	   4	  27	   4	 37.48  	 63.31  	 69.95  	 71.92  	 75.51  	 74.81  	 73.07  	 73.87  	 76.46  	 75.28  	 37.64
1982	   5	  13	   4	 15.24  	 33.51  	 65.51  	 71.66  	 72.28  	 71.60  	 73.14  	 75.26  	 74.82  	 74.29  	 37.14
1982	   5	  27	   4	 37.87 -	999.99 -	999.99 -	999.99 -	999.99 -	999.99 -	999.99 -	999.99 -	999.99 -	999.99 -	999.99
1982	   6	  15	   4	 21.86 -	999.99 -	999.99 -	999.99 -	999.99 -	999.99 -	999.99 -	999.99 -	999.99 -	999.99 -	999.99
1982	   7	  14	   4	 27.88  	 44.54  	 62.21  	 65.23  	 67.51  	 68.80  	 71.22  	 74.27  	 75.03  	 73.00  	 36.50
1982	   7	  27	   4	 26.65  	 43.06  	 61.02  	 68.18  	 71.12  	 75.63  	 76.97  	 76.51  	 75.12  	 73.16  	 36.58
1982	   8	  11	   4	 33.42  	 33.36  	 57.50  	 66.04  	 71.70  	 73.14  	 77.11  	 81.43  	 79.68  	 77.05  	 38.53
1982	   9	   2	   4	 38.79  	 56.58  	 57.48  	 63.00  	 67.57  	 71.93  	 73.86  	 76.45  	 76.75  	 74.52  	 37.26
1982	   9	  15	   4	 35.70  	 36.89  	 56.01  	 58.37  	 63.31  	 65.71  	 69.84  	 72.30  	 73.88  	 68.53  	 34.27
1982	   9	  30	   4	 20.72  	 35.09  	 56.46  	 58.97  	 64.33  	 66.84  	 69.73  	 74.48  	 75.13  	 69.65  	 34.82
1982	  10	  27	   4	 25.51  	 32.03  	 54.64  	 63.43  	 65.19  	 69.37  	 73.51  	 76.95  	 78.97  	 74.89  	 37.44
1982	  12	   2	   4	 43.95  	 62.97  	 66.45  	 69.03  	 68.45  	 67.38  	 74.64  	 78.53  	 77.11  	 74.08  	 37.04
1982	  12	  14	   4	 47.03  	 66.31  	 76.43  	 80.67  	 80.13  	 75.60  	 76.76  	 75.70  	 78.99  	 75.70  	 37.85
1982	  12	  29	   4	 36.74  	 70.12  	 79.46  	 82.12  	 80.45  	 79.14  	 79.91  	 79.77  	 78.14  	 76.07  	 38.03
1983	   1	  27	   4	 47.69  	 61.75  	 65.99  	 71.34  	 71.36  	 75.78  	 73.78  	 77.05  	 77.11  	 72.73  	 36.36
1983	   2	  24	   4	 34.98  	 60.58  	 67.72  	 69.79  	 78.16  	 76.91  	 75.51  	 77.04  	 74.99  	 72.44  	 36.22
1983	   3	  17	   4	 37.12  	 60.62  	 66.96  	 73.80  	 78.93  	 75.38  	 75.27  	 77.01  	 77.88  	 72.76  	 36.38
1983	   3	  30	   4	 45.31  	 69.79  	 77.13  	 81.77  	 79.91  	 74.24  	 77.17  	 76.67  	 76.09  	 72.61  	 36.31
1983	   4	  14	   4	 51.79  	 73.25  	 76.82  	 77.98  	 78.48  	 75.35  	 75.67  	 76.56  	 75.84  	 72.50  	 36.25
1983	   4	  28	   4	 44.90  	 65.78  	 70.80  	 79.61  	 78.34  	 74.89  	 75.77  	 78.25  	 76.11  	 73.96  	 36.98
1983	   5	  18	   4	 34.23  	 46.46  	 66.21  	 69.27  	 71.95  	 74.26  	 72.79  	 76.48  	 76.05  	 71.86  	 35.93
1983	   6	   2	   4	 21.41  	 29.60  	 62.46  	 66.83  	 69.47  	 72.80  	 73.25  	 74.44  	 74.06  	 69.25  	 34.62
1983	   6	  14	   4	 31.53  	 25.23  	 54.40  	 67.10  	 73.57  	 73.25  	 75.08  	 77.73  	 76.23  	 74.98  	 37.49
1983	   6	  29	   4	 13.05  	 17.97  	 46.07  	 58.48  	 64.04  	 68.26  	 72.79  	 76.06  	 77.24  	 73.32  	 36.66
1983	   7	  13	   4	  8.68  	 12.38  	 39.73  	 47.19  	 52.96  	 63.83  	 70.90  	 76.64  	 76.72  	 72.99  	 36.50
1983	   7	  28	   4	 10.70  	  8.69  	 37.30  	 42.24  	 45.70  	 50.29  	 62.50  	 74.95  	 77.75  	 76.18  	 38.09
1983	   8	  17	   4	 10.46  	  3.76  	 16.89  	 20.71  	 41.60  	 43.59  	 48.71  	 65.09  	 73.79  	 72.81  	 36.41
1983	   8	  31	   4	  9.43  	 13.22  	 32.58  	 40.08  	 39.04  	 41.18  	 43.12  	 53.66  	 70.64  	 72.18  	 36.09
1983	   9	  14	   4	 10.21  	 11.65  	 31.13  	 38.83  	 39.47  	 39.95  	 40.79  	 47.72  	 68.80  	 72.99  	 36.49
1983	   9	  29	   4	 13.88  	 16.29  	 32.02  	 38.27  	 39.90  	 40.51  	 41.90  	 47.65  	 65.44  	 72.02  	 36.01
1983	  10	  27	   4	 29.57  	 42.68  	 35.08  	 39.78  	 40.90  	 41.18  	 41.31  	 44.40  	 63.44  	 73.84  	 36.92
1983	  12	   1	   4	 74.31  	 64.03  	 70.51  	 74.39  	 72.16  	 45.53  	 47.53  	 48.12  	 63.32  	 79.23  	 38.14
1983	  12	  31	   4	999.99  	 64.38  	 67.29  	 74.86  	 74.05  	 73.70  	 57.98  	 49.01  	 65.78  	 65.78  	 38.07
1984	   2	   2	   4	999.99  	 76.08  	 66.90  	 74.08  	 74.43  	 74.31  	 63.84  	 52.07  	 67.49  	 79.26  	 39.33
1984	   3	   2	   4	 38.04  	 67.68  	 71.97  	 76.13  	 78.28  	 76.25  	 73.16  	 65.66  	 72.92  	 78.87  	 39.02
1984	   3	  15	   4	 49.92  	 69.48  	 72.32  	 75.97  	 74.44  	 74.68  	 73.02  	 65.94  	 73.38  	 78.10  	 38.87
1984	   3	  27	   4	 57.32  	 83.24  	 82.29  	 83.84  	 82.77  	 81.58  	 78.73  	 82.41  	 83.95  	 81.22  	 41.80
1984	   4	  17	   4	 41.79  	 79.21  	 79.09  	 86.09  	 84.07  	 81.11  	 79.56  	 81.58  	 83.24  	 79.92  	 41.21
1984	   4	  27	   4	 39.65  	 76.86  	 79.50  	 84.07  	 84.43  	 83.47  	 81.67  	 85.87  	 84.79  	 81.91  	 41.97
1984	   5	  15	   4	 33.60  	 60.67  	 71.57  	 76.90  	 79.74  	 78.56  	 80.34  	 82.59  	 83.06  	 81.05  	 41.59
1984	   5	  30	   4	 38.56  	 72.89  	 80.29  	 85.07  	 87.34  	 83.28  	 82.21  	 86.27  	 85.19  	 82.56  	 42.18
1984	   6	  11	   4	 32.08  	 69.37  	 77.08  	 80.10  	 86.13  	 82.15  	 82.39  	 86.25  	 85.28  	 83.35  	 43.31
1984	   6	  27	   4	 23.62  	 43.60  	 67.30  	 75.65  	 80.00  	 80.49  	 82.78  	 85.44  	 84.24  	 82.18  	 42.66
1984	   7	  17	   4	 29.35  	 57.44  	 60.49  	 68.53  	 75.11  	 75.48  	 79.01  	 81.94  	 86.69  	 82.79  	 43.65
1984	   7	  31	   4	 19.73  	 43.04  	 60.90  	 64.20  	 68.85  	 73.99  	 76.07  	 79.49  	 82.79  	 83.04  	 43.78
1984	   8	  15	   4	 13.41  	 22.31  	 49.27  	 55.36  	 59.33  	 66.41  	 73.12  	 79.08  	 85.05  	 83.43  	 44.51
1984	   8	  28	   4	 14.59  	 25.27  	 49.89  	 56.45  	 57.56  	 63.50  	 71.79  	 76.50  	 82.43  	 81.94  	 43.88
1984	   9	  13	   4	 23.39  	 46.39  	 49.22  	 55.96  	 59.40  	 60.13  	 66.88  	 74.98  	 80.25  	 82.46  	 41.97
1984	   9	  26	   4	 16.98  	 38.78  	 51.35  	 55.51  	 55.75  	 59.29  	 66.98  	 75.41  	 81.14  	 80.29  	 41.92
1984	  10	  30	   4	 32.15  	 65.12  	 68.29  	 55.74  	 57.57  	 59.15  	 66.71  	 74.26  	 80.48  	 82.18  	 41.09
1984	  11	  29	   4	 34.53  	 71.50  	 76.86  	 78.07  	 79.78  	 84.04  	 81.60  	 84.65  	 85.13  	 82.33  	 44.45
1984	  12	  28	   4	 36.51  	 70.53  	 77.45  	 79.39  	 84.61  	 81.21  	 82.79  	 86.43  	 87.04  	 82.30  	 43.82
1985	   1	  31	   4	 28.70  	 64.17  	 74.74  	 78.10  	 79.90  	 79.30  	 82.30  	 84.10  	 87.22  	 83.14  	 43.55
1985	   2	  27	   4	 33.47  	 79.07  	 80.76  	 85.83  	 83.18  	 83.42  	 82.57  	 86.92  	 85.59  	 83.78  	 44.85
1985	   3	  13	   4	 47.00  	 86.78  	 84.84  	 86.29  	 84.11  	 85.08  	 83.15  	 86.41  	 87.02  	 85.08  	 43.57
1985	   3	  28	   4	 34.61  	 75.47  	 80.05  	 83.89  	 88.10  	 85.87  	 85.75  	 87.85  	 89.46  	 85.13  	 44.98
1985	   4	  17	   4	 28.73  	 70.76  	 76.43  	 80.98  	 88.00  	 84.56  	 85.17  	 87.02  	 87.63  	 84.68  	 45.17
1985	   5	   1	   4	 31.39  	 42.86  	 68.40  	 78.06  	 81.11  	 80.99  	 84.17  	 87.10  	 87.71  	 82.82  	 43.80
1985	   5	  15	   4	 36.28  	 64.07  	 63.22  	 74.30  	 79.29  	 79.05  	 83.06  	 87.57  	 88.30  	 82.46  	 44.51
1985	   5	  29	   4	 16.21  	 35.34  	 61.48  	 71.09  	 78.24  	 78.24  	 79.47  	 83.42  	 86.62  	 83.42  	 45.53
1985	   6	  12	   4	 34.59  	 45.15  	 62.27  	 70.52  	 74.95  	 76.43  	 78.65  	 81.35  	 85.54  	 84.19  	 44.99
1985	   6	  26	   4	 24.02  	 59.28  	 63.72  	 70.89  	 75.46  	 74.84  	 79.41  	 82.50  	 84.97  	 82.37  	 44.09
1985	   7	  16	   4	 25.64  	 59.26  	 69.98  	 72.79  	 73.86  	 73.06  	 74.93  	 77.75  	 80.42  	 79.36  	 43.91
1985	   7	  31	   4	 35.64  	 71.59  	 78.41  	 81.01  	 81.26  	 79.27  	 81.75  	 87.33  	 87.58  	 87.58  	 45.28
1985	   8	  14	   4	 43.23  	 74.87  	 79.14  	 80.35  	 79.87  	 80.48  	 79.14  	 80.60  	 84.98  	 84.74  	 44.02
1985	   8	  28	   4	 37.61  	 68.55  	 76.31  	 78.28  	 80.12  	 79.75  	 82.59  	 86.90  	 88.62  	 84.31  	 44.74
1985	   9	  18	   4	 26.72  	 47.70  	 65.70  	 72.15  	 77.62  	 75.92  	 77.62  	 80.90  	 83.94  	 82.97  	 45.32
1985	  10	   1	   4	 34.49  	 61.02  	 65.49  	 70.21  	 75.29  	 77.46  	 78.91  	 79.28  	 83.27  	 82.91  	 44.05
1985	  10	  30	   4	 34.27  	 65.52  	 74.97  	 76.55  	 78.24  	 77.15  	 80.42  	 80.30  	 87.33  	 84.18  	 44.63
1985	  12	   4	   4	 40.88  	 74.87  	 81.82  	 89.49  	 89.49  	 85.35  	 83.40  	 88.27  	 87.18  	 83.89  	 44.38
1985	  12	  31	   4	 42.80  	 80.85  	 73.56  	 79.27  	 81.82  	 84.37  	 84.49  	 87.04  	 87.04  	 84.49  	 43.21
1986	   1	  30	   4	 34.87  	 79.64  	 74.04  	 78.93  	 80.48  	 82.50  	 80.00  	 82.15  	 88.23  	 85.60  	 43.46
1986	   2	  27	   4	 49.93  	 83.94  	 78.32  	 79.51  	 82.39  	 81.19  	 80.95  	 86.46  	 88.73  	 84.66  	 42.81
1986	   3	  20	   4	 36.99  	 71.86  	 77.89  	 82.12  	 82.72  	 84.53  	 83.20  	 85.86  	 88.64  	 83.81  	 44.56
1986	   4	   3	   4	 34.49  	 62.13  	 73.34  	 80.10  	 82.15  	 82.75  	 84.80  	 86.97  	 89.14  	 83.23  	 43.73
1986	   4	  16	   4	 19.24  	 53.21  	 71.05  	 76.84  	 82.51  	 80.70  	 82.51  	 86.01  	 88.66  	 84.56  	 43.31
1986	   4	  30	   4	 15.27  	 26.33  	 62.22  	 72.96  	 78.70  	 81.39  	 80.66  	 85.91  	 88.35  	 86.39  	 44.42
1986	   5	  15	   4	 17.64  	 26.23  	 56.53  	 65.82  	 74.15  	 75.96  	 80.07  	 82.96  	 88.03  	 84.17  	 45.28
1986	   5	  28	   4	 15.24  	 26.59  	 53.99  	 64.25  	 73.79  	 75.84  	 78.50  	 82.00  	 84.89  	 82.72  	 44.74
1986	   6	  11	   4	 22.74  	 47.64  	 61.76  	 67.48  	 73.20  	 74.42  	 77.95  	 80.87  	 85.74  	 84.04  	 44.88
1986	   7	  15	   4	 31.56  	 37.02  	 53.94  	 59.40  	 63.47  	 70.31  	 76.14  	 80.48  	 86.49  	 84.27  	 46.21
1986	   7	  29	   4	 23.74  	 39.09  	 51.40  	 55.20  	 59.08  	 64.82  	 72.41  	 79.72  	 84.35  	 84.44  	 46.29
1986	   8	  13	   4	999.99  	 24.65  	 48.98  	 52.61  	 54.43  	 59.27  	 66.05  	 74.64  	 80.33  	 80.70  	 43.25
1986	   8	  27	   4	 18.38  	 19.73  	 45.62  	 51.23  	 55.99  	 58.31  	 63.69  	 74.80  	 79.68  	 82.73  	 42.34
1986	   9	  17	   4	 33.91  	 35.54  	 47.34  	 54.02  	 57.07  	 57.07  	 61.81  	 72.63  	 79.20  	 80.42  	 42.58
1986	  10	   1	   4	 39.30  	 71.99  	 78.34  	 81.76  	 80.05  	 71.38  	 64.78  	 72.23  	 78.95  	 80.29  	 41.67
1986	  10	  30	   4	 38.57  	 73.83  	 79.04  	 84.11  	 84.60  	 80.37  	 82.18  	 83.63  	 85.44  	 83.87  	 43.69
1986	  12	   2	   4	 43.55  	 78.19  	 83.15  	 87.02  	 86.17  	 83.27  	 82.30  	 84.72  	 85.93  	 83.15  	 43.93
1986	  12	  31	   4	 38.60  	 71.37  	 78.70  	 82.30  	 84.46  	 81.70  	 81.22  	 84.58  	 86.38  	 83.02  	 43.55
1987	   1	  29	   4	 50.32  	 71.01  	 79.20  	 81.37  	 85.22  	 82.69  	 82.09  	 85.10  	 85.46  	 83.05  	 42.91
1987	   2	  26	   4	 33.21  	 69.76  	 77.41  	 82.64  	 83.61  	 82.88  	 83.37  	 86.04  	 86.40  	 83.12  	 43.75
1987	   3	  18	   4	 39.28  	 75.33  	 78.36  	 81.39  	 86.24  	 82.97  	 82.24  	 86.85  	 86.85  	 82.48  	 43.60
1987	   4	   1	   4	 36.42  	 80.81  	 84.23  	 87.88  	 88.74  	 84.35  	 85.45  	 85.93  	 88.62  	 83.62  	 44.31
1987	   4	  16	   4	 40.13  	 78.58  	 84.93  	 87.13  	 86.52  	 84.32  	 83.71  	 87.01  	 86.64  	 84.08  	 43.99
1987	   4	  29	   4	 40.13  	 53.53  	 76.85  	 83.02  	 84.38  	 86.72  	 85.86  	 88.45  	 87.95  	 84.87  	 44.96
1987	   5	  13	   4	 15.27  	 30.40  	 63.64  	 73.54  	 80.50  	 81.60  	 83.31  	 87.59  	 88.69  	 82.82  	 44.47
1987	   5	  28	   4	 22.05  	 37.54  	 57.57  	 68.63  	 76.87  	 79.57  	 80.06  	 84.12  	 87.81  	 84.61  	 44.52
1987	   6	  18	   4	 12.64  	 23.02  	 48.04  	 54.45  	 59.75  	 71.09  	 77.38  	 80.09  	 84.16  	 83.79  	 46.27
1987	   7	   1	   4	 21.77  	 24.36  	 46.89  	 53.38  	 56.81  	 61.58  	 72.85  	 77.99  	 81.66  	 82.40  	 44.26
1987	   7	  15	   4	 25.80  	 28.81  	 46.39  	 53.02  	 55.48  	 57.57  	 67.77  	 77.73  	 81.79  	 80.56  	 43.66
1987	   7	  31	   4	 22.14  	 37.37  	 52.54  	 55.75  	 55.13  	 54.39  	 58.22  	 73.27  	 82.03  	 81.17  	 42.87
1987	   8	  13	   4	 27.37  	 27.65  	 46.54  	 53.49  	 51.51  	 52.62  	 55.48  	 70.39  	 81.07  	 82.56  	 42.27
1987	   9	   3	   4	 17.01  	 35.16  	 48.00  	 49.95  	 51.42  	 52.39  	 54.35  	 69.87  	 77.94  	 80.50  	 42.57
1987	   9	  18	   4	 25.78  	 29.96  	 47.01  	 50.44  	 51.06  	 51.42  	 55.84  	 67.62  	 79.52  	 80.87  	 40.56
1987	   9	  30	   4	 18.45  	 28.23  	 47.35  	 51.94  	 52.56  	 52.31  	 56.16  	 68.07  	 77.50  	 82.10  	 41.11
1987	  10	  29	   4	 15.05  	 26.19  	 43.14  	 49.40  	 51.73  	 50.75  	 53.82  	 62.41  	 74.82  	 79.61  	 39.86
1987	  12	   2	   4	 32.34  	 67.29  	 48.13  	 48.37  	 50.92  	 49.71  	 52.98  	 63.05  	 74.21  	 79.06  	 39.47
1987	  12	  29	   4	 35.60  	 71.58  	 77.17  	 79.36  	 76.20  	 74.62  	 57.61  	 64.29  	 75.95  	 80.57  	 38.95
1988	   1	  28	   4	 34.37  	 66.22  	 74.14  	 77.80  	 76.45  	 77.31  	 73.53  	 69.87  	 75.48  	 79.26  	 39.63
1988	   3	   3	   4	 15.32  	 72.91  	 77.13  	 78.58  	 78.22  	 75.68  	 74.11  	 75.32  	 75.56  	 78.22  	 38.81
1988	   3	  15	   4	 31.60  	 71.21  	 75.99  	 80.65  	 78.94  	 78.45  	 78.08  	 79.06  	 81.02  	 79.92  	 40.94
1988	   3	  29	   4	 42.03  	 77.05  	 79.98  	 81.57  	 79.98  	 79.61  	 78.64  	 79.61  	 82.92  	 80.10  	 40.72
1988	   4	  14	   4	 25.48  	 66.71  	 66.71  	 79.86  	 80.36  	 78.25  	 80.11  	 80.48  	 82.34  	 80.61  	 43.90
1988	   4	  28	   4	 16.61  	 51.54  	 72.48  	 76.40  	 76.89  	 77.75  	 78.48  	 80.07  	 81.30  	 81.91  	 41.93
1988	   5	  19	   4	 14.51  	 37.39  	 61.03  	 70.06  	 73.90  	 75.75  	 76.87  	 77.11  	 81.69  	 81.57  	 42.08
1988	   6	   1	   4	 19.58  	 48.40  	 57.73  	 66.07  	 73.54  	 76.65  	 76.53  	 79.39  	 81.01  	 83.00  	 41.62
1988	   6	  15	   4	 19.38  	 36.60  	 55.20  	 62.81  	 69.68  	 72.05  	 75.17  	 77.04  	 83.41  	 81.53  	 42.58
1988	   6	  29	   4	 39.03  	 26.68  	 47.37  	 53.77  	 58.45  	 63.50  	 70.15  	 75.81  	 82.34  	 78.89  	 42.46
1988	   7	  14	   4	 13.46  	 25.71  	 44.98  	 51.32  	 56.67  	 57.66  	 67.11  	 73.45  	 80.29  	 83.28  	 42.94
1988	   7	  27	   4	 10.74  	 25.28  	 42.27  	 50.02  	 52.39  	 52.27  	 60.14  	 70.51  	 81.00  	 82.63  	 42.31
1988	   8	   1	   4	 11.42  	 25.18  	 41.16  	 47.60  	 52.18  	 52.18  	 58.13  	 68.28  	 80.79  	 83.40  	 41.14
1988	   8	  17	   4	 28.34  	 56.86  	 55.87  	 53.78  	 55.26  	 55.50  	 58.71  	 69.20  	 77.22  	 80.30  	 40.95
1988	   9	   1	   4	 20.93  	 43.10  	 52.98  	 52.61  	 53.10  	 53.84  	 57.05  	 65.58  	 78.67  	 79.78  	 41.68
1988	   9	  15	   4	 13.89  	 19.27  	 43.94  	 51.75  	 52.87  	 52.87  	 54.97  	 63.16  	 77.54  	 82.50  	 41.74
1988	   9	  30	   4	 12.51  	 19.35  	 42.33  	 50.81  	 51.06  	 51.06  	 54.01  	 61.01  	 74.16  	 80.06  	 40.40
1988	  11	   2	   4	 15.51  	 25.72  	 43.13  	 47.76  	 51.29  	 52.75  	 53.60  	 60.30  	 73.69  	 78.56  	 38.79
1988	  12	   1	   4	 31.39  	 67.71  	 74.55  	 56.48  	 50.62  	 51.11  	 53.67  	 61.12  	 75.04  	 80.05  	 38.19
1988	  12	  28	   4	 28.40  	 71.34  	 75.59  	 78.26  	 67.20  	 50.07  	 53.60  	 61.86  	 73.28  	 79.60  	 38.71
1989	   1	  27	   4	 32.99  	 59.10  	 63.96  	 65.10  	 63.96  	 54.64  	 43.25  	 48.12  	 61.48  	 67.17  	 31.26
1989	   2	  28	   4	 46.77  	 70.00  	 75.36  	 78.16  	 75.72  	 74.14  	 61.34  	 62.56  	 73.53  	 81.69  	 39.02
1989	   3	  15	   4	 37.89  	 72.35  	 76.73  	 75.27  	 78.19  	 76.98  	 61.88  	 62.86  	 74.30  	 78.32  	 41.47
1989	   3	  28	   4	 36.19  	 73.34  	 77.40  	 75.43  	 75.55  	 76.54  	 71.38  	 64.75  	 74.20  	 78.26  	 39.07
1989	   4	  12	   4	 32.52  	 68.79  	 73.85  	 80.27  	 78.54  	 77.80  	 80.89  	 76.81  	 75.83  	 78.05  	 41.06
1989	   4	  25	   4	 23.92  	 61.21  	 74.13  	 79.42  	 78.06  	 77.82  	 77.82  	 77.57  	 75.97  	 82.86  	 40.75
1989	   5	  18	   4	 17.90  	 40.24  	 60.96  	 68.89  	 69.83  	 71.61  	 71.73  	 71.84  	 74.80  	 75.99  	 39.59
1989	   5	  31	   4	 32.97  	 69.99  	 73.90  	 73.17  	 71.95  	 73.90  	 73.41  	 76.59  	 76.71  	 81.24  	 41.17
1989	   6	  13	   4	 28.41  	 59.59  	 69.91  	 71.38  	 71.50  	 72.73  	 72.73  	 76.41  	 77.15  	 80.10  	 41.89
1989	   6	  28	   4	 24.98  	 50.14  	 63.45  	 65.05  	 68.87  	 69.86  	 72.94  	 73.68  	 77.87  	 81.57  	 41.59
1989	   7	  13	   4	 12.76  	 31.81  	 51.39  	 58.50  	 61.74  	 61.74  	 70.97  	 74.46  	 79.45  	 81.69  	 42.40
1989	   8	   3	   4	 23.96  	 64.75  	 71.26  	 64.75  	 62.29  	 63.64  	 67.94  	 73.10  	 78.13  	 80.10  	 42.14
1989	   8	  15	   4	 23.02  	 38.92  	 62.96  	 60.49  	 59.50  	 59.87  	 67.52  	 70.85  	 77.75  	 82.19  	 40.60
1989	   8	  30	   4	 39.39  	 37.27  	 56.94  	 59.91  	 58.55  	 61.15  	 66.35  	 73.65  	 77.11  	 81.69  	 41.03
1989	   9	  20	   4	 30.75  	 65.33  	 72.74  	 73.85  	 60.88  	 60.02  	 63.97  	 73.97  	 77.43  	 82.87  	 40.69
1989	  10	   3	   4	 19.45  	 50.94  	 69.94  	 71.91  	 61.06  	 58.96  	 65.50  	 72.41  	 76.60  	 81.54  	 40.40
1989	  10	  31	   4	 19.84  	 46.88  	 65.16  	 68.60  	 61.73  	 61.97  	 65.78  	 72.28  	 75.47  	 80.01  	 41.35
1989	  11	  30	   4	 23.22  	 40.54  	 61.82  	 67.11  	 61.45  	 63.42  	 66.13  	 72.77  	 77.08  	 78.43  	 41.00
1990	   1	   4	   4	 36.61  	 69.58  	 71.66  	 65.79  	 61.63  	 60.41  	 64.81  	 71.91  	 75.70  	 80.47  	 40.79
1990	   1	  30	   4	 32.37  	 66.48  	 71.01  	 65.13  	 61.58  	 60.85  	 66.11  	 70.77  	 73.95  	 79.70  	 40.22
1990	   2	  27	   4	 35.16  	 69.95  	 75.21  	 77.78  	 79.00  	 76.31  	 77.90  	 77.29  	 81.57  	 80.96  	 41.34
1990	   3	  16	   4	 39.44  	 77.08  	 82.34  	 85.15  	 83.68  	 82.82  	 82.21  	 83.44  	 83.31  	 81.85  	 43.80
1990	   3	  27	   4	 35.80  	 73.54  	 80.77  	 84.57  	 84.82  	 82.98  	 82.00  	 84.82  	 85.80  	 81.63  	 44.25
1990	   4	  19	   4	 37.54  	 71.21  	 77.05  	 77.29  	 79.72  	 81.42  	 81.42  	 85.19  	 83.85  	 80.81  	 42.47
1990	   5	   2	   4	 29.88  	 62.05  	 73.66  	 75.98  	 81.60  	 77.45  	 80.26  	 86.61  	 83.56  	 84.90  	 43.73
1990	   5	  17	   4	 38.61  	 77.29  	 82.43  	 87.08  	 84.39  	 82.92  	 84.14  	 84.63  	 85.61  	 82.92  	 43.91
1990	   5	  30	   4	 33.91  	 78.60  	 82.93  	 87.51  	 86.89  	 82.31  	 84.29  	 86.02  	 87.01  	 84.41  	 44.93
1990	   6	  14	   4	 34.03  	 69.45  	 79.42  	 82.62  	 85.45  	 84.46  	 82.25  	 88.28  	 85.32  	 82.74  	 45.00
1990	   6	  27	   4	 25.63  	 63.18  	 76.97  	 80.20  	 82.56  	 85.05  	 83.31  	 87.65  	 87.16  	 83.80  	 45.63
1990	   7	  19	   4	 27.66  	 60.79  	 71.01  	 74.21  	 77.41  	 79.01  	 83.57  	 86.65  	 87.27  	 82.83  	 44.31
1990	   8	   2	   4	 22.85  	 62.11  	 73.59  	 78.32  	 78.82  	 81.32  	 84.06  	 89.42  	 87.68  	 85.68  	 44.84
1990	   8	  14	   4	 27.45  	 54.08  	 70.23  	 76.89  	 75.90  	 80.21  	 81.32  	 81.45  	 86.13  	 84.53  	 43.68
1990	   8	  28	   4	 20.52  	 46.56  	 66.93  	 76.32  	 75.33  	 78.05  	 78.91  	 80.15  	 84.10  	 85.58  	 45.26
1990	   9	  13	   4	 12.78  	 34.90  	 59.58  	 71.67  	 71.91  	 76.48  	 78.58  	 81.54  	 86.23  	 83.76  	 43.92
1990	   9	  27	   4	 23.26  	 33.79  	 56.37  	 68.95  	 73.77  	 73.52  	 76.11  	 79.69  	 82.53  	 82.40  	 42.56
1990	  10	  31	   4	 22.29  	 61.30  	 65.50  	 69.57  	 72.16  	 72.90  	 76.36  	 78.82  	 83.88  	 83.14  	 42.68
1990	  11	  28	   4	 36.12  	 73.23  	 79.26  	 80.12  	 79.01  	 79.14  	 78.65  	 79.01  	 84.43  	 85.17  	 43.63
1991	   1	   2	   4	 41.39  	 65.35  	 73.48  	 77.00  	 78.33  	 79.18  	 78.21  	 79.06  	 84.52  	 81.00  	 44.02
1991	   1	  29	   4	 28.01  	 67.48  	 69.77  	 74.71  	 76.52  	 78.93  	 77.60  	 78.20  	 82.18  	 80.97  	 43.56
1991	   2	  26	   4	 38.56  	 68.73  	 73.86  	 77.15  	 79.10  	 77.15  	 78.13  	 79.22  	 80.69  	 81.66  	 42.11
1991	   3	  12	   4	 35.61  	 69.99  	 76.61  	 80.04  	 79.92  	 78.32  	 78.08  	 79.79  	 81.88  	 83.47  	 42.72
1991	   3	  26	   4	 30.96  	 74.38  	 77.84  	 81.91  	 85.73  	 82.65  	 81.79  	 85.36  	 86.35  	 82.53  	 43.92
1991	   4	  16	   4	 37.03  	 78.10  	 80.68  	 84.61  	 83.63  	 82.28  	 82.15  	 84.49  	 85.47  	 82.15  	 44.83
1991	   4	  30	   4	 33.00  	 71.54  	 76.73  	 81.42  	 84.62  	 83.14  	 82.03  	 85.36  	 86.72  	 82.28  	 43.61
1991	   5	  17	   4	 36.87  	 76.23  	 79.12  	 83.89  	 84.64  	 87.77  	 84.89  	 89.03  	 85.01  	 83.38  	 45.39
1991	   5	  29	   4	 43.71  	 80.67  	 82.90  	 86.12  	 87.61  	 82.40  	 83.64  	 85.62  	 86.24  	 84.26  	 43.12
1991	   6	  11	   4	 26.33  	 63.28  	 74.63  	 80.67  	 81.42  	 82.77  	 85.12  	 85.61  	 87.09  	 84.62  	 43.30
1991	   6	  26	   4	 18.42  	 41.31  	 73.24  	 80.05  	 81.56  	 83.58  	 83.71  	 86.99  	 89.64  	 86.48  	 44.25
1991	   7	  16	   4	 28.21  	 59.12  	 62.49  	 71.59  	 75.71  	 76.45  	 80.94  	 83.06  	 88.05  	 86.06  	 44.34
1991	   7	  30	   4	 14.27  	 20.11  	 50.45  	 65.12  	 72.46  	 74.95  	 78.43  	 83.65  	 86.39  	 81.16  	 44.44
1991	   8	  15	   4	 30.05  	 44.89  	 57.01  	 69.76  	 71.38  	 73.88  	 76.63  	 79.75  	 85.38  	 82.50  	 44.31
1991	   8	  29	   4	 18.03  	 24.11  	 50.70  	 62.94  	 68.93  	 72.80  	 75.54  	 78.41  	 83.03  	 84.03  	 44.33
1991	   9	  17	   4	 26.36  	 35.53  	 54.93  	 65.12  	 70.22  	 71.46  	 74.57  	 77.56  	 82.03  	 82.16  	 42.88
1991	  10	   1	   4	 14.56  	 29.40  	 50.27  	 61.51  	 66.13  	 71.01  	 74.13  	 77.88  	 82.50  	 84.13  	 42.25
1991	  10	  29	   4	 39.04  	 64.26  	 69.38  	 69.63  	 68.13  	 71.88  	 72.88  	 77.13  	 80.25  	 83.00  	 42.31
1991	  12	   4	   4	 31.44  	 69.30  	 77.26  	 79.09  	 76.40  	 77.01  	 77.99  	 77.13  	 81.54  	 81.79  	 42.06
1992	   1	   3	   4	 39.44  	 68.95  	 76.48  	 78.08  	 79.32  	 78.82  	 81.66  	 84.50  	 82.40  	 82.28  	 43.48
1992	   1	  30	   4	 32.99  	 71.34  	 76.67  	 76.30  	 77.91  	 79.65  	 77.91  	 78.90  	 84.11  	 86.34  	 43.85
1992	   2	  27	   4	 32.93  	 69.73  	 78.26  	 77.64  	 81.35  	 83.08  	 83.21  	 79.99  	 82.71  	 82.09  	 44.01
1992	   3	  18	   4	 41.62  	 77.59  	 79.47  	 78.85  	 80.35  	 80.22  	 84.60  	 81.85  	 87.60  	 82.22  	 44.24
1992	   4	   2	   4	 35.96  	 75.96  	 82.16  	 86.86  	 86.49  	 80.67  	 78.19  	 86.12  	 83.64  	 85.38  	 44.36
1992	   4	  17	   4	 34.47  	 70.02  	 80.17  	 81.91  	 82.65  	 82.78  	 82.03  	 84.76  	 85.62  	 82.53  	 43.56
1992	   4	  27	   4	 35.64  	 75.18  	 80.02  	 81.75  	 86.84  	 81.51  	 80.27  	 83.24  	 83.99  	 82.87  	 44.10
1992	   5	  14	   4	 24.77  	 54.96  	 73.90  	 78.10  	 80.08  	 81.69  	 82.19  	 84.66  	 85.03  	 83.42  	 43.14
1992	   5	  27	   4	 27.59  	 59.91  	 72.18  	 78.31  	 79.31  	 81.69  	 84.07  	 86.32  	 86.82  	 84.57  	 43.47
1992	   6	  12	   4	 17.76  	 40.68  	 62.89  	 74.75  	 78.91  	 80.18  	 80.81  	 82.57  	 87.24  	 84.34  	 44.69
1992	   7	   1	   4	 13.39  	 21.36  	 48.89  	 59.57  	 67.61  	 69.12  	 75.41  	 80.31  	 83.20  	 83.83  	 44.30
1992	   7	  14	   4	 28.32  	 51.08  	 67.53  	 71.68  	 73.31  	 72.43  	 77.33  	 81.47  	 86.49  	 84.99  	 44.19
1992	   7	  28	   4	 27.14  	 47.68  	 64.26  	 69.19  	 70.08  	 71.60  	 75.01  	 81.72  	 83.75  	 84.50  	 44.47
1992	   8	  14	   4	 12.32  	 28.23  	 56.94  	 63.30  	 67.74  	 68.63  	 73.08  	 80.07  	 86.80  	 83.88  	 44.48
1992	   8	  26	   4	 14.22  	 25.93  	 52.27  	 58.04  	 61.68  	 65.57  	 71.09  	 78.62  	 82.63  	 82.76  	 44.01
1992	   9	  16	   4	 19.44  	 44.82  	 60.98  	 61.36  	 62.23  	 63.24  	 70.88  	 77.15  	 81.03  	 82.54  	 43.65
1992	  10	   1	   4	 24.40  	 50.21  	 59.28  	 59.53  	 62.31  	 64.45  	 70.00  	 76.80  	 83.23  	 82.35  	 43.19
1992	  10	  30	   4	 32.41  	 39.91  	 56.13  	 56.38  	 60.12  	 61.61  	 69.84  	 75.08  	 81.07  	 82.94  	 41.84
1992	  12	   3	   4	 33.41  	 70.15  	 76.55  	 76.80  	 78.65  	 80.98  	 81.23  	 81.35  	 83.94  	 81.72  	 43.08
1992	  12	  30	   4	 41.05  	 79.43  	 81.54  	 81.41  	 84.88  	 80.30  	 81.91  	 87.36  	 84.88  	 84.51  	 41.76
1993	   1	  27	   4	 48.96  	 74.91  	 83.54  	 86.13  	 84.03  	 81.69  	 80.58  	 86.25  	 85.51  	 79.47  	 42.51
1993	   3	   2	   4	 51.41  	 72.28  	 77.66  	 84.26  	 83.65  	 81.82  	 82.18  	 82.31  	 80.47  	 84.14  	 41.46
1993	   3	  17	   4	 40.58  	 76.95  	 82.16  	 85.62  	 85.62  	 83.40  	 83.27  	 83.89  	 85.75  	 83.40  	 43.06
1993	   3	  31	   4	 39.56  	 84.10  	 82.85  	 86.47  	 88.10  	 89.48  	 85.97  	 84.85  	 84.22  	 84.10  	 43.11
1993	   4	  15	   4	 51.32  	 84.14  	 86.74  	 81.04  	 84.01  	 79.68  	 81.91  	 86.37  	 85.50  	 82.03  	 42.50
1993	   4	  29	   4	 41.47  	 79.31  	 84.57  	 89.20  	 85.82  	 82.32  	 84.57  	 83.57  	 87.70  	 81.82  	 44.85
1993	   5	  13	   4	 38.46  	 73.68  	 80.19  	 84.82  	 85.32  	 85.82  	 84.82  	 86.07  	 84.57  	 88.20  	 43.79
1993	   5	  27	   4	 18.97  	 53.46  	 73.09  	 79.35  	 80.97  	 82.72  	 83.72  	 86.22  	 87.22  	 81.85  	 44.05
1993	   6	  16	   4	 21.67  	 56.21  	 68.84  	 75.34  	 79.35  	 81.47  	 82.97  	 85.72  	 86.47  	 85.35  	 41.92
1993	   7	   1	   4	 39.93  	 76.29  	 79.68  	 81.69  	 83.32  	 83.83  	 83.83  	 86.34  	 87.60  	 84.58  	 44.18
1993	   7	  14	   4	 40.89  	 68.11  	 73.91  	 79.33  	 81.22  	 83.61  	 85.75  	 87.39  	 86.51  	 84.37  	 44.20
1993	   7	  29	   4	 27.61  	 74.07  	 81.25  	 83.89  	 87.17  	 84.77  	 85.53  	 86.92  	 88.18  	 82.76  	 44.59
1993	   8	  18	   4	 26.89  	 67.05  	 79.41  	 83.53  	 84.16  	 84.28  	 83.03  	 85.03  	 87.03  	 83.16  	 44.64
1993	   9	   2	   4	 45.96  	 84.68  	 81.94  	 85.68  	 87.05  	 85.81  	 86.93  	 87.55  	 89.17  	 81.69  	 44.59
1993	   9	  14	   4	 48.51  	 81.35  	 83.21  	 85.93  	 89.02  	 89.39  	 82.22  	 84.32  	 86.92  	 82.34  	 45.00
1993	   9	  30	   4	 38.38  	 80.54  	 87.28  	 87.28  	 87.53  	 84.91  	 85.65  	 85.28  	 86.53  	 81.91  	 45.32
1993	  10	  28	   4	 28.36  	 74.30  	 82.04  	 86.86  	 91.55  	 86.60  	 90.15  	 86.98  	 87.11  	 86.73  	 45.46
1993	  12	   1	   4	 44.93  	 78.21  	 83.88  	 86.47  	 87.83  	 86.47  	 85.73  	 85.61  	 85.98  	 83.02  	 43.61
1993	  12	  29	   4	 28.84  	 75.57  	 81.11  	 84.31  	 85.17  	 86.53  	 86.53  	 85.54  	 87.39  	 83.94  	 42.40
1994	   1	  27	   4	 49.33  	 76.25  	 77.61  	 80.83  	 80.21  	 81.69  	 85.90  	 86.02  	 87.01  	 82.68  	 42.45
1994	   3	   2	   4	 38.34  	 72.40  	 77.68  	 80.01  	 79.64  	 81.85  	 81.11  	 84.67  	 85.40  	 82.21  	 42.27
1994	   3	  17	   4	 31.76  	 73.70  	 80.42  	 80.67  	 86.76  	 84.40  	 85.89  	 88.00  	 88.62  	 83.53  	 44.06
1994	   4	   1	   4	 28.96  	 68.66  	 76.09  	 80.05  	 80.67  	 83.52  	 83.40  	 86.49  	 87.61  	 83.15  	 42.50
1994	   4	  15	   4	 45.88  	 83.18  	 82.69  	 84.80  	 85.05  	 85.29  	 85.92  	 85.92  	 87.03  	 83.55  	 43.39
1994	   4	  28	   4	 42.21  	 77.75  	 80.61  	 83.21  	 85.45  	 84.95  	 85.82  	 85.07  	 87.93  	 84.83  	 43.72
1994	   5	  18	   4	 28.51  	 72.71  	 82.56  	 83.69  	 88.43  	 84.19  	 85.68  	 84.93  	 87.18  	 84.81  	 43.71
1994	   6	   2	   4	 37.32  	 66.81  	 71.63  	 77.43  	 83.48  	 84.97  	 85.21  	 86.69  	 85.95  	 85.21  	 42.79
1994	   6	  16	   4	 18.77  	 45.33  	 62.96  	 72.22  	 79.60  	 82.97  	 84.10  	 87.22  	 86.97  	 83.72  	 43.80
1994	   6	  29	   4	 22.29  	 61.43  	 68.71  	 71.47  	 76.86  	 82.00  	 85.27  	 88.53  	 88.78  	 84.76  	 43.20
1994	   7	  13	   4	 16.37  	 34.70  	 56.38  	 64.33  	 71.76  	 78.82  	 82.98  	 84.75  	 87.90  	 84.75  	 44.39
1994	   7	  28	   4	 16.80  	 37.52  	 55.10  	 62.89  	 70.17  	 74.56  	 78.83  	 82.98  	 87.12  	 85.61  	 43.43
1994	   8	  18	   4	 13.13  	 34.18  	 51.40  	 60.57  	 65.10  	 73.14  	 76.16  	 79.93  	 81.69  	 87.35  	 43.23
1994	   9	   1	   4	 28.97  	 60.77  	 58.91  	 65.62  	 62.76  	 66.12  	 71.09  	 78.68  	 86.14  	 82.28  	 44.06
1994	   9	  14	   4	 17.14  	 56.44  	 59.71  	 62.61  	 62.99  	 66.77  	 73.69  	 80.49  	 84.02  	 85.15  	 43.96
1994	   9	  29	   4	 24.25  	 45.50  	 55.54  	 60.05  	 61.18  	 65.07  	 71.22  	 78.74  	 83.13  	 84.51  	 42.51
1994	  10	  27	   4	 23.02  	 53.31  	 56.48  	 59.90  	 62.69  	 63.70  	 71.05  	 78.39  	 84.60  	 84.86  	 43.31
1994	  11	  30	   4	 37.38  	 73.66  	 76.84  	 78.30  	 74.03  	 64.00  	 71.09  	 76.10  	 81.48  	 83.19  	 42.82
1994	  12	  23	   4	 37.66  	 73.84  	 79.01  	 80.74  	 80.25  	 79.26  	 79.14  	 80.62  	 83.94  	 82.96  	 42.59
1995	   1	  27	   4	 59.49  	 72.76  	 77.86  	 81.39  	 85.16  	 80.42  	 81.76  	 83.09  	 83.70  	 82.49  	 43.31
1995	   2	  27	   4	 47.47  	 81.96  	 84.02  	 87.30  	 88.61  	 86.08  	 87.11  	 88.33  	 88.70  	 87.58  	 48.14
1995	   3	  13	   4	 38.20  	 78.73  	 82.10  	 84.96  	 86.33  	 82.22  	 84.21  	 84.46  	 86.83  	 85.96  	 43.73
1995	   3	  31	   4	 33.90  	 70.64  	 75.58  	 82.62  	 81.88  	 83.36  	 82.50  	 85.46  	 85.34  	 83.36  	 43.59
1995	   4	  11	   4	 45.39  	 70.65  	 71.86  	 77.87  	 79.92  	 79.44  	 80.64  	 83.17  	 84.01  	 81.25  	 43.69
1995	   4	  24	   4	 38.69  	 77.86  	 80.75  	 81.88  	 85.89  	 85.89  	 84.51  	 86.64  	 88.65  	 85.52  	 44.58
1995	   5	  15	   4	 36.24  	 73.54  	 82.41  	 88.46  	 88.93  	 89.21  	 86.85  	 89.50  	 91.95  	 87.14  	 45.83
1995	   5	  30	   4	 40.92  	 83.63  	 88.00  	 91.33  	 91.52  	 90.19  	 88.19  	 91.62  	 90.10  	 86.29  	 45.71
1995	   6	  19	   4	 32.55  	 68.69  	 77.50  	 82.10  	 84.58  	 85.20  	 85.07  	 86.69  	 86.07  	 84.58  	 43.47
1995	   6	  27	   4	 50.01  	 75.17  	 79.50  	 81.72  	 87.78  	 84.81  	 84.69  	 84.94  	 85.56  	 83.45  	 41.73
1995	   7	  12	   4	 24.54  	 59.62  	 71.05  	 78.21  	 81.60  	 83.23  	 86.24  	 87.12  	 89.38  	 86.74  	 43.18
1995	   8	   3	   4	 42.09  	 70.67  	 68.42  	 74.43  	 78.31  	 82.44  	 84.57  	 87.70  	 86.20  	 86.45  	 43.47
1995	   8	  14	   4	 33.32  	 63.59  	 72.09  	 77.72  	 82.22  	 85.60  	 85.97  	 87.85  	 90.10  	 84.97  	 43.42
1995	   8	  28	   4	 26.02  	 57.75  	 76.12  	 81.66  	 83.92  	 84.05  	 86.19  	 87.19  	 88.96  	 85.81  	 43.91
1995	   9	  15	   4	 27.03  	 52.15  	 70.34  	 78.12  	 80.50  	 81.88  	 82.25  	 87.90  	 88.78  	 85.89  	 44.26
1995	   9	  27	   4	 26.12  	 46.82  	 66.12  	 74.52  	 78.53  	 82.03  	 82.16  	 84.79  	 87.67  	 84.79  	 44.03
1995	  10	  30	   4	 31.67  	 51.42  	 65.16  	 72.08  	 76.66  	 77.03  	 79.28  	 82.45  	 87.41  	 84.14  	 45.76
1995	  11	  27	   4	 32.91  	 67.61  	 71.54  	 71.30  	 72.53  	 75.97  	 76.46  	 82.00  	 83.35  	 81.88  	 45.24
1996	   1	   4	   4	 40.84  	 68.32  	 71.27  	 70.99  	 73.93  	 73.84  	 77.71  	 81.02  	 84.15  	 84.70  	 44.10
1996	   1	  29	   4	 38.98  	 70.12  	 76.21  	 79.62  	 78.40  	 76.21  	 77.06  	 79.38  	 83.16  	 81.09  	 45.60
1996	   2	  26	   4	 34.13  	 74.14  	 80.78  	 82.58  	 82.30  	 80.69  	 80.78  	 83.81  	 87.42  	 86.37  	 44.66
1996	   3	  12	   4	 38.79  	 70.48  	 76.52  	 81.57  	 83.05  	 81.32  	 81.45  	 83.79  	 85.02  	 83.05  	 44.30
1996	   3	  27	   4	 36.17  	 75.42  	 81.12  	 83.37  	 83.65  	 82.24  	 82.90  	 87.02  	 88.23  	 85.80  	 44.77
1996	   4	   9	   4	 30.64  	 68.95  	 76.00  	 80.21  	 80.95  	 80.45  	 81.82  	 84.91  	 84.04  	 84.41  	 41.28
1996	   4	  29	   4	 46.95  	 79.91  	 77.47  	 79.62  	 81.96  	 80.47  	 81.50  	 84.49  	 87.86  	 86.36  	 44.72
1996	   5	  13	   4	 45.22  	 84.12  	 86.27  	 86.55  	 88.23  	 87.20  	 85.89  	 88.42  	 87.30  	 85.89  	 44.21
1996	   5	  29	   4	 41.68  	 83.75  	 86.09  	 88.25  	 89.00  	 88.06  	 86.66  	 90.03  	 88.91  	 85.81  	 45.30
1996	   6	  13	   4	 40.12  	 79.02  	 84.17  	 87.19  	 86.31  	 84.68  	 84.68  	 87.70  	 87.07  	 85.81  	 43.22
1996	   7	   1	   4	 21.84  	 52.48  	 76.45  	 84.31  	 86.20  	 88.38  	 87.15  	 89.61  	 90.09  	 87.06  	 45.57
1996	   7	  15	   4	 18.02  	 40.54  	 62.26  	 73.94  	 78.58  	 82.60  	 81.97  	 87.37  	 88.38  	 83.73  	 43.94
1996	   7	  29	   4	 17.70  	 36.11  	 62.88  	 71.75  	 76.32  	 81.66  	 83.09  	 87.75  	 90.42  	 86.33  	 46.36
1996	   8	  13	   4	 13.55  	 42.89  	 68.51  	 73.88  	 75.76  	 78.88  	 78.50  	 83.50  	 87.50  	 83.63  	 44.56
1996	   8	  27	   4	 16.10  	 54.10  	 74.44  	 77.41  	 78.37  	 79.14  	 82.78  	 85.76  	 90.94  	 87.68  	 46.96
1996	   9	  11	   4	 19.80  	 60.50  	 77.83  	 77.08  	 76.57  	 77.95  	 79.21  	 82.47  	 85.11  	 84.48  	 44.31
1996	  10	   1	   4	 23.93  	 61.39  	 72.94  	 75.88  	 75.03  	 75.50  	 77.30  	 81.37  	 87.44  	 85.07  	 44.90
1996	  10	  28	   4	 28.28  	 61.78  	 68.92  	 67.54  	 68.67  	 72.43  	 75.06  	 80.31  	 84.70  	 84.19  	 43.91
1996	  12	   4	   4	 35.45  	 69.55  	 77.06  	 69.08  	 70.49  	 71.61  	 75.93  	 79.59  	 85.70  	 85.60  	 44.49
1997	   1	   2	   4	 38.19  	 73.96  	 76.95  	 78.20  	 75.33  	 73.59  	 75.08  	 78.95  	 83.31  	 83.69  	 42.47
1997	   1	  30	   4	 48.79  	 68.74  	 76.32  	 79.74  	 79.56  	 73.82  	 74.10  	 79.00  	 83.63  	 83.72  	 43.06
1997	   2	  24	   4	 36.53  	 74.75  	 81.54  	 81.42  	 83.88  	 80.18  	 82.16  	 82.40  	 84.75  	 82.53  	 43.92
1997	   3	  12	   4	 36.25  	 80.98  	 84.56  	 87.01  	 87.95  	 85.69  	 84.09  	 87.29  	 87.48  	 85.88  	 45.58
1997	   3	  26	   4	 36.27  	 78.52  	 84.24  	 84.62  	 84.12  	 82.13  	 82.75  	 84.24  	 87.48  	 82.62  	 43.99
1997	   4	  14	   4	 34.83  	 81.26  	 87.20  	 89.24  	 92.07  	 90.22  	 90.22  	 92.45  	 91.38  	 89.54  	 46.91
1997	   4	  28	   4	 30.64  	 71.96  	 80.64  	 82.87  	 84.36  	 83.74  	 82.25  	 84.61  	 84.73  	 83.37  	 43.29
1997	   5	  12	   4	 19.95  	 46.74  	 73.65  	 82.30  	 84.68  	 84.49  	 86.77  	 90.19  	 89.24  	 86.96  	 45.14
1997	   5	  27	   4	 33.56  	 47.00  	 64.07  	 73.50  	 80.48  	 81.14  	 81.80  	 85.86  	 88.31  	 85.76  	 45.38
1997	   6	  11	   4	 22.76  	 45.45  	 63.44  	 74.19  	 78.47  	 80.85  	 82.85  	 84.08  	 88.36  	 86.37  	 45.61
1997	   6	  26	   4	 25.77  	 37.91  	 62.81  	 69.15  	 72.99  	 77.54  	 81.56  	 84.68  	 89.23  	 87.09  	 45.73
1997	   7	  14	   4	 13.01  	 27.48  	 53.15  	 55.78  	 60.28  	 69.17  	 75.06  	 78.31  	 86.82  	 83.94  	 44.10
1997	   7	  29	   4	 13.20  	 21.53  	 46.68  	 54.78  	 58.69  	 61.07  	 70.22  	 79.27  	 88.14  	 86.33  	 45.45
1997	   8	  13	   4	 16.06  	 27.35  	 48.98  	 52.85  	 55.59  	 57.86  	 66.64  	 78.82  	 86.38  	 84.21  	 46.12
1997	   8	  26	   4	 22.44  	 43.62  	 56.42  	 54.52  	 58.31  	 59.55  	 67.22  	 81.35  	 85.52  	 84.67  	 46.22
1997	   9	  11	   4	 16.69  	 44.07  	 53.85  	 54.96  	 54.84  	 59.29  	 65.36  	 78.23  	 83.18  	 82.19  	 43.57
1997	   9	  25	   4	 22.21  	 35.89  	 52.33  	 55.07  	 57.06  	 58.19  	 63.20  	 79.27  	 85.51  	 84.09  	 45.59
1997	  10	  28	   4	 30.91  	 43.93  	 50.93  	 51.55  	 52.90  	 55.36  	 62.12  	 76.13  	 82.28  	 81.79  	 43.29
1997	  11	  24	   4	 27.52  	 53.60  	 51.64  	 53.41  	 54.25  	 55.36  	 60.94  	 73.96  	 82.89  	 82.61  	 44.28
1997	  12	  30	   4	 37.44  	 68.46  	 72.18  	 55.77  	 49.71  	 51.92  	 59.61  	 69.74  	 74.51  	 77.07  	 40.05
1998	   1	  28	   4	 49.48  	 80.10  	 82.58  	 80.10  	 77.43  	 75.68  	 64.18  	 74.95  	 83.50  	 82.12  	 44.05
1998	   2	  24	   4	 37.78  	 80.62  	 82.83  	 86.40  	 83.20  	 82.59  	 84.93  	 85.05  	 85.29  	 82.83  	 44.49
1998	   3	  12	   4	 47.64  	 84.18  	 86.68  	 87.60  	 87.23  	 84.46  	 86.59  	 87.23  	 87.51  	 82.06  	 45.56
1998	   3	  31	   4	 47.78  	 82.79  	 83.27  	 82.30  	 82.06  	 79.27  	 84.49  	 85.58  	 82.30  	 80.24  	 44.06
1998	   4	  14	   4	 43.73  	 86.03  	 89.20  	 89.67  	 88.36  	 85.56  	 86.49  	 88.36  	 87.90  	 84.44  	 46.00
1998	   4	  29	   4	 44.62  	 78.43  	 82.74  	 84.34  	 85.20  	 83.23  	 86.92  	 85.45  	 85.08  	 82.12  	 45.43
1998	   5	  13	   4	 42.53  	 71.02  	 83.54  	 87.40  	 88.82  	 85.33  	 87.40  	 87.59  	 87.31  	 83.73  	 48.13
1998	   5	  26	   4	 43.00  	 83.18  	 84.29  	 87.14  	 85.28  	 83.67  	 86.39  	 86.27  	 85.40  	 82.68  	 45.98
1998	   6	  15	   4	 46.96  	 84.80  	 86.68  	 90.33  	 89.68  	 86.68  	 87.80  	 88.27  	 89.21  	 83.49  	 47.74
1998	   6	  30	   4	 43.04  	 81.54  	 85.89  	 87.13  	 86.88  	 84.02  	 85.51  	 87.26  	 86.39  	 83.15  	 45.12
1998	   7	  13	   4	 35.46  	 73.22  	 84.53  	 87.46  	 89.16  	 85.86  	 90.29  	 89.63  	 88.40  	 85.76  	 48.35
1998	   7	  29	   4	 19.54  	 48.09  	 74.82  	 81.04  	 81.91  	 80.67  	 86.26  	 87.63  	 87.38  	 82.66  	 44.87
1998	   8	  12	   4	 23.90  	 62.45  	 74.93  	 79.43  	 82.81  	 84.50  	 86.75  	 89.47  	 88.06  	 85.62  	 47.55
1998	   8	  31	   4	 25.65  	 43.47  	 64.86  	 73.06  	 78.05  	 81.07  	 82.58  	 87.29  	 88.33  	 84.27  	 48.40
1998	   9	  16	   4	 34.84  	 46.24  	 60.58  	 65.53  	 71.83  	 76.41  	 79.00  	 82.22  	 84.32  	 85.06  	 43.83
1998	   9	  28	   4	 32.97  	 63.65  	 62.52  	 67.98  	 72.21  	 76.44  	 81.61  	 84.62  	 87.63  	 85.75  	 47.58
1998	  10	  28	   4	 42.14  	 68.78  	 70.27  	 65.71  	 70.65  	 75.02  	 79.12  	 83.78  	 87.88  	 84.43  	 47.85
1998	  11	  30	   4	 44.07  	 70.40  	 80.44  	 81.66  	 83.99  	 82.89  	 86.32  	 84.85  	 86.32  	 83.38  	 45.73
1999	   1	   5	   4	 42.87  	 65.75  	 73.45  	 74.66  	 74.40  	 73.37  	 79.08  	 81.24  	 80.20  	 77.95  	 43.22
1999	   1	  27	   4	 44.26  	 80.27  	 84.62  	 85.92  	 84.72  	 84.81  	 85.18  	 86.66  	 87.40  	 83.70  	 45.46
1999	   2	  25	   4	 40.38  	 76.06  	 82.06  	 83.26  	 82.54  	 81.70  	 80.14  	 83.50  	 82.42  	 81.46  	 43.97
1999	   3	  15	   4	 48.18  	 87.68  	 87.58  	 88.69  	 86.38  	 84.72  	 85.18  	 87.68  	 87.12  	 83.24  	 45.69
1999	   3	  29	   4	 40.61  	 74.60  	 79.67  	 82.45  	 82.09  	 80.88  	 81.85  	 84.50  	 83.90  	 80.28  	 43.82
1999	   4	  14	   4	 31.86  	 65.41  	 79.72  	 85.61  	 86.83  	 85.52  	 86.45  	 88.23  	 88.79  	 85.61  	 46.08
1999	   4	  29	   4	 42.25  	 78.17  	 82.91  	 85.82  	 85.46  	 82.67  	 83.39  	 85.46  	 84.49  	 79.39  	 44.61
1999	   5	  11	   4	 32.50  	 71.21  	 80.23  	 83.64  	 83.04  	 79.99  	 85.84  	 84.25  	 84.50  	 79.99  	 44.75
1999	   5	  26	   4	 29.01  	 64.01  	 80.32  	 85.97  	 89.27  	 85.50  	 87.10  	 89.83  	 88.89  	 86.25  	 47.27
1999	   6	  14	   4	 32.16  	 45.73  	 67.38  	 77.17  	 80.84  	 78.88  	 81.33  	 87.08  	 84.63  	 81.82  	 45.25
1999	   6	  29	   4	 19.22  	 30.57  	 54.49  	 68.23  	 74.12  	 76.94  	 81.72  	 83.81  	 84.18  	 82.21  	 44.48
1999	   7	  14	   4	 15.38  	 35.22  	 61.31  	 69.71  	 70.59  	 76.99  	 81.38  	 84.89  	 87.15  	 84.01  	 46.33
1999	   7	  26	   4	 13.94  	 30.19  	 55.96  	 66.09  	 70.34  	 82.72  	 81.10  	 83.85  	 88.48  	 84.22  	 45.80
1999	   8	  12	   4	 14.25  	 35.24  	 56.88  	 62.81  	 66.39  	 70.72  	 74.31  	 79.37  	 82.84  	 83.82  	 45.87
1999	   8	  30	   4	 12.92  	 35.46  	 60.71  	 65.99  	 65.43  	 67.31  	 73.34  	 81.16  	 85.22  	 84.46  	 44.68
1999	   9	  14	   4	 15.02  	 38.29  	 57.15  	 60.75  	 62.24  	 67.33  	 71.79  	 78.99  	 83.83  	 81.72  	 44.96
1999	   9	  28	   4	 22.65  	 30.44  	 52.44  	 59.24  	 60.55  	 63.62  	 69.78  	 76.77  	 83.57  	 83.48  	 43.42
1999	  10	  27	   4	 14.38  	 34.18  	 53.36  	 55.34  	 58.43  	 61.65  	 67.96  	 76.37  	 80.95  	 80.83  	 44.31
1999	  11	  29	   4	 14.18  	 24.66  	 47.58  	 54.62  	 58.00  	 59.41  	 66.45  	 74.62  	 83.07  	 84.19  	 43.51
1999	  12	  27	   4	 34.07  	 47.37  	 56.71  	 54.87  	 54.99  	 58.92  	 64.09  	 75.03  	 80.19  	 80.80  	 42.18
2000	   1	  31	   4	 32.15  	 49.32  	 55.49  	 57.42  	 56.69  	 59.17  	 63.23  	 72.16  	 79.15  	 80.90  	 42.15
2000	   2	  29	   4	 35.75  	 68.92  	 75.94  	 59.80  	 56.36  	 59.93  	 64.24  	 74.33  	 78.77  	 80.37  	 43.02
2000	   3	  13	   4	 31.05  	 62.45  	 75.54  	 74.51  	 59.18  	 59.46  	 64.04  	 73.01  	 80.58  	 82.45  	 42.49
2000	   3	  29	   4	 33.06  	 69.18  	 76.20  	 80.32  	 61.96  	 59.81  	 65.24  	 74.70  	 82.01  	 83.14  	 42.46
2000	   4	  12	   4	 24.00  	 56.40  	 73.51  	 76.44  	 63.77  	 59.80  	 66.13  	 74.07  	 83.24  	 83.71  	 43.37
2000	   4	  26	   4	 27.05  	 52.87  	 70.84  	 74.32  	 60.31  	 61.17  	 65.88  	 76.67  	 81.13  	 80.39  	 42.12
2000	   5	  15	   4	 16.66  	 47.56  	 67.26  	 72.56  	 63.19  	 60.63  	 66.60  	 76.83  	 81.85  	 84.59  	 43.48
2000	   5	  30	   4	 28.63  	 66.09  	 75.97  	 73.84  	 62.96  	 64.09  	 68.71  	 75.34  	 80.97  	 81.47  	 43.17
2000	   6	  13	   4	 26.75  	 58.39  	 71.17  	 71.92  	 62.86  	 64.84  	 67.70  	 74.77  	 78.87  	 80.48  	 42.10
2000	   6	  29	   4	 34.51  	 71.17  	 79.00  	 80.60  	 79.37  	 73.53  	 69.48  	 76.07  	 82.48  	 83.52  	 42.94
2000	   7	  13	   4	 34.52  	 73.66  	 79.87  	 81.01  	 80.44  	 75.28  	 72.22  	 78.05  	 84.26  	 85.40  	 44.18
2000	   7	  27	   4	 20.37  	 61.93  	 75.18  	 78.89  	 84.42  	 74.70  	 71.65  	 77.84  	 82.61  	 85.85  	 43.45
2000	   8	  15	   4	 25.09  	 63.99  	 78.39  	 81.21  	 79.24  	 75.94  	 74.81  	 77.64  	 81.02  	 83.56  	 43.33
2000	   8	  29	   4	 26.58  	 65.37  	 80.78  	 82.96  	 80.49  	 77.07  	 76.97  	 79.26  	 83.53  	 85.15  	 44.14
2000	   9	  13	   4	 24.08  	 59.69  	 76.54  	 78.29  	 79.66  	 77.17  	 77.29  	 78.79  	 83.41  	 83.16  	 43.01
2000	   9	  28	   4	 33.02  	 68.74  	 78.94  	 79.69  	 78.01  	 75.67  	 74.45  	 79.88  	 82.88  	 83.16  	 42.89
2000	  10	  30	   4	 29.61  	 66.88  	 78.53  	 80.14  	 79.38  	 76.16  	 76.83  	 79.00  	 84.69  	 84.40  	 43.91
2000	  11	  29	   4	 38.48  	 71.58  	 77.99  	 78.12  	 76.89  	 74.67  	 74.67  	 75.78  	 80.46  	 80.46  	 42.57
2000	  12	  27	   4	 41.12  	 63.89  	 77.12  	 78.22  	 76.38  	 75.00  	 74.45  	 76.10  	 80.88  	 82.72  	 42.09
2001	   1	  30	   4	 57.01  	 78.99  	 79.48  	 78.99  	 78.75  	 76.08  	 74.98  	 76.44  	 81.91  	 78.14  	 42.29
2001	   2	  27	   4	 46.43  	 78.00  	 83.41  	 81.64  	 84.15  	 81.54  	 82.57  	 84.90  	 84.80  	 83.22  	 43.71
2001	   3	  14	   4	 38.02  	 72.57  	 79.33  	 78.34  	 78.96  	 77.73  	 81.05  	 82.40  	 83.26  	 80.80  	 44.03
2001	   3	  28	   4	 36.09  	 73.52  	 82.16  	 80.92  	 83.27  	 81.91  	 83.39  	 83.27  	 84.13  	 81.29  	 43.92
2001	   4	  11	   4	 48.13  	 79.74  	 78.80  	 82.83  	 83.02  	 84.14  	 84.05  	 85.83  	 85.74  	 84.99  	 45.12
2001	   4	  25	   4	 33.66  	 68.87  	 79.84  	 79.84  	 79.72  	 80.83  	 82.80  	 85.02  	 83.79  	 82.06  	 43.93
2001	   5	  15	   4	 28.36  	 51.58  	 74.09  	 74.72  	 79.60  	 78.97  	 79.22  	 82.47  	 84.47  	 83.85  	 44.61
2001	   5	  31	   4	 42.39  	 77.73  	 71.80  	 73.50  	 76.32  	 78.11  	 81.12  	 81.96  	 86.58  	 83.75  	 44.51
2001	   6	  13	   4	 33.15  	 75.54  	 80.16  	 82.16  	 84.41  	 81.78  	 83.78  	 85.03  	 87.03  	 83.03  	 45.14
2001	   6	  27	   4	 24.43  	 67.98  	 80.50  	 83.53  	 82.11  	 81.82  	 84.57  	 88.65  	 87.61  	 84.38  	 46.08
2001	   7	  12	   4	 22.09  	 57.80  	 76.61  	 78.11  	 78.73  	 78.98  	 81.22  	 82.35  	 84.09  	 83.96  	 44.60
2001	   7	  30	   4	 15.20  	 48.92  	 72.87  	 77.85  	 79.48  	 80.24  	 81.78  	 85.42  	 87.52  	 86.95  	 45.96
2001	   8	  13	   4	 13.67  	 42.85  	 66.73  	 74.90  	 77.29  	 76.79  	 78.80  	 81.69  	 85.46  	 83.45  	 46.81
2001	   8	  29	   4	 23.60  	 60.54  	 74.73  	 78.35  	 77.78  	 78.35  	 79.01  	 82.44  	 86.44  	 84.35  	 46.51
2001	   9	  12	   4	 20.57  	 47.64  	 65.29  	 70.17  	 72.05  	 74.68  	 78.06  	 80.94  	 82.32  	 82.32  	 45.10
2001	   9	  26	   4	 24.54  	 64.04  	 72.47  	 75.78  	 72.75  	 74.74  	 77.58  	 80.80  	 86.77  	 85.92  	 46.04
2001	  10	  31	   4	 31.18  	 72.63  	 78.63  	 79.38  	 79.75  	 77.13  	 78.75  	 80.13  	 83.63  	 82.50  	 45.87
2001	  11	  29	   4	 39.22  	 77.69  	 81.17  	 81.92  	 78.82  	 75.90  	 77.31  	 82.58  	 85.39  	 83.04  	 45.38
2001	  12	  26	   4	 38.50  	 78.45  	 82.39  	 82.57  	 81.26  	 79.11  	 77.51  	 80.04  	 85.48  	 82.10  	 44.66
2002	   1	  29	   4	 40.35  	 70.34  	 79.20  	 78.82  	 77.08  	 77.20  	 77.70  	 80.19  	 82.56  	 82.81  	 43.59
2002	   2	  27	   4	 39.43  	 76.62  	 80.26  	 83.43  	 84.09  	 83.62  	 84.46  	 86.61  	 86.51  	 82.41  	 44.98
2002	   3	  14	   4	 38.07  	 79.09  	 84.56  	 84.65  	 85.88  	 84.74  	 85.22  	 87.57  	 87.38  	 85.03  	 45.44
2002	   3	  27	   4	 39.02  	 74.81  	 81.78  	 81.87  	 82.62  	 82.72  	 84.88  	 86.39  	 87.61  	 84.41  	 45.83
2002	   4	  11	   4	 37.45  	 76.42  	 82.16  	 82.16  	 80.91  	 82.53  	 83.66  	 85.28  	 86.53  	 81.66  	 45.95
2002	   4	  29	   4	 43.86  	 83.85  	 86.58  	 86.76  	 86.95  	 85.26  	 86.01  	 88.08  	 87.14  	 84.13  	 45.78
2002	   5	  14	   4	 44.48  	 83.29  	 86.05  	 86.30  	 84.04  	 84.04  	 84.42  	 86.42  	 84.04  	 83.29  	 44.71
2002	   5	  29	   4	 44.46  	 83.84  	 85.34  	 85.96  	 85.71  	 84.46  	 84.46  	 87.33  	 86.58  	 82.59  	 44.16
2002	   6	  13	   4	 43.06  	 85.43  	 85.62  	 88.84  	 87.99  	 85.71  	 85.90  	 89.22  	 86.75  	 86.09  	 46.03
2002	   6	  27	   4	 24.67  	 63.79  	 77.25  	 82.79  	 83.42  	 84.68  	 85.94  	 87.95  	 88.33  	 82.92  	 45.17
2002	   7	  11	   4	 31.21  	 73.38  	 79.32  	 81.49  	 83.19  	 83.10  	 86.59  	 88.57  	 86.40  	 86.31  	 44.47
2002	   7	  30	   4	 19.82  	 64.65  	 74.24  	 79.67  	 82.19  	 80.05  	 83.20  	 86.11  	 87.11  	 84.34  	 45.51
2002	   8	  14	   4	 15.00  	 30.19  	 58.56  	 71.84  	 78.48  	 80.28  	 81.80  	 83.70  	 86.73  	 85.31  	 45.31
2002	   8	  28	   4	 26.08  	 69.17  	 74.44  	 75.32  	 75.95  	 76.95  	 80.59  	 83.98  	 85.49  	 83.48  	 46.45
2002	   9	  13	   4	 15.60  	 45.98  	 65.29  	 71.85  	 75.00  	 77.27  	 78.41  	 82.95  	 85.35  	 84.09  	 45.95
2002	   9	  26	   4	 16.76  	 41.94  	 59.46  	 67.28  	 71.75  	 74.74  	 76.23  	 80.33  	 86.04  	 81.19  	 45.26
2002	  10	  30	   4	 39.93  	 67.17  	 64.82  	 67.42  	 71.01  	 72.62  	 76.71  	 81.29  	 83.27  	 79.80  	 45.48
2002	  11	  26	   4	 30.75  	 67.95  	 71.14  	 68.80  	 72.18  	 71.89  	 78.09  	 81.10  	 84.10  	 82.88  	 44.96
2002	  12	  31	   4	 37.94  	 75.57  	 78.43  	 80.29  	 72.71  	 72.96  	 77.06  	 79.80  	 84.40  	 83.77  	 45.24
2003	   1	  29	   4	 45.60  	 71.36  	 79.09  	 81.35  	 78.15  	 76.17  	 77.68  	 80.13  	 85.12  	 83.99  	 44.78
2003	   2	  26	   4	 45.88  	 75.44  	 78.28  	 79.88  	 79.26  	 78.03  	 75.81  	 80.49  	 81.23  	 81.72  	 43.88
2003	   3	  13	   4	 40.28  	 76.83  	 81.37  	 82.60  	 81.18  	 79.95  	 80.14  	 81.47  	 84.12  	 84.03  	 45.33
2003	   3	  27	   4	 37.68  	 76.45  	 80.19  	 81.32  	 79.45  	 79.95  	 81.94  	 85.93  	 84.06  	 81.57  	 45.15
2003	   4	  14	   4	 30.19  	 75.54  	 83.03  	 84.46  	 84.55  	 85.59  	 85.78  	 87.02  	 87.21  	 84.93  	 46.45
2003	   4	  29	   4	 40.42  	 78.47  	 81.44  	 85.53  	 83.55  	 81.32  	 82.19  	 84.04  	 85.65  	 81.20  	 44.62
2003	   5	  13	   4	 36.96  	 79.57  	 81.94  	 85.31  	 83.31  	 82.69  	 84.31  	 84.56  	 85.43  	 82.07  	 45.21
2003	   5	  28	   4	 28.12  	 72.91  	 82.58  	 83.81  	 85.24  	 84.19  	 85.71  	 88.27  	 87.51  	 85.14  	 45.60
2003	   6	  11	   4	 40.20  	 78.47  	 80.60  	 81.85  	 81.22  	 83.10  	 85.47  	 85.60  	 84.72  	 81.97  	 45.24
2003	   6	  25	   4	 19.66  	 67.25  	 79.78  	 81.41  	 81.41  	 80.78  	 81.16  	 85.42  	 86.30  	 84.54  	 46.72
2003	   7	  14	   4	 21.31  	 68.08  	 81.49  	 83.40  	 84.36  	 85.22  	 83.40  	 87.91  	 89.53  	 85.51  	 46.68
2003	   7	  30	   4	 31.60  	 79.01  	 84.93  	 84.83  	 84.26  	 84.07  	 86.26  	 88.27  	 88.37  	 86.17  	 47.43
2003	   8	  13	   4	 17.97  	 72.63  	 83.01  	 84.06  	 85.68  	 92.06  	 86.35  	 86.25  	 88.06  	 87.01  	 46.55
2003	   8	  28	   4	 12.92  	 71.17  	 81.06  	 82.32  	 81.19  	 80.06  	 79.69  	 83.82  	 84.44  	 82.69  	 41.72
2003	   9	  15	   4	 37.42  	 76.90  	 82.74  	 83.50  	 83.69  	 82.84  	 85.01  	 86.61  	 88.50  	 86.23  	 47.83
2003	   9	  29	   4	 33.65  	 77.65  	 80.63  	 83.12  	 85.24  	 83.62  	 84.99  	 86.48  	 83.87  	 82.38  	 45.48
2003	  10	  29	   4	 36.64  	 80.24  	 82.79  	 84.68  	 84.02  	 83.45  	 82.32  	 88.08  	 89.31  	 85.91  	 47.11
2003	  11	  25	   4	 35.12  	 81.03  	 83.56  	 87.88  	 86.66  	 83.65  	 86.09  	 88.34  	 88.34  	 83.93  	 47.32
2003	  12	  29	   4	 39.25  	 79.70  	 84.61  	 86.87  	 86.68  	 86.02  	 87.44  	 90.36  	 88.76  	 84.89  	 46.93
2004	   1	  28	   4	 41.24  	 75.34  	 82.53  	 82.78  	 83.89  	 83.02  	 86.00  	 86.37  	 85.62  	 82.53  	 45.97
2004	   2	  25	   4	 40.46  	 80.86  	 84.34  	 83.77  	 83.49  	 85.94  	 86.88  	 89.51  	 88.95  	 85.66  	 46.92
2004	   3	  11	   4	 41.69  	 76.76  	 83.95  	 86.32  	 89.16  	 85.37  	 87.55  	 89.82  	 90.11  	 85.94  	 47.23
2004	   3	  30	   4	 40.62  	 80.79  	 80.30  	 84.39  	 84.88  	 83.52  	 85.25  	 86.49  	 85.50  	 80.92  	 44.73
2004	   4	  14	   4	 24.62  	 74.16  	 79.26  	 80.63  	 82.62  	 83.62  	 85.74  	 87.35  	 85.24  	 82.25  	 45.42
2004	   4	  28	   4	 31.44  	 75.13  	 80.73  	 82.82  	 83.86  	 85.95  	 88.80  	 90.13  	 89.28  	 85.19  	 45.49
2004	   5	  11	   4	 37.51  	 65.22  	 72.54  	 78.50  	 78.74  	 81.97  	 83.21  	 87.06  	 83.96  	 82.96  	 45.21
2004	   5	  26	   4	 40.46  	 66.54  	 68.62  	 74.87  	 80.36  	 81.49  	 83.10  	 87.83  	 89.06  	 83.95  	 45.24
2004	   6	  14	   4	 24.47  	 51.89  	 59.51  	 64.76  	 70.51  	 74.88  	 79.25  	 83.13  	 86.25  	 82.75  	 45.12
2004	   6	  29	   4	 27.51  	 51.40  	 59.05  	 60.18  	 66.95  	 72.85  	 78.74  	 83.38  	 84.39  	 84.26  	 45.02
