# Station Name: Carbondale
# Station Code: SIU
# Station Latitude: 37.720000
# Station Longitude: 89.230000
# Station Altitude: 137.000000
Year	  MO	  DY	 Sta	 0-10cm 	 10-30  	 30-50  	 50-70  	 70-90  	 90-110 	 110-130	 130-150	 150-170	 170-190	 190-200
1982	  11	  24	  11	 38.48  	 42.94  	 29.59  	 45.75  	 59.25  	 58.58  	 55.02  	 54.27  	 59.95  	 63.34  	 31.67
1982	  12	   1	  11	 40.04  	 55.09  	 43.18  	 49.60  	 61.51  	 60.71  	 57.15  	 57.88  	 63.00  	 63.30  	 31.65
1982	  12	  14	  11	 38.32  	 59.60  	 64.02  	 69.20  	 71.69  	 69.10  	 69.25  	 66.93  	 64.04  	 64.48  	 32.24
1982	  12	  28	  11	 50.15  	 68.61  	 70.29  	 72.25  	 72.94  	 72.66  	 71.14  	 70.62  	 66.97  	 65.86  	 32.93
1983	   1	  26	  11	 45.13  	 62.87  	 70.64  	 71.55  	 74.08  	 72.31  	 73.58  	 70.24  	 67.73  	 64.40  	 32.20
1983	   2	  23	  11	 40.35  	 61.38  	 64.64  	 70.73  	 73.30  	 71.52  	 71.47  	 68.28  	 67.12  	 64.55  	 32.27
1983	   3	  16	  11	 40.42  	 62.80  	 65.35  	 71.31  	 72.55  	 71.45  	 72.66  	 69.30  	 66.28  	 63.78  	 31.89
1983	   3	  29	  11	 45.82  	 63.93  	 73.07  	 71.48  	 73.78  	 74.10  	 71.15  	 66.99  	 66.20  	 64.33  	 32.16
1983	   4	  13	  11	 57.82  	 68.82  	 73.84  	 72.52  	 73.90  	 70.99  	 71.22  	 68.18  	 66.25  	 63.16  	 31.58
1983	   4	  27	  11	 42.18  	 61.50  	 62.67  	 70.85  	 73.83  	 70.26  	 72.32  	 69.20  	 66.69  	 64.01  	 32.00
1983	   5	  17	  11	 46.20  	 64.29  	 74.68  	 71.46  	 75.45  	 72.93  	 73.92  	 70.85  	 67.37  	 64.30  	 32.15
1983	   6	   1	  11	 34.62  	 55.32  	 56.67  	 67.44  	 72.82  	 71.37  	 70.34  	 67.50  	 65.27  	 63.36  	 31.68
1983	   6	  14	  11	 18.32  	 41.97  	 51.22  	 65.42  	 73.08  	 69.50  	 71.81  	 68.59  	 65.73  	 64.38  	 32.19
1983	   6	  28	  11	 32.20  	 30.27  	 38.89  	 56.98  	 68.24  	 67.92  	 68.96  	 69.97  	 66.16  	 64.55  	 32.27
1983	   7	  12	  11	 10.37  	 18.32  	 26.07  	 48.16  	 62.01  	 64.03  	 65.53  	 65.85  	 64.92  	 62.11  	 31.06
1983	   7	  27	  11	 19.55  	 24.82  	 24.17  	 45.64  	 63.78  	 63.47  	 66.23  	 67.85  	 67.92  	 65.46  	 32.73
1983	   8	  16	  11	  1.51  	 12.93  	 17.13  	 24.60  	 59.87  	 60.36  	 61.81  	 63.42  	 65.75  	 64.07  	 32.04
1983	   8	  30	  11	  9.46  	 19.60  	 20.54  	 37.10  	 56.86  	 59.04  	 57.63  	 61.25  	 67.72  	 66.37  	 33.19
1983	   9	  13	  11	 15.73  	 18.02  	 19.14  	 34.50  	 51.30  	 52.77  	 52.93  	 55.32  	 64.15  	 64.18  	 32.09
1983	   9	  28	  11	 14.94  	 19.27  	 19.72  	 32.23  	 52.62  	 52.99  	 52.65  	 56.44  	 64.79  	 65.67  	 32.83
1983	  10	  26	  11	 34.65  	 56.91  	 52.58  	 54.83  	 51.53  	 50.20  	 50.27  	 56.29  	 61.59  	 64.62  	 32.31
1983	  11	  30	  11	 38.70  	 61.94  	 64.72  	 66.77  	 71.97  	 70.15  	 68.63  	 67.61  	 65.45  	 65.60  	 32.80
1983	  12	  30	  11	 35.52  	 65.40  	 53.29  	 58.85  	 68.83  	 69.25  	 69.61  	 67.75  	 65.60  	 65.67  	 32.83
1984	   1	  31	  11	 41.62  	 67.05  	 56.97  	 60.13  	 70.73  	 71.22  	 71.48  	 68.05  	 67.03  	 65.67  	 32.83
1984	   2	  13	  11	 51.93  	 73.70  	 70.32  	 70.11  	 73.53  	 74.82  	 74.73  	 72.50  	 68.40  	 65.23  	 32.62
1984	   3	   9	  11	 45.73  	 76.26  	 99.92  	 91.97  	 83.53  	 83.63  	 85.18  	 80.52  	 76.55  	 74.42  	 35.66
1984	   3	  21	  11	 58.82  	 85.88  	 96.51  	 87.41  	 82.33  	 81.09  	 81.18  	 78.02  	 75.91  	 71.99  	 35.37
1984	   4	   3	  11	 58.85  	 85.76  	 95.74  	 86.53  	 83.37  	 80.68  	 80.01  	 77.42  	 75.70  	 71.48  	 35.55
1984	   4	  20	  11	 48.03  	 68.38  	 69.34  	 85.07  	 83.72  	 81.79  	 82.37  	 79.28  	 76.67  	 72.62  	 36.07
1984	   5	   1	  11	 45.49  	 65.30  	 65.68  	 79.35  	 83.58  	 80.98  	 79.92  	 78.19  	 75.31  	 71.84  	 36.02
1984	   5	  21	  11	 41.99  	 63.08  	 59.37  	 71.89  	 80.31  	 82.95  	 80.31  	 78.74  	 77.08  	 72.58  	 36.48
1984	   6	   4	  11	 20.82  	 51.59  	 55.22  	 67.22  	 79.41  	 80.89  	 81.67  	 79.90  	 77.84  	 74.30  	 36.66
1984	   6	  14	  11	 11.67  	 35.07  	 50.20  	 66.12  	 80.46  	 81.75  	 80.96  	 79.77  	 76.61  	 72.35  	 36.82
1984	   6	  28	  11	 21.81  	 46.83  	 58.59  	 74.08  	 82.77  	 85.46  	 81.94  	 79.25  	 77.08  	 75.36  	 37.68
1984	   7	  17	  11	999.99  	 31.54  	 47.32  	 65.95  	 78.89  	 82.93  	 81.96  	 81.06  	 79.04  	 76.05  	 37.88
1984	   8	   1	  11	  9.63  	 18.66  	 30.60  	 55.37  	 75.02  	 80.73  	 78.81  	 79.03  	 77.92  	 74.73  	 37.77
1984	   8	  16	  11	 17.34  	 34.99  	 30.96  	 50.58  	 84.39  	 74.63  	 76.24  	 81.47  	 79.36  	 77.45  	 39.43
1984	   9	  11	  11	 38.74  	 60.71  	 56.95  	 46.06  	 65.03  	 67.90  	 68.93  	 71.33  	 74.54  	 73.38  	 36.96
1984	   9	  28	  11	 35.71  	 57.10  	 54.51  	 56.42  	 65.22  	 72.11  	 72.73  	 75.18  	 75.39  	 73.48  	 36.64
1984	  11	  27	  11	 52.04 -	999.99 -	999.99 -	999.99 -	999.99 -	999.99 -	999.99 -	999.99 -	999.99 -	999.99 -	999.99
1985	   1	   3	  11	999.99  	 85.00  	 82.77  	 80.48  	 83.24  	 81.35  	 80.27  	 78.38  	 76.42  	 72.71  	 36.52
1985	   1	  28	  11	999.99  	 63.23  	 65.24  	 73.01  	 81.39  	 81.26  	 79.05  	 78.38  	 75.43  	 72.48  	 35.70
1985	   3	  19	  11	 45.99  	 69.48  	 76.54  	 80.34  	 83.87  	 81.65  	 82.69  	 79.44  	 76.47  	 73.63  	 36.75
1985	   3	  28	  11	 45.17  	 68.68  	 76.70  	 79.92  	 83.28  	 82.32  	 80.95  	 78.34  	 76.70  	 72.66  	 37.18
1985	   4	  17	  11	 44.79  	 71.36  	 80.23  	 82.54  	 83.80  	 82.68  	 81.35  	 79.46  	 77.58  	 72.05  	 36.97
1985	   4	  26	  11	 41.12  	 63.18  	 69.41  	 74.61  	 84.06  	 82.76  	 80.50  	 77.42  	 76.67  	 73.86  	 37.20
1985	   5	  13	  11	 45.38  	 70.03  	 81.44  	 82.40  	 84.33  	 82.06  	 80.62  	 79.45  	 78.07  	 73.12  	 36.87
1985	   5	  30	  11	 38.40  	 65.13  	 69.32  	 79.16  	 85.28  	 82.11  	 80.26  	 78.88  	 77.37  	 72.35  	 37.03
1985	   6	  14	  11	 41.36  	 68.66  	 80.71  	 81.05  	 83.38  	 82.55  	 79.47  	 78.51  	 77.15  	 72.49  	 37.14
1985	   6	  28	  11	 39.07  	 62.21  	 64.81  	 73.80  	 83.68  	 82.51  	 81.55  	 77.71  	 77.51  	 72.91  	 37.17
1985	   7	  15	  11	 17.19  	 38.47  	 53.23  	 68.07  	 80.30  	 81.00  	 80.58  	 80.30  	 78.33  	 74.82  	 38.32
1985	   7	  29	  11	 24.06  	 37.86  	 48.00  	 63.91  	 77.66  	 80.23  	 80.02  	 80.51  	 78.77  	 74.54  	 37.48
1985	   8	  15	  11	 42.28  	 62.72  	 65.29  	 73.32  	 73.32  	 84.26  	 80.10  	 79.55  	 77.61  	 72.90  	 37.32
1985	   8	  30	  11	 36.85  	 62.21  	 66.48  	 75.15  	 84.51  	 84.92  	 79.69  	 78.18  	 77.28  	 73.08  	 37.26
1985	   9	  13	  11	 23.44  	 52.23  	 57.83  	 69.78  	 80.70  	 81.32  	 80.42  	 78.49  	 77.18  	 74.21  	 37.31
1985	   9	  27	  11	 17.35  	 39.60  	 53.01  	 65.05  	 77.98  	 79.35  	 78.46  	 78.46  	 77.50  	 72.17  	 36.70
1985	  10	  17	  11	 31.10  	 52.60  	 54.17  	 66.25  	 76.62  	 79.01  	 78.12  	 78.46  	 76.34  	 73.55  	 37.29
1985	  10	  29	  11	 36.36  	 63.77  	 61.22  	 70.07  	 77.04  	 78.31  	 78.84  	 76.23  	 73.95  	 71.14  	 36.00
1985	  11	  25	  11	 39.86  	 69.88  	 85.50  	 80.07  	 83.40  	 84.48  	 81.16  	 78.03  	 76.88  	 71.44  	 36.23
1986	   1	   3	  11	 41.14  	 64.06  	 69.75  	 79.08  	 84.43  	 84.78  	 82.58  	 78.05  	 77.09  	 74.14  	 36.90
1986	   1	  28	  11	 35.60  	 60.50  	 65.57  	 74.16  	 82.47  	 84.23  	 81.26  	 79.43  	 75.98  	 72.94  	 36.44
1986	   2	  25	  11	 41.64  	 67.04  	 82.02  	 80.10  	 84.35  	 85.17  	 81.40  	 79.15  	 76.41  	 72.44  	 37.28
1986	   3	  14	  11	 46.65  	 92.39  	 84.49  	 80.74  	 85.92  	 84.56  	 81.42  	 77.74  	 76.45  	 73.31  	 36.62
1986	   3	  31	  11	 29.10  	 61.22  	 66.80  	 75.22  	 81.84  	 84.84  	 82.89  	 80.52  	 77.52  	 73.69  	 37.72
1986	   4	  23	  11	 39.95  	 64.19  	 70.92  	 78.48  	 85.50  	 85.22  	 82.33  	 78.76  	 77.45  	 74.22  	 37.18
1986	   5	   2	  11	 25.07  	 57.16  	 62.54  	 71.61  	 82.43  	 83.12  	 82.43  	 79.70  	 77.19  	 74.05  	 37.48
1986	   5	  16	  11	 41.26  	 64.31  	 69.66  	 77.01  	 85.93  	 88.13  	 81.40  	 78.11  	 76.60  	 72.89  	 36.79
1986	   5	  30	  11	 42.54  	 80.53  	 84.55  	 80.26  	 85.10  	 85.31  	 81.57  	 78.11  	 77.70  	 73.48  	 37.84
1986	   6	  18	  11	 23.63 -	999.99 -	999.99 -	999.99 -	999.99 -	999.99 -	999.99 -	999.99 -	999.99 -	999.99 -	999.99
1986	   8	  15	  11	 19.81  	 36.39  	 44.02  	 59.98  	 75.23  	 78.31  	 79.50  	 80.13  	 77.40  	 74.25  	 36.88
1986	   8	  29	  11	 15.38  	 29.16  	 44.08  	 60.06  	 76.89  	 79.14  	 80.34  	 80.55  	 78.51  	 74.85  	 37.11
1986	   9	  17	  11	 13.95  	 23.41  	 39.18  	 56.97  	 74.63  	 78.35  	 79.40  	 79.05  	 76.59  	 76.03  	 36.58
1986	  10	   1	  11	 35.60  	 54.66  	 53.76  	 63.87  	 77.18  	 78.91  	 78.08  	 78.84  	 77.45  	 74.34  	 37.03
1986	  10	  30	  11	 29.41  	 58.42  	 59.20  	 68.40  	 77.45  	 78.72  	 78.58  	 79.07  	 78.01  	 74.86  	 37.36
1986	  11	  26	  11	 38.51  	 63.76  	 63.14  	 71.17  	 79.13  	 81.42  	 81.00  	 81.42  	 78.44  	 74.22  	 37.00
1986	  12	  30	  11	 36.09  	 64.88  	 68.91  	 79.47  	 86.90  	 86.62  	 84.47  	 82.80  	 79.33  	 75.65  	 37.20
1987	   1	  30	  11	 45.53  	 65.28  	 64.45  	 73.60  	 85.26  	 85.60  	 84.22  	 81.44  	 78.60  	 74.71  	 37.04
1987	   2	  27	  11	 54.61  	 92.20  	 86.71  	 81.58  	 85.88  	 86.85  	 83.32  	 82.00  	 77.90  	 75.48  	 37.18
1987	   3	   2	  11	 50.88  	 88.96  	 85.17  	 80.90  	 85.65  	 84.76  	 83.72  	 82.48  	 78.56  	 73.87  	 36.90
1987	   3	  11	  11	 43.07  	 63.62  	 67.58  	 75.52  	 85.03  	 85.65  	 81.68  	 80.17  	 76.89  	 73.81  	 36.97
1987	   3	  18	  11	 44.43  	 88.43  	 84.07  	 82.83  	 85.18  	 86.36  	 82.48  	 81.86  	 77.44  	 73.70  	 37.06
1987	   3	  31	  11	 41.42  	 65.61  	 69.49  	 80.36  	 86.60  	 86.25  	 82.72  	 80.85  	 79.05  	 74.27  	 36.93
1987	   4	  16	  11	 49.96  	 91.36  	 85.12  	 80.68  	 86.37  	 85.74  	 83.11  	 81.58  	 78.39  	 74.30  	 37.43
1987	   4	  29	  11	 30.50  	 57.08  	 62.97  	 71.04  	 82.19  	 86.53  	 83.24  	 82.68  	 79.38  	 74.89  	 38.15
1987	   5	  15	  11	 17.23  	 37.97  	 55.93  	 66.96  	 81.38  	 83.00  	 84.77  	 82.58  	 78.12  	 75.08  	 37.75
1987	   5	  29	  11	 14.90  	 23.00  	 46.35  	 61.70  	 77.54  	 81.50  	 82.49  	 82.71  	 79.24  	 76.27  	 38.24
1987	   6	  17	  11	 28.94  	 45.44  	 53.16  	 65.71  	 79.03  	 80.57  	 82.75  	 81.63  	 77.63  	 75.31  	 38.29
1987	   7	   1	  11	 36.28  	 29.96  	 46.86  	 61.39  	 77.17  	 79.27  	 80.95  	 80.46  	 78.01  	 74.94  	 37.78
1987	   7	  16	  11	 21.48  	 39.73  	 51.97  	 64.69  	 78.19  	 80.30  	 81.43  	 81.29  	 79.04  	 74.89  	 37.83
1987	   8	   4	  11	 37.87  	 27.82  	 39.67  	 56.83  	 75.75  	 78.14  	 79.61  	 79.68  	 78.84  	 74.70  	 37.95
1987	   8	  17	  11	 14.47  	 34.51  	 40.34  	 57.76  	 75.26  	 78.00  	 78.91  	 80.81  	 77.79  	 75.54  	 38.40
1987	   8	  28	  11	 32.36  	 50.95  	 43.41  	 56.95  	 74.54  	 77.68  	 78.45  	 78.38  	 77.40  	 75.38  	 38.00
1987	   9	  16	  11	 32.36  	 39.27  	 42.48  	 57.75  	 75.19  	 77.63  	 77.98  	 77.63  	 77.00  	 73.02  	 38.15
1987	   9	  30	  11	 23.76  	 43.95  	 41.78  	 56.41  	 73.76  	 76.77  	 77.33  	 76.91  	 77.96  	 75.86  	 38.28
1987	  10	  29	  11	 22.77  	 43.46  	 40.96  	 57.89  	 73.51  	 74.62  	 75.11  	 75.11  	 75.39  	 73.10  	 38.77
1987	  12	   2	  11	 32.39  	 54.86  	 56.11  	 64.55  	 74.86  	 73.06  	 74.72  	 73.96  	 74.17  	 72.64 -	999.99
1988	   1	   6	  11	 32.46  	 62.71  	 66.81  	 73.99  	 83.62  	 84.10  	 79.32  	 79.25  	 75.56  	 74.19  	 37.10
1988	   1	  28	  11	 37.14  	 64.99  	 68.61  	 79.47  	 84.35  	 86.93  	 82.19  	 81.35  	 77.80  	 75.57 -	999.99
1988	   3	   2	  11	 39.49  	 66.24  	 78.91  	 79.53  	 84.94  	 84.60  	 79.59  	 78.91  	 76.79  	 73.84 -	999.99
1988	   3	  18	  11	 46.51  	 72.65  	 82.64  	 79.95  	 84.15  	 85.12  	 81.60  	 80.50  	 77.82  	 74.03 -	999.99
1988	   3	  31	  11	 51.70  	 90.24  	 82.87  	 80.86  	 86.55  	 84.75  	 82.11  	 81.14  	 77.73  	 76.27 -	999.99
1988	   4	  15	  11	 33.25  	 61.06  	 64.32  	 71.38  	 81.14  	 84.26  	 81.35  	 80.52  	 77.12 -	999.99 -	999.99
1988	   4	  29	  11	 23.59  	 52.24  	 59.00  	 69.10  	 81.28  	 81.08  	 79.33  	 77.52  	 75.78  	 74.88  	 37.58
1988	   5	  13	  11	 21.79  	 49.66  	 56.08  	 68.49  	 79.93  	 80.14  	 81.74  	 81.39  	 80.21  	 74.14  	 37.66
1988	   5	  27	  11	 23.63  	 46.07  	 51.16  	 64.19  	 78.69  	 80.43  	 79.32  	 79.74  	 78.83  	 74.16  	 37.22
1988	   6	  16	  11	 14.13  	 25.98  	 45.33  	 61.67  	 76.82  	 78.15  	 78.57  	 78.29  	 79.13  	 73.26  	 35.62
1988	   7	   8	  11	  8.58  	 17.70  	 29.22  	 50.42  	 72.05  	 75.70  	 73.73  	 76.47  	 75.49  	 74.22  	 37.88
1988	   7	  15	  11	999.99 -	999.99 -	999.99 -	999.99 -	999.99 -	999.99 -	999.99 -	999.99 -	999.99 -	999.99 -	999.99
1988	   7	  28	  11	 14.47  	 25.16  	 27.56  	 48.27  	 68.91  	 71.24  	 72.79  	 72.86  	 74.62  	 73.98  	 36.99
1988	   8	   1	  11	 14.46  	 21.91  	 27.14  	 48.07  	 68.59  	 71.81  	 70.30  	 71.91  	 73.32  	 73.22  	 37.16
1988	   8	  16	  11	  8.68  	 17.18  	 25.98  	 45.96  	 65.23  	 70.61  	 69.98  	 71.03  	 75.08  	 73.19  	 37.23
1988	   8	  31	  11	  8.40  	 14.83  	 21.19  	 41.61  	 61.19  	 66.16  	 68.54  	 70.43  	 72.80  	 74.13  	 37.38
1988	   9	  15	  11	 20.40  	 21.88  	 22.58  	 40.71  	 59.88  	 65.23  	 66.83  	 68.35  	 72.73  	 72.31  	 37.06
1988	   9	  29	  11	 26.40  	 44.69  	 30.84  	 41.82  	 60.98  	 63.64  	 65.95  	 68.89  	 72.66  	 73.57  	 37.14
1988	  10	  28	  11	 29.04  	 50.78  	 46.50  	 51.68  	 61.49  	 63.01  	 65.71  	 67.30  	 71.86  	 72.82  	 37.41
1988	  11	  28	  11	 38.20  	 63.55  	 71.14  	 76.14  	 81.68  	 82.64  	 79.28  	 78.67  	 77.85  	 71.76  	 36.91
1989	   1	   4	  11	 53.25  	 86.16  	 75.23  	 76.67  	 83.43  	 82.95  	 81.52  	 78.92  	 77.42  	 73.46  	 37.07
1989	   2	   1	  11	 43.42  	 86.63  	 76.48  	 77.16  	 82.99  	 83.06  	 80.87  	 81.35  	 79.15  	 73.39  	 37.14
1989	   3	   1	  11	 43.45  	 71.95  	 78.08  	 78.42  	 82.99  	 82.31  	 81.76  	 79.45  	 77.74  	 71.81  	 37.44
1989	   3	  17	  11	 41.47  	 70.21  	 76.34  	 78.74  	 82.80  	 83.83  	 80.94  	 79.22  	 78.88  	 72.21  	 37.45
1989	   3	  31	  11	 52.64  	 93.73  	 79.25  	 78.43  	 83.07  	 83.69  	 81.30  	 79.04  	 78.22  	 72.00  	 37.13
1989	   4	  14	  11	 39.94  	 68.09  	 72.97  	 77.78  	 81.77  	 82.92  	 81.23  	 78.86  	 77.44  	 72.29  	 36.76
1989	   4	  27	  11	 32.58  	 54.65  	 61.98  	 71.89  	 81.80  	 81.80  	 82.29  	 81.10  	 78.59  	 74.75  	 37.55
1989	   5	  12	  11	 23.25  	 55.70  	 59.87  	 70.34  	 79.64  	 79.29  	 81.72  	 80.05  	 79.57  	 73.33  	 37.67
1989	   5	  17	  11	 28.35  	 50.84  	 59.22  	 67.40  	 77.97  	 78.77  	 78.47  	 80.76  	 76.97  	 84.15  	 37.24
1989	   6	   1	  11	 16.41  	 45.17  	 54.30  	 66.70  	 78.48  	 78.83  	 78.20  	 80.08  	 78.62  	 73.88  	 38.09
1989	   6	  15	  11	 38.34  	 65.69  	 70.58  	 76.09  	 82.64  	 85.87  	 82.50  	 80.78  	 78.99  	 73.13  	 36.81
1989	   6	  30	  11	 38.90  	 58.88  	 63.46  	 72.78  	 80.77  	 84.60  	 83.07  	 79.94  	 78.62  	 73.89  	 37.78
1989	   7	  14	  11	 21.82  	 46.83  	 56.05  	 67.08  	 78.88  	 78.81  	 82.27  	 79.71  	 78.53  	 72.63  	 37.22
1989	   7	  28	  11	 14.75  	 28.45  	 47.09  	 63.79  	 76.10  	 77.56  	 77.56  	 79.44  	 78.88  	 74.08  	 37.42
1989	   8	  17	  11	 14.32  	 17.47  	 28.55  	 54.02  	 71.64  	 72.67  	 71.78  	 72.53  	 74.18  	 73.91  	 36.78
1989	   9	   1	  11	 20.47  	 25.54  	 29.49  	 52.27  	 70.96  	 72.90  	 71.79  	 72.76  	 73.59  	 73.52  	 37.28
1989	   9	  13	  11	 29.40  	 23.70  	 27.15  	 49.54  	 69.32  	 70.08  	 70.84  	 72.01  	 74.21  	 73.04  	 37.11
1989	   9	  29	  11	 17.31  	 27.14  	 27.83  	 49.71  	 69.65  	 70.41  	 70.69  	 71.79  	 74.01  	 72.21  	 37.32
1989	  10	  27	  11	 11.27  	 18.91  	 26.46  	 47.73  	 67.13  	 68.38  	 66.58  	 69.21  	 73.44  	 74.41  	 37.27
1989	  12	   1	  11	 14.47  	 22.60  	 26.78  	 47.33  	 65.55  	 65.96  	 66.85  	 68.56  	 72.54  	 72.40  	 36.99
1990	   1	   4	  11	 33.54  	 40.64  	 26.68  	 48.00  	 65.19  	 65.74  	 66.57  	 68.50  	 71.66  	 72.48  	 37.21
1990	   1	  31	  11	 33.67  	 59.10  	 62.44  	 66.52  	 65.71  	 64.89  	 67.07  	 66.93  	 72.18  	 71.97  	 36.87
1990	   3	   1	  11	 37.45  	 68.21  	 75.67  	 76.89  	 81.78  	 82.60  	 79.74  	 78.25  	 76.89  	 73.57  	 36.48
1990	   3	  14	  11	 40.18  	 62.34  	 68.14  	 71.18  	 81.11  	 82.58  	 78.65  	 78.45  	 77.08  	 72.17  	 36.03
1990	   3	  30	  11	 57.12  	 88.81  	 77.06  	 78.50  	 83.28  	 83.55  	 81.37  	 79.73  	 77.74  	 73.78  	 37.47
1990	   4	  18	  11	 46.43  	 90.62  	 78.69  	 78.76  	 83.21  	 82.87  	 82.12  	 78.96  	 77.86  	 74.03  	 36.91
1990	   5	   3	  11	 52.66  	 91.16  	 79.57  	 79.10  	 82.89  	 83.10  	 80.79  	 78.15  	 77.20  	 71.98  	 36.67
1990	   5	  17	  11	 53.26  	 91.46  	 79.49  	 78.53  	 83.25  	 84.21  	 80.38  	 79.15  	 78.74  	 73.06  	 36.73
1990	   5	  31	  11	 44.41  	 72.63  	 79.04  	 77.73  	 83.04  	 84.90  	 81.86  	 79.04  	 77.52  	 73.25  	 36.97
1990	   6	  14	  11	 37.18  	 64.07  	 68.68  	 75.45  	 82.91  	 85.08  	 83.47  	 79.77  	 79.56  	 75.17  	 38.04
1990	   6	  29	  11	 19.17  	 45.81  	 55.89  	 68.26  	 79.94  	 79.17  	 81.19  	 79.87  	 78.83  	 74.52  	 37.68
1990	   7	  18	  11	 17.43  	 35.29  	 47.71  	 65.21  	 78.33  	 78.53  	 78.19  	 80.14  	 80.00  	 74.70  	 37.66
1990	   8	   1	  11	 22.53  	 45.08  	 52.79  	 65.71  	 77.73  	 77.94  	 81.41  	 80.72  	 77.94  	 75.86  	 37.96
1990	   8	  13	  11	 37.27  	 58.91  	 58.97  	 68.20  	 79.69  	 83.75  	 81.55  	 78.86  	 77.90  	 72.40  	 37.30
1990	   8	  31	  11	 21.05  	 42.02  	 52.76  	 65.89  	 78.24  	 79.01  	 78.80  	 79.63  	 78.10  	 73.84  	 37.37
1990	   9	  14	  11	 23.67  	 32.39  	 45.94  	 63.34  	 75.24  	 76.06  	 75.72  	 75.03  	 78.06  	 73.31  	 37.65
1990	   9	  28	  11	 14.73  	 27.42  	 43.02  	 61.39  	 74.41  	 76.50  	 76.22  	 75.73  	 74.34  	 74.20  	 37.62
1990	  10	  31	  11	 20.44  	 48.23  	 53.89  	 64.65  	 74.04  	 73.69  	 74.04  	 73.76  	 74.11  	 72.80  	 37.23
1990	  11	  30	  11	 37.15  	 61.04  	 64.94  	 70.89  	 78.41  	 81.90  	 79.57  	 77.86  	 78.34  	 74.17  	 36.98
1991	   1	   7	  11	 52.47  	 87.67  	 76.57  	 77.12  	 81.99  	 83.00  	 80.84  	 79.08  	 77.32  	 72.04  	 37.37
1991	   1	  30	  11	 35.65  	 88.70  	 77.56  	 77.62  	 81.77  	 83.13  	 81.43  	 79.46  	 77.08  	 73.28  	 36.64
1991	   2	  28	  11	 47.24  	 72.75  	 74.13  	 76.70  	 81.85  	 82.24  	 81.06  	 81.06  	 76.70  	 72.75  	 36.52
1991	   3	  13	  11	 47.89  	 70.28  	 76.01  	 75.62  	 85.60  	 82.54  	 79.87  	 77.10  	 79.87  	 72.55  	 37.21
1991	   3	  27	  11	 43.06  	 70.28  	 74.55  	 77.22  	 82.28  	 83.27  	 80.79  	 79.31  	 76.53  	 73.06  	 36.08
1991	   4	  18	  11	 42.45  	 69.16  	 72.55  	 77.35  	 84.03  	 83.44  	 80.44  	 80.44  	 77.65  	 72.35  	 37.03
1991	   5	   1	  11	 39.37  	 63.74  	 67.03  	 73.31  	 81.28  	 83.37  	 81.58  	 79.69  	 78.89  	 73.21  	 37.00
1991	   5	  16	  11	 42.98  	 65.43  	 65.77  	 73.33  	 82.47  	 85.70  	 80.96  	 79.65  	 77.32  	 72.16  	 36.36
1991	   5	  30	  11	 38.95  	 68.16  	 70.67  	 73.38  	 82.42  	 84.32  	 80.61  	 79.70  	 77.30  	 71.57  	 36.49
1991	   6	  12	  11	 22.52  	 50.17  	 56.86  	 66.80  	 80.18  	 80.79  	 81.91  	 79.88  	 77.65  	 73.49  	 37.30
1991	   6	  27	  11	 15.21  	 33.91  	 48.91  	 62.58  	 77.57  	 76.66  	 77.17  	 80.91  	 78.38  	 74.84  	 37.52
1991	   7	  16	  11	 13.88  	 22.08  	 34.76  	 57.12  	 73.34  	 76.69  	 77.17  	 77.04  	 78.64  	 73.13  	 37.75
1991	   7	  31	  11	  9.10  	 16.72  	 24.32  	 41.59  	 64.12  	 70.27  	 71.65  	 69.37  	 68.95  	 73.72  	 34.48
1991	   8	  15	  11	 13.27  	 18.96  	 20.77  	 41.96  	 68.26  	 68.40  	 75.18  	 69.59  	 69.73  	 69.66  	 34.97
1991	   8	  29	  11	 14.43  	 16.22  	 21.88  	 41.01  	 59.03  	 64.63  	 65.73  	 68.84  	 72.91  	 68.49  	 36.42
1991	   9	  13	  11	 16.53  	 17.73  	 23.65  	 43.85  	 63.39  	 66.43  	 67.54  	 66.65  	 78.49  	 76.56  	 36.88
1991	   9	  30	  11	 20.44  	 13.25  	 21.68  	 41.22  	 57.51  	 55.24  	 63.11  	 66.01  	 71.74  	 72.71  	 34.39
1991	  10	  31	  11	 40.11  	 47.90  	 28.98  	 41.59  	 57.68  	 60.45  	 61.91  	 66.07  	 73.35  	 72.03  	 36.53
1991	  12	   2	  11	 46.58  	 66.55  	 72.86  	 76.12  	 80.00  	 82.84  	 80.00  	 77.64  	 77.64  	 73.48  	 34.59
1992	   1	   3	  11	 63.26  	 92.90  	 81.34  	 82.83  	 81.05  	 88.98  	 85.79  	 83.94  	 83.05  	 77.93  	 38.26
1992	   1	  29	  11	 50.29  	 71.75  	 75.63  	 77.30  	 75.77  	 82.57  	 75.84  	 79.79  	 78.41  	 73.14  	 34.56
1992	   2	  28	  11	 48.56  	 76.64  	 83.09  	 84.06  	 89.10  	 88.59  	 81.09  	 85.69  	 82.57  	 78.19  	 37.06
1992	   3	  18	  11	 54.00  	 80.86  	 81.23  	 88.15  	 96.13  	 95.98  	 88.38  	 88.46  	 88.53  	 81.16  	 40.47
1992	   3	  30	  11	 54.63  	 89.71  	 77.16  	 78.75  	 82.98  	 84.58  	 75.77  	 80.28  	 78.82  	 68.84  	 37.89
1992	   4	  15	  11	 41.91  	 62.62  	 67.08  	 76.48  	 81.91  	 83.72  	 82.26  	 79.47  	 78.85  	 74.67  	 38.10
1992	   4	  29	  11	 45.91  	 65.11  	 69.37  	 77.33  	 82.21  	 83.03  	 81.04  	 78.98  	 77.88  	 73.01  	 36.95
1992	   5	  15	  11	 33.58  	 50.19  	 58.51  	 68.91  	 80.21  	 79.65  	 81.46  	 79.45  	 78.34  	 74.52  	 37.68
1992	   5	  27	  11	 28.80  	 48.43  	 55.48  	 66.05  	 77.11  	 77.73  	 78.21  	 79.04  	 77.52  	 73.93  	 38.28
1992	   6	  15	  11	 17.58  	 32.60  	 47.85  	 64.92  	 77.11  	 76.90  	 76.13  	 76.90  	 77.45  	 74.25  	 36.88
1992	   7	   2	  11	 13.09  	 20.51  	 36.13  	 58.73  	 73.65  	 74.63  	 73.79  	 74.14  	 74.28  	 74.49  	 38.19
1992	   7	  15	  11	 30.30  	 20.52  	 27.03  	 52.31  	 69.05  	 71.36  	 71.71  	 74.09  	 74.79  	 73.74  	 37.96
1992	   7	  31	  11	 11.50  	 16.66  	 23.91  	 47.61  	 66.35  	 69.14  	 69.07  	 71.79  	 73.74  	 73.39  	 37.46
1992	   8	  14	  11	 10.10  	 14.69  	 20.92  	 41.64  	 60.69  	 63.87  	 66.16  	 68.59  	 74.13  	 73.57  	 36.89
1992	   9	   2	  11	 25.09  	 17.47  	 20.60  	 39.33  	 57.56  	 60.49  	 63.55  	 68.07  	 72.95  	 72.74  	 37.41
1992	   9	  16	  11	 20.19  	 34.87  	 27.77  	 42.88  	 59.30  	 62.23  	 63.90  	 67.93  	 73.85  	 71.83  	 36.26
1992	   9	  30	  11	 29.95  	 50.64  	 43.47  	 49.34  	 64.29  	 65.67  	 68.79  	 73.75  	 81.00  	 80.62  	 40.88
1992	  10	  30	  11	 27.20  	 43.48  	 45.43  	 54.11  	 62.03  	 60.09  	 62.52  	 66.76  	 73.56  	 72.10  	 37.34
1992	  12	   2	  11	 45.28  	 59.69  	 64.47  	 72.17  	 78.68  	 76.47  	 72.93  	 74.52  	 76.60  	 72.86  	 37.30
1993	   1	   6	  11	 52.71  	 87.72  	 73.03  	 73.13  	 79.68  	 79.08  	 79.48  	 75.71  	 75.21  	 72.63  	 36.17
1993	   1	  29	  11	 45.76  	 72.48  	 77.64  	 77.23  	 81.91  	 81.70  	 81.01  	 76.68  	 76.40  	 72.97  	 37.10
1993	   3	   1	  11	 48.79  	 91.57  	 81.17  	 80.68  	 83.26  	 85.50  	 81.52  	 79.70  	 76.77  	 75.03  	 37.76
1993	   3	  17	  11	 56.42  	 90.62  	 79.52  	 78.49  	 82.90  	 83.93  	 82.14  	 78.07  	 75.87  	 73.73  	 37.00
1993	   3	  31	  11	 48.96  	 79.03  	 80.27  	 79.23  	 82.76  	 82.90  	 81.79  	 79.79  	 75.98  	 73.15  	 36.78
1993	   4	  16	  11	 56.46  	 94.53  	 80.20  	 79.16  	 83.61  	 83.12  	 78.81  	 77.84  	 76.72  	 73.73  	 37.28
1993	   5	   3	  11	 64.88  	 94.11  	 80.83  	 79.02  	 83.40  	 85.21  	 82.71  	 78.25  	 76.79  	 73.38  	 37.07
1993	   5	  13	  11	 57.05  	 88.36  	 76.04  	 78.31  	 82.10  	 82.72  	 81.34  	 77.63  	 75.91  	 72.74  	 36.89
1993	   5	  28	  11	 46.44  	 64.42  	 67.84  	 75.31  	 81.87  	 84.17  	 80.61  	 77.82  	 76.84  	 74.54  	 37.62
1993	   6	  15	  11	 45.59  	 64.19  	 67.87  	 73.97  	 80.56  	 84.99  	 81.53  	 77.92  	 76.26  	 73.35  	 37.02
1993	   6	  30	  11	 43.73  	 57.81  	 61.36  	 70.63  	 78.71  	 78.50  	 82.05  	 77.87  	 75.71  	 74.11  	 37.16
1993	   7	  13	  11	 25.27  	 49.23  	 57.15  	 67.65  	 78.92  	 79.41  	 76.82  	 77.87  	 77.03  	 74.16  	 37.19
1993	   7	  30	  11	 16.28  	 25.32  	 42.11  	 58.41  	 75.34  	 75.06  	 75.34  	 75.34  	 75.96  	 73.19  	 37.60
1993	   8	  17	  11	 22.56  	 27.19  	 34.53  	 54.02  	 73.52  	 74.01  	 73.52  	 75.13  	 76.11  	 73.59  	 37.53
1993	   9	   2	  11	 17.53  	 18.13  	 26.18  	 47.10  	 67.67  	 70.47  	 72.99  	 72.57  	 76.70  	 73.62  	 37.79
1993	   9	  15	  11	 35.36  	 32.48  	 26.56  	 46.63  	 65.87  	 70.68  	 70.61  	 72.35  	 74.23  	 72.63  	 37.50
1993	   9	  30	  11	 36.81  	 58.30  	 63.43  	 71.47  	 72.10  	 71.47  	 70.57  	 73.42  	 75.77  	 72.72  	 36.88
1993	  10	  29	  11	 39.41  	 60.86  	 67.79  	 75.14  	 82.99  	 82.57  	 80.81  	 78.29  	 77.45  	 73.53  	 37.57
1993	  12	   1	  11	 51.31  	 83.95  	 79.83  	 79.06  	 84.86  	 85.55  	 81.85  	 78.71  	 78.22  	 74.87  	 37.64
1994	   1	   3	  11	 47.74  	 69.83  	 77.59  	 79.05  	 83.00  	 84.10  	 82.37  	 78.63  	 77.87  	 73.78  	 37.48
1994	   1	  28	  11	 62.50  	 87.39  	 78.91  	 79.82  	 84.12  	 83.64  	 81.76  	 78.63  	 76.76  	 69.53  	 37.23
1994	   3	   2	  11	 58.25  	 91.55  	 81.56  	 79.74  	 83.66  	 85.40  	 82.68  	 79.67  	 77.93  	 74.50  	 37.63
1994	   3	  16	  11	 51.15  	 74.94  	 81.11  	 78.48  	 83.68  	 83.88  	 81.60  	 78.89  	 77.44  	 73.42  	 36.74
1994	   4	   1	  11	 48.70  	 73.93  	 80.04  	 80.46  	 83.02  	 84.48  	 81.71  	 77.47  	 76.98  	 73.31  	 36.93
1994	   4	  15	  11	 57.53  	 90.85  	 81.72  	 79.58  	 82.41  	 83.73  	 81.86  	 77.85  	 76.33  	 73.08  	 36.89
1994	   4	  28	  11	 48.71  	 67.66  	 70.30  	 74.88  	 83.98  	 82.94  	 82.59  	 78.22  	 77.73  	 72.80  	 37.51
1994	   5	  13	  11	 45.07  	 64.50  	 70.03  	 76.12  	 83.06  	 84.25  	 82.71  	 78.64  	 78.57  	 74.02  	 37.26
1994	   5	  26	  11	 22.65  	 48.09  	 57.93  	 68.82  	 81.10  	 80.47  	 82.43  	 78.59  	 76.77  	 73.63  	 36.99
1994	   6	  15	  11	 19.37  	 35.02  	 48.88  	 64.01  	 77.24  	 79.69  	 78.99  	 79.06  	 77.24  	 74.02  	 37.40
1994	   6	  30	  11	 33.14  	 49.59  	 47.99  	 62.83  	 76.48  	 77.80  	 79.54  	 78.64  	 76.69  	 73.27  	 37.23
1994	   7	  15	  11	 13.90  	 27.30  	 41.85  	 60.05  	 74.95  	 76.70  	 76.77  	 77.05  	 76.21  	 73.55  	 37.65
1994	   7	  29	  11	 11.88  	 18.85  	 29.96  	 53.65  	 70.74  	 73.27  	 72.99  	 76.29  	 77.70  	 74.25  	 38.04
1994	   8	  12	  11	 29.34  	 49.11  	 46.11  	 52.59  	 68.33  	 71.39  	 70.91  	 75.78  	 77.38  	 73.27  	 37.47
1994	   8	  31	  11	 35.21  	 33.94  	 37.30  	 51.75  	 68.03  	 70.47  	 68.23  	 71.94  	 75.36  	 73.47  	 37.02
1994	   9	  16	  11	 17.15  	 31.56  	 35.49  	 51.26  	 66.55  	 70.55  	 68.65  	 71.32  	 76.44  	 73.56  	 37.34
1994	   9	  30	  11	 27.75  	 27.45  	 33.66  	 50.29  	 67.05  	 69.28  	 66.91  	 71.31  	 75.92  	 73.68  	 36.84
1994	  10	  28	  11	 24.53  	 32.50  	 30.82  	 50.04  	 66.60  	 67.16  	 66.46  	 68.49  	 75.27  	 73.87  	 37.08
1994	  11	  30	  11	 46.36  	 72.20  	 76.58  	 77.00  	 82.43  	 83.89  	 82.01  	 78.46  	 77.14  	 73.59  	 37.60
1994	  12	  29	  11	 44.78  	 72.26  	 77.28  	 78.53  	 84.25  	 85.93  	 83.56  	 77.70  	 76.02  	 74.42  	 37.66
1995	   2	   1	  11	 51.98  	 88.80  	 80.54  	 78.04  	 83.59  	 84.29  	 81.93  	 79.50  	 77.77  	 73.88  	 37.36
1995	   3	   2	  11	 52.72  	 89.77  	 80.94  	 78.25  	 82.39  	 84.60  	 82.66  	 78.52  	 76.11  	 72.31  	 37.26
1995	   3	  15	  11	 47.90  	 74.02  	 79.36  	 79.43  	 83.59  	 83.52  	 83.11  	 78.88  	 76.66  	 73.40  	 38.92
1995	   3	  31	  11	 48.13  	 64.15  	 66.52  	 73.62  	 81.08  	 84.70  	 81.35  	 78.92  	 76.55  	 73.07  	 37.26
1995	   4	  14	  11	 24.80  	 52.86  	 60.79  	 68.45  	 78.95  	 78.46  	 82.15  	 79.51  	 76.38  	 74.50  	 37.32
1995	   4	  28	  11	 32.87  	 56.47  	 59.95  	 67.45  	 77.94  	 77.31  	 76.27  	 79.19  	 76.90  	 73.63  	 36.92
1995	   5	  16	  11	 44.30  	 67.61  	 70.95  	 75.55  	 82.04  	 84.68  	 83.22  	 79.53  	 77.16  	 74.16  	 37.25
1995	   6	   1	  11	 47.20  	 69.51  	 73.14  	 77.89  	 83.68  	 84.52  	 83.47  	 79.08  	 77.40  	 73.00  	 37.65
1995	   6	  15	  11	 45.59  	 69.26  	 73.24  	 77.93  	 83.87  	 84.56  	 82.19  	 78.13  	 76.95  	 73.10  	 37.60
1995	   6	  30	  11	 52.87  	 87.73  	 77.47  	 77.26  	 83.05  	 85.43  	 82.29  	 78.38  	 77.40  	 73.91  	 38.18
1995	   7	  14	  11	 33.48  	 59.13  	 64.46  	 71.98  	 82.58  	 84.62  	 83.84  	 78.79  	 77.80  	 73.94  	 38.24
1995	   8	   4	  11	 23.83  	 42.90  	 53.44  	 65.75  	 78.54  	 80.44  	 78.26  	 79.74  	 77.49  	 73.90  	 37.90
1995	   8	  17	  11	 19.75  	 39.17  	 51.83  	 64.62  	 78.48  	 79.54  	 77.35  	 78.48  	 76.71  	 74.31  	 37.65
1995	   8	  31	  11	 15.67  	 21.76  	 38.32  	 58.39  	 74.38  	 75.93  	 76.42  	 74.52  	 76.14  	 73.47  	 37.19
1995	   9	  13	  11	 12.30  	 18.89  	 27.74  	 50.77  	 70.57  	 73.59  	 74.79  	 74.93  	 77.03  	 74.50  	 37.92
1995	   9	  29	  11	 19.68  	 21.04  	 26.40  	 47.50  	 67.77  	 70.42  	 71.81  	 73.97  	 74.32  	 73.34  	 36.85
1995	  11	   2	  11	 32.75  	 27.47  	 26.42  	 44.64  	 63.49  	 67.49  	 70.08  	 72.88  	 74.56  	 72.67  	 37.56
1995	  11	  29	  11	 26.34  	 49.70  	 52.34  	 56.74  	 64.47  	 66.49  	 68.72  	 70.54  	 73.53  	 71.86  	 37.25
1995	  12	  28	  11	 29.24  	 61.04  	 63.97  	 71.73  	 78.78  	 71.10  	 69.14  	 71.17  	 75.57  	 73.96  	 38.38
1996	   2	   1	  11	 43.44  	 70.12  	 78.85  	 76.82  	 82.48  	 82.97  	 82.41  	 79.13  	 76.20  	 74.45  	 37.99
1996	   3	   1	  11	 42.82  	 71.97  	 79.61  	 77.57  	 83.61  	 85.20  	 82.93  	 80.67  	 77.26  	 74.84  	 38.93
1996	   3	  15	  11	 57.43  	 91.82  	 80.36  	 78.32  	 82.75  	 82.54  	 81.62  	 79.44  	 77.47  	 74.02  	 37.68
1996	   3	  29	  11	 54.99  	 92.19  	 80.88  	 78.56  	 83.41  	 84.60  	 81.30  	 78.98  	 78.00  	 73.50  	 37.38
1996	   4	  12	  11	 47.73  	 72.87  	 77.37  	 78.91  	 83.69  	 84.32  	 82.85  	 79.26  	 75.12  	 73.78  	 37.45
1996	   5	   1	  11	 52.89  	 92.31  	 81.81  	 78.80  	 82.79  	 83.70  	 82.16  	 78.52  	 77.19  	 73.06  	 37.23
1996	   5	  15	  11	 60.44  	 91.82  	 80.69  	 77.63  	 82.98  	 83.96  	 82.43  	 79.51  	 75.89  	 73.94  	 37.28
1996	   5	  31	  11	 43.01  	 67.79  	 69.19  	 75.10  	 82.41  	 84.66  	 82.69  	 79.53  	 77.07  	 73.62  	 37.90
1996	   6	  14	  11	 49.34  	 83.75  	 79.11  	 78.47  	 84.38  	 85.36  	 83.39  	 78.82  	 77.14  	 73.27  	 38.08
1996	   6	  27	  11	 26.30  	 55.80  	 61.15  	 70.72  	 81.48  	 80.92  	 83.03  	 77.68  	 77.26  	 74.66  	 37.75
1996	   7	  16	  11	 31.60  	 42.52  	 51.89  	 65.53  	 78.05  	 78.40  	 79.59  	 79.10  	 76.02  	 74.76  	 38.85
1996	   7	  31	  11	 20.73  	 33.87  	 46.64  	 61.67  	 77.33  	 78.95  	 76.98  	 77.96  	 77.05  	 74.51  	 39.05
1996	   8	  15	  11	 11.13  	 22.01  	 38.14  	 58.80  	 75.77  	 76.69  	 76.41  	 77.47  	 77.82  	 75.35  	 39.09
1996	   8	  30	  11	 11.32  	 18.07  	 28.79  	 52.85  	 73.10  	 75.92  	 75.07  	 76.98  	 76.20  	 73.87  	 39.41
1996	   9	  13	  11	 13.24  	 15.98  	 24.64  	 46.62  	 70.07  	 72.17  	 73.70  	 74.75  	 74.05  	 73.14  	 36.57
1996	   9	  25	  11	 34.97  	 44.06  	 29.44  	 45.88  	 69.59  	 72.17  	 72.52  	 75.18  	 74.90  	 72.03  	 37.38
1996	  10	  31	  11	 34.05  	 52.73  	 41.75  	 49.73  	 67.70  	 71.19  	 72.03  	 72.59  	 74.62  	 73.36  	 36.93
1996	  11	  27	  11	 39.88  	 63.53  	 67.83  	 74.39  	 79.39  	 81.44  	 81.30  	 76.43  	 77.21  	 74.10  	 37.83
1996	  12	  31	  11	 51.61  	 91.37  	 78.47  	 78.40  	 82.82  	 84.36  	 83.66  	 77.28  	 77.42  	 74.68  	 37.20
1997	   1	  29	  11	 51.19  	 86.83  	 81.15  	 79.96  	 82.90  	 84.02  	 83.88  	 78.49  	 76.59  	 73.79  	 37.32
1997	   2	  27	  11	 60.66  	 92.63  	 80.50  	 80.64  	 84.29  	 85.13  	 83.45  	 78.47  	 76.23  	 73.84  	 37.66
1997	   3	  14	  11	 61.93  	 92.73  	 80.50  	 77.98  	 83.50  	 83.71  	 82.73  	 78.75  	 77.28  	 72.94  	 37.21
1997	   3	  28	  11	 51.09  	 72.35  	 77.85  	 79.53  	 83.43  	 84.55  	 82.73  	 78.06  	 76.25  	 72.84  	 37.15
1997	   4	  14	  11	 50.24  	 70.29  	 74.83  	 79.59  	 82.59  	 83.08  	 83.36  	 77.56  	 76.44  	 73.78  	 37.56
1997	   4	  30	  11	 44.20  	 65.29  	 68.86  	 74.18  	 84.12  	 83.63  	 83.42  	 77.75  	 76.42  	 73.69  	 37.44
1997	   5	  15	  11	 38.20  	 61.28  	 65.00  	 72.10  	 81.37  	 83.06  	 83.97  	 77.58  	 76.80  	 74.06  	 38.26
1997	   5	  30	  11	 40.34  	 63.89  	 66.61  	 72.46  	 82.54  	 83.34  	 82.64  	 77.90  	 77.19  	 73.67  	 37.84
1997	   6	  13	  11	 44.53  	 67.83  	 71.52  	 76.42  	 82.62  	 84.42  	 81.12  	 75.92  	 76.92  	 72.92  	 36.66
1997	   6	  26	  11	 57.84  	 85.80  	 80.30  	 78.50  	 82.60  	 84.10  	 82.40  	 78.10  	 76.10  	 72.69  	 36.85
1997	   7	  15	  11	 41.65  	 62.74  	 65.61  	 73.94  	 84.06  	 86.21  	 83.05  	 79.61  	 78.89  	 75.01  	 38.30
1997	   7	  31	  11	 16.47  	 41.58  	 53.48  	 65.66  	 79.42  	 80.71  	 82.72  	 78.56  	 78.28  	 75.05  	 38.42
1997	   8	  15	  11	 31.11  	 33.35  	 46.55  	 62.32  	 76.17  	 79.52  	 78.10  	 78.52  	 77.81  	 75.24  	 37.98
1997	   8	  29	  11	 23.04  	 42.23  	 45.43  	 60.93  	 76.49  	 77.56  	 78.20  	 77.92  	 78.20  	 74.22  	 37.89
1997	   9	  12	  11	 23.27  	 38.07  	 42.85  	 57.96  	 73.71  	 76.56  	 77.42  	 77.70  	 77.42  	 75.21  	 37.89
1997	   9	  26	  11	 34.55  	 52.68  	 46.65  	 58.50  	 73.05  	 74.76  	 75.47  	 77.81  	 76.67  	 75.61  	 38.09
1997	  10	  30	  11	 30.94  	 41.97  	 41.82  	 56.35  	 71.74  	 73.52  	 74.23  	 75.80  	 77.44  	 74.44  	 38.11
1997	  11	  26	  11	 32.05  	 56.96  	 59.81  	 64.73  	 72.78  	 73.43  	 73.57  	 76.56  	 77.49  	 74.85  	 38.42
1997	  12	  29	  11	 37.39  	 66.14  	 70.55  	 80.84  	 82.83  	 82.98  	 81.55  	 79.14  	 78.07  	 75.16  	 38.40
1998	   1	  29	  11	 48.34  	 93.10  	 82.78  	 81.50  	 84.76  	 84.05  	 82.28  	 78.04  	 76.98  	 74.85  	 38.06
1998	   2	  26	  11	 46.61  	 81.76  	 82.89  	 81.83  	 84.87  	 85.51  	 81.69  	 79.28  	 78.36  	 74.81  	 38.54
1998	   3	  13	  11	 45.30  	 83.06  	 82.71  	 82.14  	 84.26  	 86.67  	 82.14  	 79.03  	 78.60  	 75.28  	 38.38
1998	   4	   1	  11	 58.46  	 94.88  	 82.28  	 82.92  	 85.55  	 85.77  	 83.20  	 79.64  	 78.29  	 75.58  	 40.11
1998	   4	  15	  11	 49.70  	 72.58  	 74.01  	 80.12  	 85.24  	 86.16  	 82.96  	 79.27  	 78.55  	 74.29  	 37.68
1998	   4	  30	  11	 60.48  	 91.36  	 82.68  	 81.12  	 84.65  	 85.36  	 82.18  	 80.07  	 77.38  	 74.42  	 37.31
1998	   5	  15	  11	 45.28  	 69.58  	 73.74  	 78.04  	 85.07  	 86.94  	 82.35  	 79.34  	 78.83  	 75.53  	 37.91
1998	   5	  29	  11	 40.92  	 67.98  	 72.14  	 77.38  	 86.06  	 87.00  	 81.83  	 80.32  	 77.96  	 74.58  	 37.97
1998	   6	  15	  11	 43.26  	 74.67  	 80.81  	 81.09  	 85.16  	 88.44  	 84.59  	 80.31  	 77.31  	 75.95  	 38.05
1998	   7	   1	  11	 44.31  	 71.73  	 78.53  	 81.03  	 86.18  	 87.54  	 82.32  	 79.39  	 78.10  	 74.66  	 38.98
1998	   7	  15	  11	 45.17  	 67.47  	 70.80  	 74.28  	 84.92  	 85.27  	 82.44  	 78.25  	 77.83  	 73.43  	 38.74
1998	   7	  30	  11	 51.28  	 67.07  	 69.05  	 73.03  	 81.98  	 83.69  	 81.77  	 79.14  	 77.29  	 74.81  	 39.68
1998	   8	  14	  11	 45.03  	 66.75  	 71.03  	 75.16  	 84.49  	 86.77  	 81.78  	 79.29  	 78.93  	 74.87  	 37.72
1998	   9	   1	  11	 21.64  	 51.65  	 57.37  	 66.03  	 81.12  	 81.05  	 80.98  	 78.33  	 78.04  	 74.11  	 37.66
1998	   9	  17	  11	 22.58  	 39.02  	 50.26  	 64.57  	 78.17  	 80.03  	 78.53  	 78.67  	 77.52  	 75.31  	 37.94
1998	   9	  30	  11	 22.02  	 34.04  	 46.19  	 60.34  	 76.35  	 76.85  	 78.56  	 77.77  	 77.70  	 74.20  	 37.64
1998	  11	   2	  11	 28.74  	 45.01  	 45.80  	 60.06  	 74.68  	 76.39  	 75.61  	 77.31  	 76.10  	 73.83  	 37.34
1998	  12	   2	  11	 34.73  	 43.36  	 44.78  	 59.87  	 73.68  	 75.46  	 75.82  	 77.10  	 77.67  	 74.39  	 37.55
1998	  12	  30	  11	 34.03  	 61.98  	 65.56  	 70.83  	 75.54  	 74.48  	 75.54  	 76.24  	 76.94  	 74.27  	 37.03
1999	   1	  29	  11	 47.78  	 87.09  	 79.17  	 80.72  	 83.20  	 85.32  	 81.72  	 78.46  	 77.47  	 74.57  	 38.03
1999	   2	  26	  11	 50.00  	 79.44  	 80.29  	 82.85  	 84.91  	 85.90  	 81.29  	 79.44  	 78.23  	 74.33  	 37.95
1999	   3	  17	  11	 60.88  	 92.41  	 81.60  	 80.74  	 85.01  	 85.58  	 81.81  	 80.81  	 78.32  	 74.63  	 38.10
1999	   3	  31	  11	 44.53  	 72.27  	 75.39  	 81.14  	 83.49  	 84.62  	 81.78  	 79.37  	 78.94  	 75.47  	 38.02
1999	   4	  15	  11	 61.67  	 90.74  	 81.58  	 81.37  	 84.35  	 86.20  	 82.86  	 79.10  	 77.54  	 74.56  	 38.42
1999	   4	  30	  11	 53.14  	 89.92  	 80.81  	 82.45  	 84.94  	 86.79  	 81.45  	 79.11  	 79.04  	 73.35  	 39.09
1999	   5	  13	  11	 52.84  	 76.35  	 80.55  	 82.12  	 86.11  	 86.18  	 82.12  	 79.77  	 77.42  	 73.92  	 38.74
1999	   5	  28	  11	 39.32  	 62.86  	 64.20  	 72.47  	 80.81  	 82.79  	 82.30  	 80.10  	 77.35  	 73.03  	 38.85
1999	   6	  15	  11	 41.33  	 66.92  	 68.22  	 75.27  	 82.91  	 88.67  	 83.27  	 79.60  	 78.30  	 74.77  	 37.93
1999	   6	  30	  11	 41.76  	 63.23  	 63.88  	 70.72  	 80.91  	 82.55  	 81.98  	 79.77  	 77.77  	 75.07  	 37.46
1999	   7	  15	  11	 27.68  	 59.05  	 59.55  	 68.89  	 81.60  	 82.46  	 81.67  	 79.16  	 78.87  	 75.71  	 38.39
1999	   7	  29	  11	 16.17  	 38.22  	 52.27  	 64.81  	 78.64  	 80.59  	 80.23  	 80.15  	 78.86  	 75.33  	 38.42
1999	   8	  13	  11	 23.92  	 35.36  	 45.24  	 61.25  	 77.18  	 78.19  	 79.85  	 78.99  	 79.56  	 75.52  	 37.98
1999	   9	   1	  11	 10.78  	 19.27  	 28.39  	 50.00  	 72.41  	 74.42  	 76.93  	 77.08  	 76.64  	 73.49  	 37.57
1999	   9	  15	  11	  9.72  	 15.80  	 23.13  	 42.52  	 67.05  	 69.17  	 72.98  	 72.91  	 75.73  	 72.13  	 37.30
1999	   9	  30	  11	 18.64  	 19.57  	 22.93  	 40.41  	 62.75  	 67.25  	 70.96  	 72.81  	 76.03  	 73.96  	 37.55
1999	  10	  29	  11	 18.67  	 37.52  	 29.13  	 42.51  	 61.01  	 62.93  	 66.07  	 70.62  	 75.60  	 74.11  	 37.87
1999	  12	   1	  11	 13.15  	 27.69  	 27.69  	 41.42  	 59.54  	 60.53  	 63.30  	 68.53  	 73.70  	 73.28  	 36.99
1999	  12	  29	  11	 26.21  	 57.13  	 60.59  	 64.41  	 62.36  	 60.31  	 62.86  	 69.36  	 73.81  	 72.47  	 37.47
2000	   1	  28	  11	 30.46  	 61.36  	 63.19  	 69.90  	 77.81  	 72.30  	 67.50  	 70.39  	 74.63  	 73.15  	 37.14
2000	   3	   1	  11	 41.49  	 81.73  	 79.32  	 79.24  	 83.22  	 83.64  	 80.10  	 77.12  	 76.34  	 74.35  	 37.81
2000	   3	  14	  11	 38.71  	 72.41  	 78.92  	 80.62  	 83.17  	 84.02  	 79.42  	 77.29  	 76.09  	 73.04  	 38.12
2000	   3	  30	  11	 42.70  	 72.16  	 74.86  	 79.19  	 84.45  	 84.95  	 80.05  	 78.70  	 77.06  	 74.01  	 37.61
2000	   4	  14	  11	 35.98  	 66.38  	 68.94  	 75.32  	 82.21  	 85.12  	 80.01  	 77.38  	 77.31  	 73.83  	 37.91
2000	   4	  28	  11	 34.12  	 66.59  	 67.44  	 72.35  	 80.88  	 82.52  	 81.10  	 78.32  	 76.26  	 75.27  	 38.31
2000	   5	  16	  11	 27.28  	 58.49  	 60.17  	 68.51  	 78.26  	 78.12  	 79.17  	 77.14  	 75.45  	 73.35  	 37.10
2000	   6	   1	  11	 36.61  	 71.67  	 72.10  	 81.37  	 84.53  	 86.90  	 80.65  	 78.93  	 78.35  	 74.69  	 38.17
2000	   6	  14	  11	 30.25  	 58.87  	 60.88  	 69.20  	 81.62  	 80.32  	 81.26  	 79.46  	 77.74  	 74.58  	 38.19
2000	   6	  30	  11	 42.21  	 73.53  	 78.81  	 80.24  	 84.52  	 86.02  	 81.09  	 78.52  	 78.02  	 74.67  	 38.87
2000	   7	  14	  11	 30.77  	 57.88  	 60.52  	 69.60  	 80.55  	 82.33  	 80.40  	 77.47  	 77.61  	 74.04  	 38.84
2000	   7	  28	  11	 24.49  	 54.00  	 57.82  	 67.98  	 79.58  	 81.74  	 79.79  	 78.35  	 78.28  	 74.17  	 39.00
2000	   8	  16	  11	 22.08  	 51.18  	 57.56  	 66.55  	 79.16  	 79.52  	 79.95  	 79.30  	 78.21  	 74.66  	 38.38
2000	   8	  31	  11	 24.63  	 47.46  	 52.69  	 64.45  	 77.49  	 77.92  	 78.64  	 78.13  	 77.06  	 73.48  	 37.63
2000	   9	  14	  11	 19.21  	 37.25  	 47.83  	 61.77  	 77.56  	 76.13  	 78.49  	 76.77  	 77.63  	 74.06  	 37.85
2000	   9	  29	  11	 25.39  	 37.01  	 43.06  	 58.53  	 75.92  	 75.85  	 76.70  	 77.70  	 75.85  	 74.42  	 37.60
2000	  11	  30	  11	 30.34  	 58.14  	 57.72  	 61.03  	 71.33  	 72.39  	 73.87  	 73.45  	 75.50  	 73.59  	 37.29
2000	  12	  29	  11	 36.47  	 63.55  	 66.37  	 73.08  	 80.77  	 82.61  	 79.92  	 77.81  	 77.52  	 74.49  	 37.39
2001	   1	  31	  11	 55.43  	 86.50  	 80.13  	 79.49  	 83.46  	 85.16  	 79.99  	 78.71  	 77.15  	 74.32  	 37.94
2001	   2	  28	  11	 52.62  	 88.49  	 81.72  	 79.46  	 83.69  	 84.82  	 80.45  	 77.21  	 76.36  	 73.96  	 37.51
2001	   3	  14	  11	 42.72  	 74.23  	 81.64  	 81.35  	 84.13  	 85.34  	 81.49  	 79.50  	 77.51  	 74.59  	 37.97
2001	   3	  30	  11	 46.03  	 71.53  	 76.28  	 81.95  	 84.15  	 85.57  	 80.54  	 78.20  	 76.99  	 75.15  	 37.61
2001	   4	  12	  11	 40.70  	 70.29  	 73.15  	 76.36  	 85.15  	 87.51  	 81.72  	 77.93  	 77.79  	 74.44  	 37.93
2001	   4	  27	  11	 29.49  	 61.72  	 63.94  	 70.51  	 81.58  	 81.65  	 80.93  	 79.43  	 76.15  	 74.08  	 38.32
2001	   5	  15	  11	 14.74  	 42.90  	 53.30  	 64.78  	 79.19  	 78.40  	 78.33  	 78.26  	 77.18  	 74.75  	 38.20
2001	   5	  31	  11	 40.39  	 67.07  	 63.98  	 70.37  	 80.79  	 84.32  	 81.94  	 79.50  	 78.35  	 74.54  	 39.21
2001	   6	  14	  11	 18.49  	 52.40  	 58.12  	 67.41  	 79.49  	 80.49  	 81.56  	 79.13  	 77.42  	 74.06  	 39.42
2001	   6	  29	  11	 19.62  	 48.99  	 54.25  	 66.42  	 78.59  	 78.95  	 79.31  	 79.60  	 78.66  	 74.34  	 37.67
2001	   7	  13	  11	 28.31  	 57.92  	 60.46  	 68.25  	 79.86  	 79.08  	 80.99  	 78.30  	 76.04  	 73.98  	 37.81
2001	   8	   1	  11	 33.35  	 58.56  	 61.69  	 67.82  	 78.15  	 78.57  	 79.00  	 77.93  	 77.15  	 74.37  	 37.19
2001	   8	  15	  11	 30.55  	 52.15  	 55.74  	 66.19  	 77.65  	 78.51  	 78.58  	 78.29  	 76.79  	 75.00  	 38.14
2001	   8	  31	  11	 47.52  	 68.98  	 74.24  	 76.65  	 82.69  	 83.76  	 81.84  	 78.86  	 76.65  	 73.53  	 37.51
2001	   9	  14	  11	 36.82  	 63.12  	 65.75  	 72.81  	 81.07  	 83.92  	 81.92  	 77.93  	 76.51  	 74.37  	 37.65
2001	   9	  26	  11	 29.80  	 58.47  	 62.55  	 70.01  	 80.12  	 79.48  	 81.20  	 79.77  	 77.54  	 73.74  	 38.16
2001	  10	  31	  11	 41.49  	 67.61  	 72.50  	 78.30  	 82.55  	 86.30  	 81.56  	 77.24  	 76.67  	 74.69  	 37.84
2001	  11	  30	  11	 56.51  	 82.83  	 76.78  	 78.27  	 84.12  	 86.11  	 82.62  	 78.91  	 77.06  	 74.71  	 39.42
2001	  12	  28	  11	 40.40  	 78.26  	 77.98  	 79.32  	 83.62  	 85.95  	 81.15  	 77.35  	 75.44  	 74.39  	 37.19
2002	   1	  31	  11	 65.73  	 84.72  	 79.22  	 80.49  	 83.81  	 86.91  	 81.97  	 78.72  	 76.32  	 73.22  	 37.49
2002	   2	  28	  11	 38.95  	 74.38  	 80.17  	 79.26  	 84.27  	 86.18  	 79.54  	 78.27  	 76.64  	 74.31  	 37.65
2002	   3	  14	  11	 52.34  	 88.82  	 83.83  	 80.98  	 85.04  	 86.97  	 83.05  	 80.34  	 77.99  	 74.35  	 37.78
2002	   3	  25	  11	 60.79  	 89.26  	 82.78  	 81.78  	 84.77  	 87.05  	 83.42  	 79.71  	 77.22  	 73.87  	 38.65
2002	   4	  11	  11	 45.43  	 73.10  	 77.05  	 78.88  	 83.54  	 86.36  	 81.84  	 78.46  	 76.69  	 75.07  	 39.09
2002	   5	   1	  11	 50.51  	 88.12  	 81.51  	 79.12  	 83.97  	 86.01  	 81.72  	 77.86  	 75.61  	 73.50  	 37.14
2002	   5	  15	  11	 54.06  	 89.16  	 82.34  	 79.71  	 83.83  	 86.10  	 82.12  	 79.57  	 76.72  	 73.88  	 37.30
2002	   5	  31	  11	 48.37  	 70.31  	 72.88  	 75.94  	 84.70  	 86.91  	 82.42  	 79.36  	 77.44  	 74.16  	 37.68
2002	   6	  14	  11	 46.55  	 66.86  	 70.80  	 75.16  	 84.68  	 86.54  	 81.82  	 78.60  	 77.74  	 75.09  	 38.23
2002	   6	  28	  11	 38.75  	 54.60  	 59.49  	 68.19  	 82.36  	 84.52  	 82.79  	 80.28  	 78.77  	 75.10  	 38.02
2002	   7	  12	  11	 45.56  	 43.26  	 53.59  	 64.20  	 78.83  	 81.06  	 80.70  	 78.69  	 77.33  	 75.46  	 37.87
2002	   7	  31	  11	 24.68  	 29.30  	 37.41  	 54.49  	 74.65  	 78.31  	 79.18  	 79.25  	 77.96  	 74.94  	 38.44
2002	   8	  15	  11	 30.06  	 23.04  	 26.63  	 45.13  	 67.86  	 75.25  	 78.69  	 78.19  	 78.62  	 73.67  	 38.70
2002	   8	  30	  11	 12.26  	 18.57  	 24.01  	 42.41  	 65.19  	 70.70  	 76.50  	 77.72  	 76.43  	 74.71  	 37.82
2002	   9	  13	  11	  8.51  	 15.26  	 21.22  	 38.11  	 60.10  	 65.27  	 72.17  	 76.41  	 76.77  	 74.18  	 38.60
2002	   9	  27	  11	 39.16  	 37.45  	 25.26  	 37.17  	 59.47  	 63.99  	 69.58  	 73.60  	 76.68  	 74.24  	 38.13
2002	  10	  31	  11	 36.04  	 49.48  	 28.87  	 37.76  	 60.43  	 63.63  	 68.67  	 72.58  	 75.71  	 72.87  	 37.75
2002	  11	  27	  11	 30.29  	 51.01  	 54.19  	 56.45  	 63.94  	 65.14  	 69.03  	 72.07  	 74.82  	 73.97  	 37.41
2003	   1	   2	  11	 59.50  	 84.02  	 76.11  	 76.96  	 80.35  	 81.83  	 77.38  	 75.90  	 76.04  	 72.79  	 37.28
2003	   1	  31	  11	 39.69  	 68.49  	 73.60  	 77.59  	 81.65  	 81.37  	 77.45  	 76.33  	 75.63  	 72.55  	 36.94
2003	   3	   3	  11	 52.61  	 88.69  	 80.00  	 79.14  	 83.49  	 84.06  	 80.64  	 77.22  	 76.58  	 73.95  	 39.04
2003	   3	  14	  11	 48.12  	 81.23  	 80.95  	 79.24  	 82.44  	 84.00  	 80.59  	 76.97  	 76.41  	 74.28  	 37.53
2003	   3	  28	  11	 47.20  	 84.03  	 79.69  	 79.98  	 82.54  	 84.10  	 80.19  	 77.77  	 77.84  	 74.22  	 37.78
2003	   4	  15	  11	 37.55  	 65.86  	 69.05  	 74.24  	 82.62  	 83.97  	 79.14  	 77.29  	 75.66  	 73.67  	 37.44
2003	   4	  30	  11	 44.58  	 71.81  	 73.89  	 81.99  	 84.71  	 85.36  	 81.20  	 78.69  	 78.19  	 74.89  	 37.84
2003	   5	  14	  11	 46.68  	 73.52  	 75.59  	 81.96  	 83.89  	 83.46  	 80.96  	 78.67  	 77.02  	 74.23  	 38.30
2003	   5	  29	  11	 46.67  	 74.13  	 78.20  	 80.99  	 85.78  	 85.21  	 80.20  	 78.99  	 76.49  	 74.27  	 37.46
2003	   6	  13	  11	 53.65  	 86.60  	 78.29  	 81.95  	 85.10  	 84.24  	 80.37  	 78.58  	 77.94  	 74.79  	 37.39
2003	   6	  27	  11	 41.49  	 64.42  	 65.92  	 72.31  	 81.42  	 81.42  	 80.27  	 77.90  	 77.33  	 74.24  	 37.95
2003	   7	  15	  11	 20.76  	 39.43  	 51.04  	 63.94  	 77.35  	 77.92  	 79.07  	 78.06  	 76.49  	 73.91  	 37.78
2003	   7	  31	  11	 19.44  	 37.18  	 47.33  	 62.91  	 77.35  	 79.99  	 79.99  	 77.77  	 76.49  	 73.56  	 37.14
2003	   8	  14	  11	 17.44  	 28.95  	 40.54  	 57.45  	 76.66  	 77.52  	 78.68  	 79.25  	 77.88  	 74.21  	 38.01
2003	   8	  29	  11	 12.50  	 19.29  	 26.87  	 49.17  	 72.76  	 74.42  	 75.58  	 76.73  	 77.81  	 75.00  	 38.08
2003	   9	  16	  11	 28.07  	 47.76  	 46.34  	 52.69  	 71.10  	 71.81  	 75.17  	 76.38  	 77.24  	 74.24  	 37.66
2003	  10	   1	  11	 32.63  	 40.60  	 42.65  	 53.71  	 69.57  	 72.55  	 73.19  	 74.32  	 75.17  	 73.75  	 37.55
2003	  10	  31	  11	 24.55  	 35.67  	 37.45  	 51.26  	 69.27  	 70.34  	 72.61  	 73.61  	 76.03  	 73.54  	 37.20
2003	  11	  26	  11	 40.39  	 62.76  	 65.03  	 67.80  	 71.92  	 70.78  	 71.28  	 72.56  	 75.75  	 73.69  	 37.31
2003	  12	  31	  11	 36.32  	 66.54  	 69.74  	 72.80  	 78.70  	 80.33  	 77.49  	 77.13  	 75.57  	 73.93  	 37.71
2004	   1	  30	  11	 46.75  	 77.99  	 77.35  	 78.70  	 82.12  	 82.83  	 77.99  	 77.92  	 77.42  	 74.21  	 39.07
2004	   2	  27	  11	 39.11  	 73.70  	 76.46  	 78.37  	 82.27  	 83.40  	 79.22  	 77.03  	 76.39  	 72.92  	 37.17
2004	   3	  12	  11	 40.74  	 76.30  	 77.79  	 79.50  	 83.92  	 83.56  	 79.36  	 78.15  	 77.72  	 73.87  	 37.40
2004	   3	  31	  11	 52.31  	 84.71  	 79.81  	 78.04  	 82.51  	 83.29  	 79.74  	 78.11  	 76.26  	 74.14  	 36.57
2004	   4	  15	  11	 42.92  	 67.32  	 68.46  	 74.68  	 83.05  	 83.84  	 80.19  	 78.11  	 76.90  	 74.04  	 37.91
2004	   4	  30	  11	 40.18  	 67.86  	 71.24  	 75.62  	 83.60  	 85.25  	 81.37  	 79.00  	 78.14  	 75.55  	 37.34
2004	   5	  12	  11	 40.10  	 65.83  	 67.77  	 74.07  	 81.66  	 84.31  	 80.23  	 79.15  	 77.65  	 74.57  	 37.32
2004	   5	  26	  11	 47.66  	 71.93  	 73.79  	 77.52  	 84.27  	 85.06  	 79.39  	 78.46  	 77.88  	 75.66  	 37.87
2004	   6	  15	  11	 41.07  	 60.65  	 63.87  	 70.44  	 81.43  	 80.08  	 80.29  	 78.72  	 77.36  	 72.86  	 37.18
2004	   6	  30	  11	 33.35  	 58.07  	 62.65  	 70.32  	 80.64  	 82.22  	 80.21  	 78.06  	 77.20  	 74.69  	 38.24
